-2.994985207835475727e+00 2.515970840688810939e-02 3.248979051073573032e+01
-5.442321009215564054e+00 3.118920270311454496e-02 3.610388550872749391e+01
-8.884119020024689561e+00 1.910605264347482041e-02 3.535516949494160599e+01
-1.132813876609090187e+01 4.201381140265633696e-02 3.020749203581981845e+01
-1.383160661490828502e+01 1.256632898410168786e-01 3.060748266468131362e+01
-1.477980858019860122e+01 9.025068970465333074e-02 3.049766180106572122e+01
-1.515041541688317395e+01 5.014079723106352748e-01 2.985378934933776307e+01
-1.651672609876896303e+01 2.360021924694395867e+00 2.851663355570413216e+01
-1.884207622626377088e+01 5.257245248887016942e+00 2.230734300793514180e+01
-2.032996216534437295e+01 7.360638703565935081e+00 1.819127355504209120e+01
-2.173490122907647759e+01 9.224669581599668433e+00 1.825151296156362335e+01
-2.245231621384863629e+01 1.267251517947525485e+01 1.768956669583567987e+01
-2.336556412784823777e+01 1.703064037018688381e+01 2.043410473751078271e+01
-2.184116845555874420e+01 1.896915186743190418e+01 2.646511485174432821e+01
-1.956980873482606853e+01 2.179335536551469588e+01 2.766730644958350283e+01
-1.925522195180348106e+01 2.238494744998384078e+01 2.772961212726420399e+01
-1.691741491626429550e+01 2.265195061438011237e+01 2.747901724462369089e+01
-1.307478742762916823e+01 2.335863729004946165e+01 2.617619751291257657e+01
-1.175513525356756439e+01 2.347982969715028645e+01 2.602522269489086426e+01
-1.518902500911113229e+01 2.374904804012829729e+01 2.877416724475509824e+01
-1.885407611949199946e+01 2.378263431129160210e+01 2.616016955233075336e+01
-2.113691221994743330e+01 2.386737369209570048e+01 2.621183453843176636e+01
-2.118595935851580592e+01 2.327435322879702184e+01 2.689634757849307434e+01
-2.183992255803268989e+01 2.070026517597986526e+01 2.284592304565077470e+01
-2.266645264897973178e+01 1.709914452218098191e+01 1.923494889135343655e+01
-2.272518867419122301e+01 1.594671245425850969e+01 1.905973329263707683e+01
-2.293495444366903868e+01 1.448895536745629897e+01 1.646213088425231774e+01
-2.339892520739235948e+01 1.067893740503849465e+01 1.618987861695491048e+01
-2.349790668951851558e+01 9.009002592430251255e+00 1.629011083919322544e+01
-2.354525377497778749e+01 1.042325186631161493e+01 1.653552331007363563e+01
-2.348960896407666255e+01 1.424496912012640415e+01 1.809728172458119388e+01
-2.355056709096087530e+01 1.675460630478043811e+01 2.315527305344422615e+01
-2.353095216727001571e+01 1.862568845312623367e+01 2.316080638553569671e+01
-2.111687449986760257e+01 1.924872376682500530e+01 2.491479167339166878e+01
-1.851686430896092261e+01 1.987757911797996968e+01 2.552679004140582109e+01
-1.638660302936947133e+01 2.044537598266435907e+01 2.548426588006287119e+01
-1.356653272346810901e+01 2.120020149300327361e+01 2.641862864477174355e+01
-1.102787042185090804e+01 2.206914535083228301e+01 2.464115626148968730e+01
-8.713892775306895544e+00 2.293180906267995312e+01 2.073657299233413909e+01
-7.235192275289546338e+00 2.318292616580248477e+01 9.218694174401660391e+00
-3.618664293304386437e+00 2.354802034483596174e+01 6.960517899244031526e+00
-7.278220794344558708e-01 2.382700778156242549e+01 7.253265621902500015e+00
1.108212947358480083e+00 2.385588502772430175e+01 1.093637201229281430e+01
7.242569354703475071e+00 2.381279905586583467e+01 1.025061837701629308e+01
8.385396517279781747e+00 2.387379111647096863e+01 8.705652314335317499e+00
1.227332730448658005e+01 2.376678307845686078e+01 7.570921509707735808e+00
1.536742723333835592e+01 2.379282495776208961e+01 6.257666869678505606e+00
1.593387347821499844e+01 2.330885828403753735e+01 1.617782393617489989e+00
1.789652246156288129e+01 2.211913951201711726e+01 2.846521698020225255e+00
2.016505818681623907e+01 2.075138264774296459e+01 4.142913122557665417e+00
2.206128791198818817e+01 1.947088080707308322e+01 3.976177659062017700e+00
1.813655020222608272e+01 1.937167975311136914e+01 -3.323756326503110259e+00
1.553535446603663317e+01 1.935699758116247793e+01 -2.803341501954962567e+00
1.393152990000969460e+01 1.955406777622865278e+01 -1.983430600854370729e+00
1.148367204432831024e+01 1.967487567365859036e+01 4.158150719715836274e+00
7.780906197428690163e+00 1.982843669628606165e+01 7.362817234912568232e+00
5.270373229932669545e+00 2.003527863824901445e+01 8.443417665249494775e+00
1.829174261632524834e+00 2.066074784465006786e+01 7.650778678129722898e+00
-1.823493100934541755e-01 2.103769668412962446e+01 7.664010724122300999e+00
-1.268578688001973376e+00 2.079996406756797711e+01 6.667689063984943765e+00
-5.023441566348860299e+00 1.994591956386295095e+01 1.647860957222625089e+01
-6.235724223728317916e+00 1.955410710160817800e+01 1.733421421668206008e+01
-8.256635358672602010e+00 1.877469020099486841e+01 2.673747387182792323e+01
-1.048220766962252348e+01 1.784577905258669972e+01 2.691411234727281254e+01
-1.255174284406896668e+01 1.704913133295503158e+01 2.697660549127191842e+01
-8.961056366214732449e+00 1.687558385173031894e+01 2.627684792232662048e+01
-5.136890951053493026e+00 1.668564101978654435e+01 2.236080139020008417e+01
-4.483501375900877051e+00 1.661289479054262586e+01 2.222332798465196646e+01
-2.026021615026139422e+00 1.683191554418305458e+01 8.668483675479269124e+00
4.802913856003369064e-01 1.699092523025252888e+01 5.776447911718749495e+00
2.897190831319288229e+00 1.716383094225637151e+01 5.570090707229509164e+00
4.852261096623712966e+00 1.686802605645031150e+01 4.501141142167508491e+00
7.369406658144161071e+00 1.641009474756173603e+01 1.805261161472761167e+00
1.088631528057163145e+01 1.597467175389655303e+01 9.452030979541575784e-01
1.272615479018135076e+01 1.581557760242492883e+01 -4.640287572842315633e+00
1.518045842216891117e+01 1.578572679828569392e+01 -5.452861262644409734e+00
1.895502601656172459e+01 1.561296317061196248e+01 -4.362982087041961776e+00
2.181390257409058009e+01 2.134014837879309212e+01 9.052133536780226919e+00
2.223287184089118185e+01 2.216799173041503934e+01 9.115255508557048358e+00
2.248558751046419957e+01 2.028785692046983868e+01 5.226134864228044741e+00
2.283970384712921131e+01 1.795420347449872267e+01 7.348003629804104264e+00
2.324877833494246815e+01 1.531254482001305739e+01 7.698224194659534447e+00
2.363332871127032675e+01 1.355406067752402421e+01 7.660780398863956897e+00
2.361837090653120441e+01 1.134871299665578448e+01 3.561850954085707954e+00
2.363723193049905902e+01 8.753770951554056268e+00 2.189082931881024319e+00
2.367276209052425173e+01 7.168987494624576406e+00 2.144848168547945910e+00
2.367367077805639752e+01 8.367136722374564073e+00 2.697808067946356747e+00
2.366470694145037257e+01 1.235128107859859981e+01 7.582031208047660620e+00
2.372840541081758303e+01 1.466422119577617522e+01 7.630528728105002045e+00
2.367431100519959486e+01 1.711598262038614493e+01 6.620292421122019100e+00
2.355959815187726392e+01 2.184342693715961659e+01 1.050344457736142445e+01
2.355104982209488185e+01 1.811082664354056249e+01 6.663011537071458434e+00
2.359115938617954455e+01 1.569424667145376162e+01 7.949028422877929323e+00
2.350543591008941391e+01 1.304778123561463055e+01 4.790462877950496967e+00
2.358561229372724810e+01 9.435644282841508357e+00 2.111682291962828639e+00
2.364961507453958944e+01 6.934716813209822917e+00 2.054942621658636615e+00
2.220499991145113938e+01 7.752751236234014520e+00 -3.799312654603736461e-01
2.008985776969496939e+01 9.140257294123960818e+00 -3.567077500539153956e+00
1.798615752268384682e+01 1.058145287392198242e+01 1.048357585167756234e+00
1.675715472047878052e+01 1.137581320849277233e+01 1.049931306511001639e+00
1.458527171396394451e+01 1.175765272294972341e+01 6.527321267541537075e+00
1.216389162307538996e+01 1.200993249321408918e+01 8.659850431921356062e+00
1.011434379232990999e+01 1.240289762441726751e+01 7.599607788152328069e+00
7.784037683197079893e+00 1.241325350502480163e+01 7.780981409012880157e+00
3.955711505378682435e+00 1.268143996320854683e+01 1.073356627528924356e+01
1.964708405882782838e+00 1.288948714894038083e+01 1.236233170382909030e+01
4.550146105893208004e-01 1.285946502880313957e+01 1.702023939134598507e+01
-3.138683927227361004e+00 1.263318781448021433e+01 3.010100437887604485e+01
-4.199656714811768943e+00 1.279268022597528009e+01 3.014196128327063207e+01
-5.851180871529702010e+00 1.275669952223671366e+01 3.146543394926706227e+01
-9.485079526351050561e+00 1.259949125563126771e+01 2.721488669130315330e+01
-1.117844812083879624e+01 1.256787012902825573e+01 2.692280462721590339e+01
-1.209794090239668307e+01 1.046198507676287015e+01 2.833941680467491864e+01
-1.336549915887505513e+01 6.790931920174832825e+00 2.940177925142847926e+01
-1.388396633741352204e+01 5.794274918383774065e+00 2.938791540333533803e+01
-1.461870419005699517e+01 5.157674920215207237e+00 2.726942707583327064e+01
-1.681611233151748408e+01 4.147533606231696091e+00 2.864406571746038566e+01
-1.997819786171635670e+01 2.371870888631177010e+00 2.828841367939651619e+01
-2.081285793382797422e+01 2.831388278451134055e-01 2.846817793670480157e+01
-2.277886673657054217e+01 -5.136957569177276639e+00 2.544550783865649279e+01
-2.286448994328973328e+01 -6.330339717183155024e+00 2.845749262476125097e+01
-2.309799739551218423e+01 -8.840945391280364163e+00 3.130141033650788529e+01
-2.316659497227930231e+01 -1.121498977808834141e+01 3.142497947797437519e+01
-2.303774365874543406e+01 -1.020565809866337403e+01 2.759745425851435030e+01
-2.334290811346956218e+01 -7.919296499084738983e+00 2.486712068292380451e+01
-2.342561248163002929e+01 -3.990374782244141549e+00 2.468418677913294346e+01
-2.366303011728236427e+01 -3.120616011508374754e+00 2.469079927290844267e+01
-1.980827128445588770e+01 -2.904332935463744825e+00 3.476408807923940003e+01
-1.718718241342225639e+01 -2.788552848688564012e+00 3.596372367010503979e+01
-1.561634950173558245e+01 -2.497000356797369314e+00 3.586439861534447004e+01
-1.304222149569956990e+01 -2.280935655473678825e+00 3.472509333252896369e+01
-9.252423131029978265e+00 -1.884924697986932962e+00 3.588997885192406301e+01
-8.321304160766166191e+00 -1.559149033920195215e+00 3.561344279460679729e+01
-4.640420443704554643e+00 8.238898280884297820e-02 3.422421930032970039e+01
-1.916503611675529850e+00 1.300664486908693629e+00 3.135345493267189809e+01
9.619612538064009621e-03 3.112273186391462776e+00 2.493378814355059347e+01
1.847123855055746722e+00 4.708202972605670666e+00 1.994566759967971947e+01
4.051973108436268234e+00 6.716013043903807045e+00 1.713937673290464048e+01
7.243286772436756671e+00 7.455483877250046021e+00 1.779109444982644206e+01
9.620990705936781850e+00 7.992550594069802727e+00 1.704609701517789233e+01
1.188211677379960562e+01 8.334238423235001747e+00 1.422518112834777249e+01
1.384020002775810276e+01 7.644982578772146375e+00 5.121615883766786226e+00
1.742473996135862180e+01 6.604382295031743233e+00 -1.716061554320943650e+00
1.964453907584073988e+01 5.860114163218050898e+00 -7.246527530185771226e-01
2.008143195339791731e+01 4.632738253323216426e+00 1.685303738611580116e+00
2.128376208765278577e+01 2.187585221664340107e+00 3.752701786704421671e+00
2.283258167327786836e+01 -1.555310033751078347e+00 5.365832176384506269e+00
2.308812646677551328e+01 -3.632546302840433672e+00 1.500705467644407243e+01
2.338445011847487365e+01 -7.361828628984051548e+00 1.595787212757243090e+01
2.357391568229674306e+01 -9.110332679958174751e+00 1.660187419352481797e+01
2.366648152786690318e+01 -1.314079663725750891e+01 1.577261996287797352e+01
2.383954312941384401e+01 -1.532312734884303751e+01 1.587265916253552511e+01
2.333670281607631480e+01 -1.628577723997872084e+01 1.502745405518293609e+01
2.138095541064491201e+01 -1.964696731099181548e+01 1.724166071780056342e+01
2.019013670688810080e+01 -2.187428428329855379e+01 1.730960535063542949e+01
1.978996076009440586e+01 -2.237373627262325471e+01 1.737046760593345596e+01
1.978288308773053927e+01 -2.117897130187187216e+01 1.534451368367136048e+01
1.985029691175018485e+01 -1.874321198173888803e+01 1.509019590150498935e+01
2.013228140379382936e+01 -1.376174542659967770e+01 1.502459565124145513e+01
2.022847722656339542e+01 -1.215758306785901155e+01 1.918720810574272306e+01
2.041935517964995483e+01 -8.132388873259756679e+00 1.981612995631085994e+01
2.038617666579232690e+01 -6.948768828794601227e+00 1.909253813630523666e+01
1.988509749511122848e+01 -5.321422636325370270e+00 1.078807187136118273e+01
1.910041650190843754e+01 -2.879284315917904014e+00 8.583807451594264393e+00
1.848588101539048267e+01 -2.900128239820859988e-01 8.587770626860800505e+00
1.620741703222411090e+01 7.424708104440967960e-01 1.372740111489715531e+01
1.300087952792295987e+01 2.064863477032702122e+00 2.030051904978293820e+01
1.123497750110427340e+01 2.889168526488773647e+00 2.155500205117531110e+01
1.028521010120143409e+01 2.805275481911150948e+00 2.636215238692090423e+01
6.740439918814582043e+00 1.691272541501904536e+00 2.435494497011892179e+01
3.534025225318507601e+00 7.332428199866949381e-01 2.510457032715869730e+01
7.365533055631455994e+00 -1.910990613976041586e-01 3.187366834981290609e+01
1.133049083053760775e+01 -1.439658192234980927e+00 3.015933245837924304e+01
1.165784787311341120e+01 -1.575947296580997969e+00 3.005425733088711127e+01
1.419226631811625339e+01 -4.322326560369599058e+00 3.039267688518470933e+01
1.587021836280889175e+01 -6.268208091012063221e+00 3.037494543460395136e+01
1.625028930566667640e+01 -8.151625944646498922e+00 2.592055758457527759e+01
1.702901391730997460e+01 -1.180808924556261452e+01 2.167167313983572896e+01
1.749311258644015155e+01 -1.404725068644184560e+01 2.173283586822280711e+01
1.784439333023861352e+01 -1.437937406510625671e+01 1.938378037379739638e+01
1.921685890858149648e+01 -1.624885690468797250e+01 1.378139721969399822e+01
2.170115886699142393e+01 -1.910662203455190067e+01 1.627019401969252144e+01
2.246624891179216377e+01 -2.017690152525999281e+01 1.652496868763637394e+01
2.091268077554736493e+01 -2.087734302580784984e+01 1.734203837653887703e+01
1.748646244439585473e+01 -2.216543379712399897e+01 1.731093998330706896e+01
1.496050638636357810e+01 -2.279560000741562575e+01 1.748704804866355644e+01
1.470290754928287491e+01 -2.304550878243961520e+01 1.756914360178228307e+01
1.446398995397020393e+01 -2.028641946016128017e+01 2.114594646549793922e+01
1.419571440449733224e+01 -1.774355409025397279e+01 2.511334417115393691e+01
1.399345298094511314e+01 -1.473461878855486340e+01 2.504393066267965651e+01
1.369381411994295838e+01 -1.385660855785948087e+01 3.076972807407856436e+01
1.255190895572981091e+01 -1.146658853695101143e+01 3.523627442939662302e+01
1.117070229639036505e+01 -8.128718201613535754e+00 3.694506682930582286e+01
1.062611770266854094e+01 -7.260830155248813256e+00 3.690518079747863567e+01
1.021937837709707253e+01 -7.145371065423246293e+00 3.417527697612045756e+01
7.988232662111359517e+00 -5.779042705270694746e+00 3.496033943049526727e+01
5.899761166579710725e+00 -4.601356314992489871e+00 3.433323233720045664e+01
4.506909376422360225e+00 -3.713850679738010641e+00 3.428591030117836169e+01
2.732276686253984899e+00 -3.613428384893291767e+00 3.333356839820587680e+01
-8.340373226502093562e-01 -3.676806810072675180e+00 3.078553387689507659e+01
-2.097615123049708430e+00 -3.586757356592443546e+00 3.085942996773487224e+01
-3.838808339929021152e+00 -3.848590600885814172e+00 3.433217528034174393e+01
-6.378405446873445683e+00 -4.194033457607742932e+00 3.646590629487665325e+01
-8.812099284919364450e+00 -4.428761245572537142e+00 3.640136023778495655e+01
-1.122480570451345905e+01 -5.151256390439198363e+00 3.960012429207728246e+01
-1.380039391089336576e+01 -5.787934993554835650e+00 4.402356906483456811e+01
-1.669790088109852277e+01 -6.592357996659984565e+00 4.116867827696208337e+01
-1.942693005732691347e+01 -9.182174482292744244e+00 3.628654585192444415e+01
-2.123353274807932678e+01 -1.106747711544906210e+01 3.392565738282613808e+01
-2.235002899720914371e+01 -1.233996666786132934e+01 3.397173026847400479e+01
-2.285612560823658512e+01 -1.501730748995949760e+01 3.296458388462513511e+01
-2.330783815604599951e+01 -1.745438594023594447e+01 3.174412003209146960e+01
-2.356437180082665606e+01 -1.889731936313766525e+01 3.184152904774271420e+01
-2.216974598907787097e+01 -1.957626653653356286e+01 3.860200953409899682e+01
-1.907257777102445218e+01 -2.158812648762178554e+01 3.376702312675304540e+01
-1.718824031802504138e+01 -2.265620495961587011e+01 3.344125700275019852e+01
-1.712021057236428234e+01 -2.015387848062870901e+01 4.576054185632676052e+01
-1.692630518828848096e+01 -1.644031569528985059e+01 4.577023394539371992e+01
-1.682177134007818253e+01 -1.473891414580292647e+01 4.494170251123200188e+01
-1.523455062099760404e+01 -1.354330006917050433e+01 4.540148507751943896e+01
-1.317694334732088990e+01 -1.193258410449555740e+01 4.688157073997377466e+01
-1.135094660705968650e+01 -1.052387170049176390e+01 4.552750311808498651e+01
-8.751697711946643921e+00 -9.972751041976136932e+00 4.478644831568270490e+01
-4.879162758033180225e+00 -9.130998265357186838e+00 3.574183721827967730e+01
-3.529823482572294946e+00 -8.842272370055637154e+00 3.379493953038189602e+01
-1.004576889765941949e+00 -9.354330220087426540e+00 3.146881902564404854e+01
1.538851661207941923e+00 -9.940475426808481174e+00 3.148726774154753016e+01
2.994813247105932330e+00 -1.027020741295155304e+01 3.132666240089568888e+01
5.312610076249472790e+00 -1.274000765003749436e+01 3.113338742507555779e+01
7.679095400715613806e+00 -1.519151673516712542e+01 3.104632062484954602e+01
8.952666139706634496e+00 -1.807567968296200789e+01 2.654453369532525642e+01
1.056336270336929140e+01 -2.145782077385601028e+01 2.328491919564628176e+01
1.080318459233519945e+01 -2.175404445661599695e+01 2.334569982076035899e+01
1.328072303759482331e+01 -2.208656986851365289e+01 1.701068313935109089e+01
1.710417949068456167e+01 -2.256626326670396310e+01 1.763108390835256500e+01
2.078338188294267397e+01 -2.317984710303550600e+01 1.801789954818760719e+01
2.141241664040984460e+01 -2.327476106481217144e+01 1.807773732729154048e+01
1.874972756561317766e+01 -2.335896699344192839e+01 1.695162686752608749e+01
1.618406532045366930e+01 -2.341802543181037066e+01 1.790522985418088098e+01
1.375791180058169516e+01 -2.364549514642338934e+01 2.170638011899682951e+01
1.112577018622730129e+01 -2.370890483665721860e+01 1.960631730770802506e+01
9.726548293150790059e+00 -2.378951689637309741e+01 1.969802963203900958e+01
7.365401899846490963e+00 -2.372526168860912676e+01 2.008314820568784498e+01
3.746129237270675372e+00 -2.379025100108427182e+01 1.996486882535563723e+01
3.024882391420758321e+00 -2.371297472332351930e+01 1.986223091911112348e+01
2.408912990167670021e+00 -2.243853052873311782e+01 2.127564077639876672e+01
4.473343350720991873e-01 -1.914515405408188897e+01 2.474084984107524932e+01
-6.957681694448440979e-01 -1.712104858780266170e+01 2.893515104987687536e+01
-3.582961108691327112e+00 -1.797870642519477613e+01 3.619322190062399613e+01
-5.737917915019671966e+00 -1.863309921614344589e+01 3.798072282835321545e+01
-1.064917482505746626e+01 -2.037651050022039101e+01 3.504057075699282109e+01
-1.300082902764579096e+01 -2.109812407191306960e+01 3.673783411835437107e+01
-1.670337318188233766e+01 -2.218559770212703341e+01 3.147224607405442143e+01
-1.975614688973951516e+01 -2.321691004727284735e+01 3.135406088196608820e+01
-1.704452658310851021e+01 -2.334834681059688677e+01 3.232763104945798460e+01
-1.320666066191844656e+01 -2.365674258031420507e+01 2.929724895079805691e+01
-1.072031356725047146e+01 -2.379974536390074391e+01 2.896107675411049343e+01
-1.104774161423335066e+01 -2.362632608187380612e+01 2.995793659225301298e+01
-1.360898285547820485e+01 -2.383147727378637626e+01 3.198874906467181134e+01
-1.603856262117236753e+01 -2.375740016577627145e+01 3.095356346843008311e+01
-1.981777528289685364e+01 -2.366931857122053628e+01 2.789921286095746567e+01
-2.182239454988712524e+01 -2.370340635222784798e+01 2.782006402830512926e+01
