-3.094950280124843189e+00 7.924231480634702507e-02 3.249092466688435366e+01
-5.052319841084265128e+00 -8.846173687765965243e-02 3.533788079456757458e+01
-7.555822672300106291e+00 -8.004596126347804375e-02 3.626229919599199292e+01
-1.019029855563916520e+01 -4.916205641832811085e-02 3.556857474048546663e+01
-1.629668960691227753e+01 9.723644116694254991e-02 3.158653879344356952e+01
-1.872136791515876197e+01 8.340933727231830686e-02 3.119667117841233761e+01
-2.142303371261780853e+01 2.541541341081459127e+00 2.464664675096990365e+01
-2.226712958137727938e+01 4.344581698383155555e+00 1.837579849650375863e+01
-2.324301316465567524e+01 8.481581705455027986e+00 1.681162630156843818e+01
-2.362763335314892288e+01 1.173451355599263657e+01 1.616869847393513027e+01
-2.376995422088784693e+01 1.379677352533173540e+01 2.002128485770916200e+01
-2.392107598724009421e+01 1.670476685866657363e+01 2.321423547179573177e+01
-2.396710970649225558e+01 1.880147725684671300e+01 2.649798899914278749e+01
-2.395690478056493333e+01 2.164466807996251063e+01 2.626330588719683590e+01
-2.244160907224429735e+01 2.210362415106106226e+01 2.741073428433445969e+01
-2.006599840012147240e+01 2.292137986316985021e+01 2.899009834347791426e+01
-1.502283150626874075e+01 2.347855757275665667e+01 2.673001721744114434e+01
-1.725665897561585993e+01 2.192985154975324491e+01 2.657561621585452727e+01
-1.922716037424012825e+01 2.066400365050995447e+01 2.655727804720405061e+01
-1.457977183570550572e+01 2.241388924109995884e+01 2.566605626411200447e+01
-1.593213853871473340e+01 2.132441075698412902e+01 2.667377441420855888e+01
-1.776587528396546034e+01 1.990358231614280982e+01 2.427532568201757002e+01
-1.820555488098248986e+01 1.951431553681814890e+01 2.372885902158374094e+01
-1.630575285501107174e+01 2.082914106153532430e+01 2.583031203859897218e+01
-1.410171529811761992e+01 2.225341695893348515e+01 2.525556637161047746e+01
-1.191573730921032315e+01 2.297184473441710750e+01 2.553482023621420538e+01
-7.463849316876011386e+00 2.356934211850408900e+01 1.764854849003133452e+01
-5.004205785085014568e+00 2.377585042801647219e+01 1.272297390603640288e+01
8.953904086459567591e-01 2.386022062776260810e+01 1.028736493114324624e+01
3.337701153479648131e+00 2.378724882977404320e+01 1.089519356145909867e+01
6.980533383698039884e+00 2.380557050458737933e+01 9.363979713897178314e+00
8.941613697950403505e+00 2.320931562193683462e+01 8.278971609650261243e+00
1.113057610735911318e+01 2.077826593869960803e+01 6.948226550043032912e-01
1.405186997768059420e+01 1.885384125296128133e+01 -4.067030908479707385e+00
1.522539848397526896e+01 1.838260985547927007e+01 -5.765365920617343320e+00
1.577334156698402623e+01 1.852961446432474446e+01 -6.807243054712313501e+00
1.891490412765464768e+01 1.573008614925955051e+01 -4.685460372113846361e+00
1.912484479576477270e+01 1.449538447478934700e+01 -9.217521374968128400e-01
1.994352994923734101e+01 1.044936354958836588e+01 -2.007432477295527207e+00
1.700145603292852314e+01 1.312858225186411332e+01 -1.169265754068537388e+00
1.629231028198336517e+01 1.380960294899380791e+01 -9.811774861596983532e-01
1.755181070043288827e+01 1.516291529236859148e+01 -5.255211979652745669e+00
1.890607086791974112e+01 1.624158100856674736e+01 -5.351485049131421867e+00
1.774830255703337656e+01 1.627757545192974575e+01 -6.797517221995565073e+00
1.451670653117657572e+01 1.666152686616405632e+01 -4.859012428820092211e+00
1.305003484101129096e+01 1.687901920372011944e+01 -2.788916515341043567e+00
1.047483130185421807e+01 1.866414930387575311e+01 5.210356538716704122e+00
9.039855384440500075e+00 1.936144863777769487e+01 7.225892290600611112e+00
6.750118363987763104e+00 2.015343934964394279e+01 7.782541568881668148e+00
5.021346662775402869e+00 2.061809035435840798e+01 9.040222394259139094e+00
2.302159051257294475e+00 2.100277541332548026e+01 7.947256138711953355e+00
-7.325017831546166980e-02 2.112148328073405779e+01 7.513177922887416038e+00
-3.358106366350885441e+00 2.100462849984013047e+01 8.760733618198301542e+00
-6.925846842401427672e+00 2.071438678618866547e+01 2.306806867762923119e+01
-1.078303872721906487e+01 1.977284959242362916e+01 2.639744905958007948e+01
-1.284485391834097889e+01 1.907567822680731240e+01 2.471852740337084242e+01
-1.664894088814149598e+01 1.720117428796989500e+01 2.217363106002824580e+01
-1.885443142959594809e+01 1.591422164722812482e+01 2.114088043932414251e+01
-1.962670192297020932e+01 1.560449536232520629e+01 2.114448506765726066e+01
-1.972593468942276829e+01 1.501380179126917902e+01 2.076183274552347768e+01
-2.031166041833759195e+01 1.131116517686075618e+01 2.039843289815893357e+01
-2.076725269715578293e+01 1.362735875644661299e+01 1.994399638424923182e+01
-2.115332892355127470e+01 1.622734871582521876e+01 2.017127230807813021e+01
-1.802067687363171089e+01 1.559679374594247037e+01 2.464759005724992136e+01
-1.571379773753356623e+01 1.538534038933576653e+01 2.789814994221255873e+01
-1.311945886467261069e+01 1.605391947320852708e+01 2.775308124348963545e+01
-1.271422385769158936e+01 1.617220410038693146e+01 2.608097452789384718e+01
-9.123580492419403498e+00 1.720885799471306754e+01 2.548289778028743768e+01
-7.802096923373762927e+00 1.761807248509093426e+01 1.956564829099767877e+01
-3.577716386218965372e+00 1.833384855191040685e+01 1.065570463313338578e+01
-1.109627636466781198e+00 1.849639318863946613e+01 6.571641755985407229e+00
-5.897692433959857150e-02 1.855995121075889998e+01 6.480221502119175803e+00
1.522895225301235111e+00 1.731349527323267168e+01 6.012052722007814154e+00
3.340112172006007185e+00 1.583318810125259368e+01 5.314158845632550587e+00
2.336465546514284064e+00 1.585051612945342470e+01 1.156260059439596155e+01
-3.289594798538498233e-01 1.590795085217305349e+01 1.601151740871964435e+01
-1.730317308959806510e+00 1.577654793558855673e+01 1.603111765108545228e+01
-1.443671054354887795e-01 1.555853878548949254e+01 7.202210661355577415e+00
3.359268895365857155e+00 1.517523559001450018e+01 4.865030019949823981e+00
4.660667785850495015e+00 1.502808283167789405e+01 5.555328877133841381e+00
6.679558713211757315e+00 1.389986386288186715e+01 6.861253227528316678e+00
9.236951898840951358e+00 1.224663653317563039e+01 1.300222280587255241e+01
1.112693677317342278e+01 1.081506637400210913e+01 1.217811697255299386e+01
1.310244537961024136e+01 8.978667238672684903e+00 1.083155476217080171e+01
1.471231246220489020e+01 6.216987375540845129e+00 6.661802830545789256e+00
1.522181881558378436e+01 4.729690651106405852e+00 6.281223472364676041e+00
1.401328831658464757e+01 5.657601293138375453e+00 1.225941893109273195e+01
1.097097707298942559e+01 7.768127685541199590e+00 1.715163527522866715e+01
9.497716039923480125e+00 8.554898553420702711e+00 1.462646202128229511e+01
6.599911795843641293e+00 1.021213391923517655e+01 1.448944176012063245e+01
6.316487902908904495e+00 1.037974503585741637e+01 1.266656169624677020e+01
4.097783793149649689e+00 1.129876675325039237e+01 1.316777878341124541e+01
2.054965718537314245e+00 1.231503794771410298e+01 1.345359088543587411e+01
-1.643680094107137002e+00 1.427369522334636187e+01 2.017944330112073459e+01
-2.506561681952153009e+00 1.447749944597659777e+01 2.030970303083105932e+01
-3.873706563508162670e+00 1.462674068321804022e+01 2.945104655533434013e+01
-6.406717038880810122e+00 1.459700999623867723e+01 2.954247083503166849e+01
-8.742125994033610681e+00 1.397372971322571189e+01 2.672480104418890789e+01
-1.098668900650398328e+01 1.336788637325725659e+01 2.662540071382606399e+01
-1.133725846193510201e+01 1.330927411802660920e+01 2.653443989393831615e+01
-1.373733384875512975e+01 1.311499941197155117e+01 2.432776385454163304e+01
-1.588065074823735756e+01 1.287943397594161610e+01 2.433184389844711504e+01
-1.788796054415039194e+01 1.069246322812625927e+01 2.096318871220049829e+01
-1.917936273405862835e+01 9.228248274279856389e+00 2.064520658278751242e+01
-1.625930673702978879e+01 9.822609637460574916e+00 2.192124138678489231e+01
-1.425786256713726630e+01 1.017070824340599167e+01 2.305921008386703264e+01
-1.579307780941502237e+01 8.839000515624253040e+00 2.102187205230141842e+01
-1.813753107069836545e+01 7.096681277189346382e+00 2.149528824110475256e+01
-1.577977851028337852e+01 8.114065818364107230e+00 2.362746779084332616e+01
-1.353103840859054152e+01 9.061496471855354784e+00 2.543356058890890381e+01
-1.247710251339880116e+01 9.467554474961541899e+00 3.054994979609158534e+01
-8.831865234987025914e+00 1.051827175771597922e+01 3.039499709532002925e+01
-5.133154412090676466e+00 1.122412289809541974e+01 3.095575140024843819e+01
-3.937079367285531539e+00 1.128468093983214438e+01 3.056136289934825001e+01
-3.577473533428334296e+00 1.117691018670136849e+01 2.571339549522210177e+01
-1.364546372685879305e+00 1.026503619020901681e+01 2.093599468671477126e+01
8.207684921441551484e-01 9.292682648474183793e+00 2.004953595083350493e+01
-1.162539894137120555e+00 9.016424756095720028e+00 2.929509328813440661e+01
-3.468658804079473690e+00 8.811565737773655371e+00 3.301100134393215058e+01
-6.015653435584289888e+00 8.425113028263970349e+00 3.308645735006274435e+01
-6.243989530189888448e+00 8.209965809575820117e+00 3.435563123155584719e+01
-8.026661026430128132e+00 7.645247270648469318e+00 3.408845108623841469e+01
-1.246051900195873685e+01 6.332118728172308586e+00 3.003286967487199988e+01
-1.476372962178266768e+01 5.456412706826086811e+00 2.691097459406570280e+01
-1.708696167843220692e+01 4.271890882319233640e+00 2.687746975784819981e+01
-1.748920700091197489e+01 4.025198444135968501e+00 2.912863148416787951e+01
-2.033630337896896734e+01 1.799154139383510875e+00 2.699357687526651262e+01
-2.112728920056271775e+01 1.277334905909684792e+00 2.693218237133050863e+01
-2.163834168881873410e+01 4.954393805779898630e-01 2.674836787293186902e+01
-2.304401751243313257e+01 -2.448751672521705558e+00 2.554705804242676592e+01
-2.335207604911997947e+01 -5.427089257000385913e+00 2.617739971608914118e+01
-2.357822724085740873e+01 -7.468300871608900771e+00 2.709521531902837310e+01
-2.370088825869890314e+01 -9.860577143876291473e+00 3.007019801093308686e+01
-2.383890820528195320e+01 -1.251516941991687659e+01 3.127707324643322551e+01
-2.386806144034622434e+01 -1.488031476222978533e+01 3.186630704158161365e+01
-2.379253641441339795e+01 -1.743228610566735526e+01 3.199650875683543205e+01
-2.291360041120359625e+01 -1.976565180859605775e+01 3.299258372048571175e+01
-2.198270724321264424e+01 -2.214901319571704263e+01 3.164902253181763214e+01
-2.188028876532348477e+01 -2.055776019097557139e+01 3.709154902019116662e+01
-2.156773302559792072e+01 -1.815364921630882478e+01 3.812418644117689581e+01
-2.148873552230242368e+01 -1.708004942485466060e+01 3.812078353402554143e+01
-2.145025866757353228e+01 -1.481102663727991064e+01 3.750446972482701113e+01
-2.125128533302262923e+01 -1.299461999610056395e+01 3.709612158246974900e+01
-2.083078170244746374e+01 -1.509410616882544609e+01 4.139835143066631673e+01
-2.013560122119206497e+01 -1.767458935345063153e+01 4.118667270509359923e+01
-1.968838380775641639e+01 -1.957538456180401809e+01 4.026682513998464685e+01
-1.842488561427344251e+01 -2.149087126197600739e+01 3.489491350555020688e+01
-1.809356970995573377e+01 -2.231014297458082751e+01 3.494844917969303566e+01
-1.811391361991104532e+01 -2.179706147151127027e+01 4.239004747046671184e+01
-1.814368475684373294e+01 -1.949834435734525684e+01 4.513897801762181672e+01
-1.816518095453264436e+01 -1.727589078598991890e+01 4.527282660588311103e+01
-1.846876975866645054e+01 -1.506846076040233662e+01 4.135829459923669305e+01
-1.988334387990428809e+01 -1.098816242872837812e+01 3.689204637796765951e+01
-2.014997630515394178e+01 -1.040999949379118839e+01 3.694678105818251623e+01
-1.919944270250807250e+01 -9.418425818598169741e+00 4.111048813274282310e+01
-1.671800987398656346e+01 -6.707957632111308577e+00 4.118955006676087294e+01
-1.656698189275754274e+01 -6.364380083482521044e+00 4.203175123058656482e+01
-1.573551940867099574e+01 -5.664438639728509806e+00 4.203605495971785899e+01
-1.580928419389005946e+01 -6.329163974321459385e+00 4.495930063411722699e+01
-1.612142842559137179e+01 -1.011058804173256753e+01 4.601605120244413172e+01
-1.621011540822003383e+01 -1.059389057219971697e+01 4.588764622903622836e+01
-1.609002748169357133e+01 -1.139004008539980362e+01 4.592325471750005050e+01
-1.582481906796215299e+01 -1.557269056435686849e+01 4.663344642495410142e+01
-1.575779640640181611e+01 -1.649978632142556378e+01 4.669998803836487866e+01
-1.540338704027416128e+01 -1.484834958385534343e+01 4.506508456106974592e+01
-1.408441459720914501e+01 -8.803641450945516311e+00 4.658048207001407093e+01
-1.318998101475960461e+01 -7.341021454495147758e+00 3.940781692158680727e+01
-1.173404466477986929e+01 -5.118592305107383389e+00 3.676849265468364791e+01
-1.135259259888981376e+01 -4.404865879900753178e+00 3.677264015624266591e+01
-1.147056635550471348e+01 -3.427973338682623439e+00 3.370968212942690201e+01
-1.227759052797365236e+01 1.433599930514233567e-01 3.197524711855766810e+01
-1.245805809798910069e+01 6.483399451801078461e-01 3.197260997823162043e+01
-1.130801054870005196e+01 -3.385972936591670479e-02 3.591448951919107202e+01
-7.911158429708873285e+00 -1.609139783375717059e+00 3.590078174563884517e+01
-8.777426391427640695e+00 -3.456001551235649227e+00 3.911735118104962794e+01
-1.006096430715037116e+01 -6.311075118769763570e+00 4.166943846574378796e+01
-1.074449032683949845e+01 -8.053760712561544466e+00 4.305971039370230358e+01
-8.568564379648099916e+00 -6.200189109273469334e+00 3.807111103954817821e+01
-6.828432396576618935e+00 -4.882864344856247207e+00 3.654809789240580642e+01
-5.115180393096427025e+00 -3.973972454892332085e+00 2.963837791581688208e+01
-2.032761325707889810e+00 -2.127316109965540214e+00 3.070908258534335289e+01
5.275688603479189442e-01 -7.251524644797747721e-01 3.251730099327577506e+01
2.028564471642440470e+00 -1.403404001927889833e-01 3.117028431052498405e+01
4.585728604644682349e+00 -1.271516683809973181e+00 3.147411530149519621e+01
5.518377539348916727e+00 -1.729951862949967056e+00 3.397204018503698819e+01
9.318812516627222209e+00 -2.967268669468000830e+00 3.502770884765673287e+01
1.085574346765995912e+01 -3.693310378133042082e+00 3.395595060640405904e+01
1.244497176131710248e+01 -4.549900859797209485e+00 3.315378155192051679e+01
1.005130772847802234e+01 -4.653769371189800275e+00 3.503535719861467612e+01
7.844017684926479106e+00 -4.498330599472817326e+00 3.459651469472052554e+01
7.327305190277889402e+00 -4.472160302945717980e+00 3.454201702634603777e+01
7.648706488847326845e+00 -4.500523200183960348e+00 3.390460370035704329e+01
9.785706887234338680e+00 -5.729490966802192276e+00 3.628862304819185880e+01
1.217604445578322192e+01 -7.044628366232197791e+00 3.606147434448106281e+01
1.399922614813943866e+01 -1.001789854091546772e+01 2.671894603925251488e+01
1.473339697904623513e+01 -1.134727441218123722e+01 2.650046079144274813e+01
1.445365017967292154e+01 -1.636432007199121941e+01 2.333585009047581948e+01
1.409685681756304909e+01 -1.706260055976188994e+01 2.132809371369945595e+01
1.298223263859986965e+01 -2.196833485637966277e+01 2.126921655868353866e+01
1.084376686819252100e+01 -2.169559037683962543e+01 2.369965507569891727e+01
8.297748621624762677e+00 -2.126519067025943599e+01 2.362630850032383378e+01
7.981328736236928734e+00 -2.110614595319215070e+01 2.356686869980010357e+01
9.424651005631458744e+00 -1.866739631345955530e+01 2.671624744105469063e+01
1.050758378492471046e+01 -1.663586168308607327e+01 2.721816663515925327e+01
1.077125093293769531e+01 -1.442096963953974331e+01 3.251819201925854941e+01
1.116020361036003194e+01 -1.216158372894134843e+01 3.329832730220054771e+01
1.100294330534060805e+01 -1.157085904296635803e+01 3.337046763425738760e+01
9.289030573175775629e+00 -1.392972614471963233e+01 3.183855137350396802e+01
8.057136025990665473e+00 -1.555437676916468703e+01 3.049514994118068856e+01
6.924334909368533353e+00 -1.671316685474243968e+01 2.251709573941928255e+01
5.117681699408789697e+00 -1.845229024566407006e+01 2.189908326163309837e+01
4.437112137578737681e+00 -1.912215015555284126e+01 2.186176841670818760e+01
3.593226876789034296e+00 -1.920223769049717077e+01 2.100069461509440671e+01
3.287117966483546372e+00 -1.925619488657300948e+01 2.044774335591454317e+01
1.273799986496629844e+00 -1.823768172195622839e+01 2.579451620513541954e+01
-8.642176930331972873e-01 -1.712182524536503081e+01 3.016968567145991287e+01
-1.238008452768600165e+00 -1.695522763776677522e+01 3.009543436541481043e+01
-1.849541729782809618e+00 -1.618144234547477822e+01 3.815103717557894925e+01
-3.077727407488187517e+00 -1.444280304978508056e+01 3.988724635928820561e+01
-4.000227370607848165e+00 -1.274699828026822601e+01 3.994939053617382996e+01
-2.936009956264344467e+00 -1.325812131965418850e+01 3.127269751316961788e+01
7.171563738119819398e-01 -1.465374629336229795e+01 3.045347684311292724e+01
1.810417877715283064e+00 -1.497977620153840483e+01 2.892187387345025940e+01
3.330088366162752944e+00 -1.318486772323285550e+01 3.195557701117634153e+01
5.040483557481578281e+00 -1.104581087479413704e+01 3.249839296267997923e+01
5.910045223860850960e+00 -9.618443498901909194e+00 3.405755405578361206e+01
6.243717164918128226e+00 -8.958797009259326316e+00 3.420356678398222527e+01
5.553480694781833371e+00 -7.788729229781788277e+00 3.616006830021019880e+01
3.371388729772621051e+00 -5.151002091482348000e+00 3.548194900384802963e+01
3.217295289288035764e+00 -4.784725323053082846e+00 3.559500038710885406e+01
2.562429313163713474e+00 -4.825440488027464170e+00 3.561812185700033240e+01
3.434116285640942401e+00 -3.336564871266520793e+00 2.956447132488421659e+01
4.761914780078311260e+00 -7.411352445299831948e-02 2.476885579735150600e+01
5.244491207171792624e+00 8.738007178969263711e-01 2.477161103105552087e+01
3.381024440738192638e+00 -1.085074709775825541e+00 3.471957784543168657e+01
1.196017918412507930e+00 -3.694567225685105427e+00 3.471527218027191708e+01
-1.014581090895626092e+00 -6.133460105803243856e+00 3.199867802844863363e+01
-2.654894169028016560e+00 -8.206266651352850161e+00 3.687688153823918213e+01
-4.368767462980072125e+00 -1.025386068555067176e+01 4.436356553191105689e+01
-5.832872531843019459e+00 -1.210670736380588686e+01 4.746123937107275736e+01
-7.358799345042357665e+00 -1.420357824919837597e+01 4.520894082590771745e+01
-8.955960002496151873e+00 -1.603379013501190897e+01 3.924184535313194289e+01
-1.144568632328899227e+01 -1.904954677798931684e+01 3.681520542995485812e+01
-1.283356107638987531e+01 -2.090472625560362374e+01 3.399636908398446167e+01
-1.400444349016605905e+01 -2.221419064859587067e+01 3.406105430667017231e+01
-1.131220990507395108e+01 -2.281022986040744271e+01 2.984291074091536444e+01
-8.324357141400916760e+00 -2.331024744142094818e+01 2.835215727313170930e+01
