3.097489086115839729e+00 -7.890613157918713316e-02 2.817799391587739066e+01
6.491390087377019391e+00 3.358665985038949975e-02 3.105922158815515743e+01
8.976088636479925498e+00 -5.155773933504830681e-02 2.848582412748812231e+01
1.141304242891963128e+01 -3.628472240529763415e-02 2.292652851681111059e+01
1.381353271652633907e+01 4.962320265009936837e-02 1.688105655963069296e+01
1.627612205669527512e+01 8.883260370694034957e-02 1.000451151254138260e+01
1.868356502523805318e+01 1.358787658895067307e-01 6.607275883191101151e+00
2.129711486127888520e+01 2.382290858058619065e+00 3.185242427542778643e+00
2.181467997427930783e+01 3.262176455895341221e+00 2.076958726565405478e+00
2.309365906770238652e+01 6.895631752240062085e+00 1.788017119117500719e+00
2.334924211282993767e+01 9.549748333363035968e+00 2.972015373915577463e+00
2.369073763539861943e+01 1.194628462182353879e+01 6.113517138111914662e+00
2.357170773982390699e+01 1.504320572879482043e+01 7.977120123238837124e+00
2.381065941949780296e+01 1.746781643395619810e+01 6.258958925068404788e+00
2.390880589046282978e+01 2.016634767157440677e+01 7.301697051792840121e+00
2.189236299316748102e+01 2.131122427050540580e+01 6.446964931819933575e+00
1.982180065919169820e+01 2.276217610270283487e+01 4.272511917783583080e+00
1.796059908177451447e+01 2.303664820370470778e+01 4.472798915245016715e+00
1.547695995842830641e+01 2.353556802089048716e+01 6.021501790637098672e+00
1.514555063026652704e+01 2.349118348804378797e+01 6.158182945333513736e+00
1.656558734649734888e+01 2.361111346734188388e+01 4.263122440578805517e+00
1.905599636006099473e+01 2.378246099045124140e+01 6.893918265895498720e+00
1.967070059913157465e+01 2.371014938164930186e+01 6.767908094874663938e+00
1.852413925683454465e+01 2.384061279950672585e+01 4.461428632026668062e+00
1.605816516441228003e+01 2.366798625640409171e+01 6.790741958945570644e+00
1.395649223491970403e+01 2.384872429398827620e+01 7.309240192369196976e+00
1.564475897267473670e+01 2.256188838720955658e+01 3.233527378684525555e+00
1.753047368517578519e+01 2.087057790851533312e+01 -9.613386229639693248e-01
1.776870236718924900e+01 2.062468147796510465e+01 -9.961324467969294716e-01
1.497751606440820105e+01 2.197809221169673322e+01 4.883580350439600259e+00
1.289799078582959169e+01 2.287862005050394032e+01 5.992408939088058162e+00
1.329744610664636184e+01 2.258974144112965377e+01 4.441858748525059575e+00
1.617866488349875809e+01 1.988493377293454856e+01 -3.858474230011872841e+00
1.671630576398781542e+01 1.962376398015214107e+01 -3.780101100576697792e+00
1.467810368225288187e+01 2.103851270276357965e+01 5.330140692316343909e+00
1.208429524849600512e+01 2.287399033940430115e+01 6.344292603227826177e+00
1.316111104821037969e+01 2.139270912838033922e+01 -1.279734856920817121e+00
1.512907251022603461e+01 1.883662954894318275e+01 -5.005195134883726915e+00
1.656125275425554477e+01 1.774880470619012129e+01 -7.684699114705806799e+00
1.875195316992859773e+01 1.642660938523013314e+01 -5.167094986373162335e+00
1.924906219514834760e+01 1.615862716810000421e+01 -3.199986999856276881e+00
1.982331348349799782e+01 1.365387912071823884e+01 -4.453500379468225967e-01
2.009859991178587890e+01 1.147054654362216652e+01 -8.087279851596826941e-01
1.835790612657045884e+01 1.261119467916596548e+01 -1.636404642361632078e+00
1.583641794370764266e+01 1.416936322132355208e+01 -1.371745200198952075e+00
1.775828450906730183e+01 1.595671236375878976e+01 -6.193287014042255123e+00
1.958555314611557918e+01 1.755956373907302392e+01 -3.248925173843691283e+00
2.033715366140480540e+01 1.893948281495054786e+01 3.252688096207441593e+00
2.146886261842396948e+01 2.121540794235198035e+01 8.050332114172810805e+00
2.179088490886646312e+01 2.203523791852451197e+01 8.135587574809385103e+00
2.025256231749666824e+01 2.094561271627323862e+01 -4.090073948240627866e-01
1.820524361128515167e+01 1.958496485650364605e+01 -6.066254719663096040e+00
1.536144000485561278e+01 1.731566955288124277e+01 -7.074792905342776272e+00
1.182112960095133047e+01 1.664001955018323642e+01 -1.413763552164447379e+00
1.020097385571540194e+01 1.674568758371258426e+01 1.251656805854976406e+00
6.943350621211179963e+00 1.732251244882346697e+01 4.782104109283937809e+00
1.144634681289412725e+01 1.510152856148863876e+01 1.923274536613158947e+00
1.429826789924903885e+01 1.239822215532747229e+01 5.039503726280584850e+00
1.562003705697755329e+01 1.100797766737124483e+01 3.131331047583388205e+00
1.733108324025165459e+01 9.848549775387498428e+00 -2.639958460300660725e+00
1.826227286437710262e+01 9.194939599731464241e+00 -3.982870485253129367e+00
1.820666007799358255e+01 8.487580161726880235e+00 -2.720210606870013592e+00
1.858024668102590837e+01 5.925603217718067306e+00 5.824132265430159716e-01
1.883455701287560657e+01 4.450991477989351353e+00 1.187368884749700149e+00
2.050852576131563509e+01 2.283773497595774415e+00 3.415966511454357590e+00
2.170784878000901230e+01 -2.575041462315026952e-01 4.268401047071390231e+00
2.275314736059235798e+01 -2.292139202762373262e+00 6.221903653265063561e+00
2.340128441178364227e+01 -5.874792943590625427e+00 1.524138169285970612e+01
2.357042978545229062e+01 -7.913908018044462089e+00 1.619024079088352153e+01
2.367702036189050929e+01 -1.032705550984318599e+01 1.581571667039031048e+01
2.359453699683199446e+01 -1.447855710206883906e+01 1.551678786639630125e+01
2.382973179727497381e+01 -1.644554410660664345e+01 1.646756657386103129e+01
2.392724234006570327e+01 -1.945706797495262208e+01 1.668733882600932361e+01
2.277621978212271259e+01 -2.049701876995007055e+01 1.679480311150647864e+01
2.088578079958561062e+01 -2.190700787178690589e+01 1.741006216401300932e+01
2.004097242245545019e+01 -2.268732895899470847e+01 1.743635336736622321e+01
2.018114334765335016e+01 -2.116738090376366799e+01 1.568157281645858170e+01
2.061923893594724433e+01 -1.708459569524625010e+01 1.352244572985343929e+01
2.155855241576232473e+01 -1.865510286678308560e+01 1.487762926717220502e+01
2.299160044624692389e+01 -2.164101246651173938e+01 1.718391357864679136e+01
2.187898749158098255e+01 -2.199895044596079074e+01 1.764495713722554271e+01
1.972525555800640973e+01 -2.264828141938421169e+01 1.700092283922504777e+01
1.678588898551930697e+01 -2.333335411641277446e+01 1.674133700268544089e+01
1.513037252223676710e+01 -2.345449267656137593e+01 1.668479012980609966e+01
1.598557776467574065e+01 -2.132683339642800746e+01 1.831484475603864581e+01
1.696703640978854111e+01 -1.894638703041453454e+01 1.715082246067364125e+01
1.772836571465324695e+01 -1.761336714777759482e+01 1.686622488172800516e+01
1.938767886265036111e+01 -1.562024373122469356e+01 1.592531461477610932e+01
1.979302810334855067e+01 -1.491145589966363794e+01 1.537926268446680034e+01
2.010062063873240845e+01 -1.301007700980392201e+01 1.663945857607703616e+01
2.045244998873136666e+01 -1.059582708559940833e+01 1.786475364492496354e+01
2.048441204499190960e+01 -8.206823792784646798e+00 1.913267333145078553e+01
2.014176292515866606e+01 -5.837635871839590429e+00 1.621784272195038312e+01
2.028795210491384893e+01 -5.505589536976336795e+00 1.626289739186891126e+01
1.994062798956164428e+01 -6.394749099426465300e+00 2.045438430010513642e+01
1.897228617209403367e+01 -9.061051203515026131e+00 2.017472478056106056e+01
1.825692438053987487e+01 -1.061726248428795749e+01 2.011685555526344871e+01
1.793585724655748237e+01 -7.992353809837216438e+00 2.558213167525996212e+01
1.739477177727722790e+01 -5.692549621806487714e+00 2.326606106889484948e+01
1.718989203527441845e+01 -4.310070943099974627e+00 2.336138735759699259e+01
1.677868792915933938e+01 -6.394328175044909024e+00 2.828243759119672873e+01
1.607000895615181335e+01 -1.054649726228050355e+01 2.441055139381646200e+01
1.685391400393698902e+01 -8.839541908306747686e+00 2.558895518484428422e+01
1.827155618097290102e+01 -6.809261328424129900e+00 1.929355483415407235e+01
1.932234111388915210e+01 -4.724415719323017626e+00 1.541923044692884837e+01
1.654314170784497051e+01 -3.939521446011918560e+00 2.406008887306094834e+01
1.453630065747074518e+01 -3.128962142532364599e+00 2.619996714966086415e+01
1.358802601529995080e+01 -9.019385159424453402e-01 2.175277724352005393e+01
1.253823638820526476e+01 1.445177411513726362e+00 2.133542520161222455e+01
9.338665401033459545e+00 4.360154883716240271e+00 2.164609928551889340e+01
8.675367475875617629e+00 4.853171583894376973e+00 1.811626667448440742e+01
5.495893581667332661e+00 7.223944381993281816e+00 1.677244414504647096e+01
5.040194447823655999e+00 7.596766718636983384e+00 1.660838938500418749e+01
1.802349875171445959e+00 9.646956505098607693e+00 1.829024898395931231e+01
1.233989767975077090e+00 1.000349344588594924e+01 1.844407971423959225e+01
-2.697491050874756713e+00 9.178008724307167299e+00 3.060185660721306533e+01
-4.774878532014501076e+00 8.802016653187376249e+00 3.324203293010843652e+01
-7.722374607001265545e+00 8.434975337714181620e+00 3.397132598004495208e+01
-1.047108075911099334e+01 7.005500518948950983e+00 3.215653877604561472e+01
-1.207920294504062397e+01 6.455639989491184672e+00 3.001165649337616870e+01
-1.429470195269350619e+01 5.522067611073259386e+00 2.735506452943476674e+01
-1.515956573210292113e+01 5.229856356836547704e+00 2.742411483412286444e+01
-1.374197293402647091e+01 5.370564856844008972e+00 3.236141516740771351e+01
-1.005247147389769502e+01 5.712710700926834306e+00 3.494042032349751281e+01
-8.893454836414683484e+00 5.707109027756305686e+00 3.440331144813659847e+01
-5.378050976514160197e+00 6.236102302902864380e+00 3.272998355829746231e+01
-4.663281289655773598e+00 6.227224769273290050e+00 3.269349672876477797e+01
-1.123427280776464476e+00 6.506427455131967186e+00 2.733870125957389163e+01
-3.200444541288263167e-01 6.463101187359928446e+00 2.614514024536671855e+01
1.247714585558052258e+00 6.015716759564398330e+00 2.178714394411313648e+01
3.526663075150358928e+00 5.335359057167841534e+00 1.818617010935165723e+01
3.812899742925716762e+00 5.174385120387264614e+00 1.826423902229014473e+01
7.445023703237261259e-01 4.466847316417466018e+00 2.809492759793251082e+01
-1.352206262979387175e+00 3.895644396200021564e+00 2.926409381587700054e+01
4.355833558486508217e-01 3.603084290637769804e+00 2.269175833419670241e+01
2.951827126888815211e+00 3.219945011422554959e+00 2.016655372593244522e+01
3.682543247620693183e+00 3.206210746596897199e+00 2.028289241028926781e+01
1.902563974257068580e+00 3.198460475012055326e+00 2.322447023122347076e+01
-5.112471906297092472e-01 3.285299510166588277e+00 3.047201974474999275e+01
-2.115481646217251654e+00 3.442005653587758118e+00 3.360271418363353746e+01
-5.320583410825749482e+00 3.321135646392714413e+00 3.570497542244321210e+01
-1.038906747816258580e+01 2.858148660750501335e+00 3.642361745600887701e+01
-1.260215456129373734e+01 -6.682199752502221424e-02 3.113519922674899831e+01
-1.360172583444230909e+01 -1.136409520134347373e+00 3.082023483405175668e+01
-1.639952776215197972e+01 -1.899159672164462354e+00 3.470960590427231551e+01
-1.722607093083203722e+01 -2.122997379566661902e+00 3.481517366363006261e+01
-1.802393401031758557e+01 -3.202722546601648457e+00 3.439051776262283511e+01
-1.936710323265796418e+01 -5.188896682689507323e+00 3.277726043723636451e+01
-1.976906077714362553e+01 -5.829086091451625151e+00 3.290310150494088504e+01
-1.946112875664661601e+01 -7.792378031212392919e+00 3.545326594208858495e+01
-1.899253288486697855e+01 -1.033574074400216247e+01 3.904111033629559557e+01
-1.791215311017491274e+01 -8.934651373289371534e+00 4.191894341597360096e+01
-1.606484742277861955e+01 -6.242732690671244811e+00 4.204020397229976425e+01
-1.596432551912991826e+01 -8.398834610482424523e+00 4.480930101488511497e+01
-1.608634006876908629e+01 -1.123837771488272530e+01 4.613364491345289764e+01
-1.591741761838911629e+01 -1.345324698571166167e+01 4.496470405096534506e+01
-1.574121192168370875e+01 -1.611509299480480450e+01 4.662088096490041522e+01
-1.558612579923814678e+01 -1.853606847975819605e+01 3.955347586479783928e+01
-1.554258221204504231e+01 -2.123573552966859523e+01 3.966664123387177199e+01
-1.507172398184077622e+01 -2.128035415899169891e+01 3.795390368574292950e+01
-1.256993217724363987e+01 -2.223961482279283075e+01 3.124069149713472271e+01
-1.075998625317912172e+01 -2.313708434698674665e+01 2.971308599592239119e+01
-1.153703851107066569e+01 -2.037197018581839103e+01 3.964022941389342236e+01
-1.240671363060912036e+01 -1.802652689608586911e+01 4.249984061745389141e+01
-1.277756889753207226e+01 -1.701436692141784945e+01 4.249312341356097278e+01
-1.142123295275674622e+01 -1.889195562023013863e+01 3.546378771818154974e+01
-1.012156093468852802e+01 -2.084002537871370819e+01 3.112964294466663162e+01
-9.494147717408765175e+00 -2.193389635260182402e+01 3.124056214241286256e+01
-9.962970071804331695e+00 -2.056595257490411299e+01 3.452619281233241821e+01
-1.145686280524651401e+01 -1.694390611207099440e+01 4.405327913893328429e+01
-1.194953939041708857e+01 -1.606010237635857862e+01 4.406656653107835098e+01
-1.180990752081242690e+01 -1.441434299483248083e+01 4.703073549487530158e+01
-1.160128901977626903e+01 -1.189590218391572662e+01 4.732481217152266595e+01
-1.119207500799286237e+01 -1.125364134839776042e+01 4.578155676139278540e+01
-1.021886780340208389e+01 -8.961855843998256077e+00 4.307694881974273216e+01
-9.479814760229503534e+00 -7.179746463797127554e+00 4.222124507583428965e+01
-8.385707425144484972e+00 -6.370858626502751143e+00 4.013951094751374171e+01
-6.479467730953150983e+00 -4.987462435524768978e+00 3.652626168627894998e+01
-4.436532386357608715e+00 -3.754559536162620059e+00 3.041930439568630717e+01
-4.173667384177113249e+00 -3.524801571245288923e+00 3.058654237184288860e+01
-6.603494547968757011e+00 -8.085687337405312647e+00 4.330328677304417795e+01
-6.769433015176563373e+00 -8.655158331055785581e+00 4.389905486287027259e+01
-7.727790448053540651e+00 -1.113845210249750828e+01 4.692457460824099513e+01
-8.507987131694557448e+00 -1.276963859969696280e+01 4.812871335391000827e+01
-8.609284751246448764e+00 -1.498531469728646037e+01 4.497499943081454177e+01
-8.691495804366327960e+00 -1.608678008724795561e+01 4.416272098346835406e+01
-8.242248462565871847e+00 -1.781057458841493712e+01 3.627137725008968516e+01
-7.715261016705414754e+00 -1.986806375339414998e+01 3.636873335716806821e+01
-7.176838776975602130e+00 -2.032795864485321502e+01 3.095798869178843660e+01
-3.578668222339409954e+00 -2.284596819552942648e+01 2.372342616982523111e+01
-3.747588447900242148e+00 -2.230067996404727992e+01 2.795229448038900344e+01
-4.320019066044840095e+00 -1.977914264147047518e+01 3.496629128760272920e+01
-5.160851549583359343e+00 -1.729195066741808873e+01 4.062375790699406508e+01
-5.174730463180837070e+00 -1.661370581294860926e+01 4.068785466187858191e+01
-3.615860171497557563e+00 -1.901570817390017609e+01 2.669874315743310689e+01
-2.451820718619123429e+00 -2.098616002458615171e+01 2.312134633602022760e+01
-2.196261014218437335e+00 -2.135766252842118718e+01 2.298009363822942319e+01
-4.768354011280301341e-02 -2.213833473905836868e+01 2.074572314235329529e+01
2.107127584206241799e+00 -2.306426418616929652e+01 2.034232035782483905e+01
2.705770879495428716e+00 -2.310922572892595639e+01 2.058628391372677413e+01
5.453491466558670453e+00 -2.338859178951125983e+01 1.935885814514382730e+01
7.113756204113523829e+00 -2.367433575527785194e+01 1.887553968942741989e+01
9.709819188696329206e+00 -2.366729002356280986e+01 2.012843158191379800e+01
1.055739360919070791e+01 -2.365663628568423960e+01 2.099746393401349209e+01
1.085695761998335307e+01 -2.087105830990529398e+01 2.387411900224210726e+01
1.121285613700148431e+01 -1.889470190749574030e+01 2.506522536212454355e+01
1.282365074462020083e+01 -1.767911735784704064e+01 2.223957071468115387e+01
1.476904877386558645e+01 -1.621536802282893319e+01 2.389315805242073765e+01
1.520279758936223935e+01 -1.600680658379475574e+01 2.395902908355444794e+01
1.330206673851650123e+01 -1.295212213457891615e+01 3.117600226897708993e+01
1.236878763386172686e+01 -1.179617047760384985e+01 3.260741167168076515e+01
9.698484020378815629e+00 -9.592805464760038703e+00 3.570426765775058442e+01
8.602055453451415090e+00 -1.204017150907625577e+01 3.522451347629822749e+01
7.745438702519524377e+00 -1.420996723853386356e+01 3.220006228320625752e+01
7.034049399536755232e+00 -1.575923708910861265e+01 2.890389425209719576e+01
6.279374524238219735e+00 -1.786420975065566452e+01 2.411324625661978160e+01
5.966125766064223512e+00 -1.894773179657461171e+01 2.317733131152190040e+01
5.208434413823988862e+00 -1.884320704885901421e+01 2.223875303050234464e+01
1.600259082101621821e+00 -1.848939853362231034e+01 2.192863279248183872e+01
1.194201004968565627e+00 -1.848810592498850625e+01 2.234128658614369556e+01
-7.940513001457988329e-02 -1.726696745854599513e+01 2.770405915796981233e+01
-2.017422654499369195e+00 -1.561174253482838559e+01 3.466739558077786398e+01
-2.382155710745256894e+00 -1.530692019503221069e+01 3.539143011696233998e+01
-2.491181131867440168e+00 -1.491522679398394047e+01 3.582295445589624450e+01
-3.159596507013544553e+00 -1.239850568366275141e+01 3.583704862838547456e+01
-3.535779541274420623e+00 -1.089552847942578850e+01 3.579792757547195947e+01
-2.565784840137689482e+00 -1.148094917946174753e+01 3.312006223713078867e+01
-5.676336433108738477e-01 -1.296053003477638299e+01 3.081716316532969202e+01
1.362144075459419401e+00 -1.435487067549287943e+01 3.000863615054540290e+01
6.194494320613851412e-01 -1.302708400040504166e+01 3.083863084926009535e+01
-5.593054450593482052e-01 -1.101563520311072431e+01 3.150453876111118490e+01
-1.159486477020542639e+00 -9.988451297706653520e+00 3.177703115372093734e+01
-5.963684311389612080e-01 -9.675533557720656930e+00 3.231059784090024323e+01
1.652567651879600419e+00 -8.437012928671805412e+00 3.592720597755032941e+01
3.058409542378062618e+00 -7.492732421223180950e+00 3.596589035886990615e+01
2.280986470645493203e+00 -7.344320204293407706e+00 3.605344672705491860e+01
-1.842288828578313442e-01 -6.870142917605517319e+00 3.238331767314625154e+01
-2.661871058471824814e+00 -6.258666738889873571e+00 3.561642157281687560e+01
-7.723699579586948083e+00 -5.186923394542177768e+00 3.744443431092270202e+01
-1.033225097576694829e+01 -4.569449393315640151e+00 3.680525783676493745e+01
-1.608099449823830440e+01 -3.357664873671303951e+00 3.707356132768160961e+01
-1.847588866914474082e+01 -2.854848520312652571e+00 3.337135922956066025e+01
-1.517430917182569594e+01 -3.788158141399997625e+00 3.965666515534472580e+01
-1.263508055575992728e+01 -4.456751151272920985e+00 3.837582484979515129e+01
-1.012050983197235077e+01 -5.168990698141388229e+00 3.792193156452746194e+01
-7.858403276980280516e+00 -5.959698561025362551e+00 3.950046308944384776e+01
-4.204452628250892943e+00 -6.957245337059962509e+00 3.468103435769693021e+01
-1.733516145125924002e+00 -7.664907566513977422e+00 3.203122341136256779e+01
7.467120083139341391e-01 -8.198018674529691907e+00 3.342703369459799490e+01
4.232896325493173073e+00 -9.211236712989011366e+00 3.341118147721429210e+01
9.167445765571121896e+00 -1.065873657444363509e+01 3.549598009881754734e+01
1.262693757127561156e+01 -1.168451160561534152e+01 3.063354394565325478e+01
