-3.068281591152063559e+00 -4.183029301358409668e-02 3.234717060140389577e+01
-3.750022989570344301e+00 -6.448873229894901138e-02 3.507007947229198663e+01
-6.337021387607736145e+00 3.049638290097184470e-03 3.621269819178890259e+01
-8.726176265208188454e+00 9.198166668935493784e-02 3.556058834528129609e+01
-1.138979028142189875e+01 -4.961359886568961902e-02 3.139388608003068626e+01
-1.365852931039864337e+01 -1.000076876616615845e-01 3.082611442425619330e+01
-1.640185194113940170e+01 -7.967255549733845421e-02 3.170900907539851943e+01
-2.151298890062865254e+01 -1.448324790123284855e-01 2.760842748441609373e+01
-2.167490669837561867e+01 -5.338172562428189494e-01 2.756401610070359354e+01
-2.244771707476380840e+01 -2.758355397210945359e+00 2.602195143473329253e+01
-2.315803696005294299e+01 -6.505704987931213878e+00 2.582456242441957173e+01
-2.357530906388556602e+01 -9.021730978981837623e+00 3.060517119920081086e+01
-2.371147850467055207e+01 -1.268718722084602923e+01 3.120059682930748934e+01
-2.366192363871302717e+01 -1.753887747470394842e+01 3.201387595482709969e+01
-2.284957599950038798e+01 -1.948708106640773252e+01 3.390961678409988878e+01
-2.187979395811792926e+01 -2.170508305089704848e+01 3.294940579568375227e+01
-2.136188489873742569e+01 -2.220550773295960667e+01 3.400235583770364656e+01
-1.891908820237713584e+01 -2.290651997125797834e+01 3.291403349929929334e+01
-1.856356003038900226e+01 -2.299453826125731837e+01 3.277428387347574557e+01
-1.919848415152831578e+01 -2.109930593917840724e+01 3.928241790747147633e+01
-2.023855448778200739e+01 -1.878836360396456939e+01 4.086184381893216511e+01
-2.032386706642007468e+01 -1.819168025411646283e+01 4.098200340165939792e+01
-1.900748885682861200e+01 -1.979129527852698445e+01 3.905270960858956641e+01
-1.735420604091116203e+01 -2.193504390621395217e+01 3.546154718418310381e+01
-1.704427604777574956e+01 -2.220248783671808113e+01 3.536507796398559833e+01
-1.767136190961021214e+01 -2.089187291710264560e+01 3.968518429113106549e+01
-1.908410067942518751e+01 -1.860588428371617198e+01 4.284701830696122471e+01
-1.915509980254687505e+01 -1.813026426480927711e+01 4.311177604437155964e+01
-1.886935236639649460e+01 -1.847138589782721851e+01 4.304549632869510134e+01
-1.678475381489192486e+01 -2.109738860120468473e+01 3.922569845363319274e+01
-1.644028761692885610e+01 -2.147834845026160622e+01 3.834525117306371556e+01
-1.780919769421226917e+01 -1.966173297541527631e+01 4.243871678197160691e+01
-1.940325216593984337e+01 -1.769832327368487057e+01 4.313047988283391021e+01
-1.964098482848514138e+01 -1.738732356271023960e+01 4.305880106703427401e+01
-1.861997193682246987e+01 -1.829162062015391044e+01 4.377259772198426191e+01
-1.664465600042990800e+01 -1.987761045005301241e+01 4.160278886863918757e+01
-1.490869532739619707e+01 -2.126089986456468850e+01 3.433186102376871673e+01
-1.284400671185580833e+01 -2.271707265454145741e+01 3.041342781014324359e+01
-1.212857464510464389e+01 -2.290367475679102327e+01 2.971280932122320806e+01
-8.457263539162379828e+00 -2.346386479997672936e+01 2.810195164145058655e+01
-7.996196948139335348e+00 -2.360157663551757778e+01 2.818810806083780562e+01
-9.181092269406846640e+00 -2.253488255756870018e+01 3.030980693176238461e+01
-1.103100089491119817e+01 -2.113091298244538052e+01 3.305738239090148056e+01
-1.132646066983262578e+01 -2.063906661264152476e+01 3.434514118295700058e+01
-7.647004357807104746e+00 -2.251801488237889615e+01 3.017751122821922749e+01
-6.010320806192112286e+00 -2.304237210846770978e+01 2.771027976930556491e+01
-1.142352537032498949e+00 -2.365219297381490549e+01 2.071127054807733714e+01
2.285009647540725997e+00 -2.392198652521964419e+01 2.014795768756815519e+01
6.763065043135765286e+00 -2.400705875841049419e+01 1.898330242905001697e+01
1.168125648112591541e+01 -2.373911387291084552e+01 2.139232497245164666e+01
1.345876680726260410e+01 -2.364587856769046681e+01 1.711966665128053222e+01
1.674588861044745869e+01 -2.374239780434432134e+01 1.710282752605199263e+01
1.858311551403643236e+01 -2.383437130789329927e+01 1.723883881108348248e+01
2.188807118392773532e+01 -2.367720826967235226e+01 1.780872990695903724e+01
2.244189088436048252e+01 -2.154073910052526131e+01 1.663239365441817696e+01
2.307409675176506525e+01 -1.925985234200798857e+01 1.634192978744746227e+01
2.324721350097183503e+01 -1.883787500365380652e+01 1.622894424149734505e+01
2.269568644674142277e+01 -1.905784984142044891e+01 1.580715986980927035e+01
2.041559276083879482e+01 -1.984725619427610965e+01 1.718744790300419112e+01
1.830259662969439560e+01 -2.048020643236624849e+01 1.726807316361760769e+01
1.962696163762884538e+01 -1.933907208697211999e+01 1.432105697070677053e+01
2.218514959581818502e+01 -1.727086142366623989e+01 1.498358017443357149e+01
1.852965737740483831e+01 -1.892195260704186666e+01 1.642226268360247232e+01
1.789364322797743156e+01 -1.929416140406458169e+01 1.633467341405179241e+01
1.918346903109732438e+01 -1.828736425702224011e+01 1.342963994979470499e+01
2.240003821918601545e+01 -1.588579218399048365e+01 1.503919384743140775e+01
2.247300073431663847e+01 -1.514769313786134752e+01 1.456514140181147177e+01
2.294537605769696498e+01 -1.298015185387498072e+01 1.537763075177408290e+01
2.336143578188073278e+01 -1.097975625423995716e+01 1.586315627763759828e+01
2.232255505374120474e+01 -1.192573321871137537e+01 1.487015206064002903e+01
2.066767569216057865e+01 -1.349170680591672777e+01 1.593324195782009589e+01
1.877992034043236202e+01 -1.498326771617272435e+01 1.908553218463642764e+01
1.707215272991653876e+01 -1.672865530780724086e+01 2.025337360750438620e+01
1.600393171513259460e+01 -1.769976724527541023e+01 2.051268743003785744e+01
1.411311054484650107e+01 -1.917093783760467574e+01 2.163367218177355511e+01
1.338289703406534059e+01 -1.968133312663074719e+01 2.418521180360767886e+01
1.102065122247801732e+01 -2.032110036738036385e+01 2.408649494284785320e+01
5.879877297318101270e+00 -2.106324251991311058e+01 2.278665584518912368e+01
3.394660715477170854e+00 -2.117986450078501903e+01 2.245448209108773696e+01
1.736618835568737973e+00 -2.101587942020497124e+01 2.166805785773662762e+01
-1.580884615266027193e+00 -2.083803130056455544e+01 2.392546225072915789e+01
-4.678412553641406291e+00 -1.996494460519709691e+01 3.364946257867128310e+01
-6.644181508408667725e+00 -1.933288848077601685e+01 3.912311286496499463e+01
-9.495345703242673352e+00 -1.860598342410017025e+01 4.130830499164314062e+01
-1.222207723779997224e+01 -1.798265199409096837e+01 4.518758118781106958e+01
-1.445822058516706576e+01 -1.732591380951242499e+01 4.658550085147396658e+01
-1.659660364761673179e+01 -1.648427819968558694e+01 4.445796568306280250e+01
-1.914821824189873567e+01 -1.549208714641205376e+01 4.437687150307982620e+01
-1.960456376095268283e+01 -1.393751504218638004e+01 3.924410386976223464e+01
-2.003520435464166738e+01 -1.100166777667059392e+01 3.688056574095786999e+01
-2.024701565330344621e+01 -1.049180312312313745e+01 3.689209986522347151e+01
-1.555316872418414142e+01 -1.343496098714749110e+01 4.501531574697588667e+01
-1.720170624406490845e+01 -1.129041668876539539e+01 4.204230777807457997e+01
-1.871781450149821069e+01 -9.500586895588117642e+00 3.934503220910476529e+01
-1.546383333798512005e+01 -1.183670998860514700e+01 4.607920622848280345e+01
-1.457595602067895157e+01 -1.245841876284741545e+01 4.600955029889015435e+01
-1.599298331432970599e+01 -1.101421446156943240e+01 4.450904366549619340e+01
-1.792861734845473265e+01 -9.259625262835525561e+00 3.831837726667378519e+01
-1.875906927332573559e+01 -8.561809442676841186e+00 3.829724130970362239e+01
-1.783095220184345919e+01 -9.089986399092397917e+00 4.461811663982055620e+01
-1.594026222661219627e+01 -1.048443021433698341e+01 4.667898970493360622e+01
-1.372018601305468799e+01 -1.198703403469068718e+01 4.644356973635501618e+01
-1.268400030322807304e+01 -1.259173470273687023e+01 4.770526114296386311e+01
-9.531520835524394997e+00 -1.499953390833769618e+01 4.715633026174435116e+01
-7.187224684939380381e+00 -1.596009248752174159e+01 4.350093484884808959e+01
-5.226094262467414708e+00 -1.666623191276504912e+01 3.589900123319934977e+01
-3.864039390186659872e+00 -1.696825695374459286e+01 2.782494074251943417e+01
1.117143091029954433e-01 -1.794315601186270470e+01 2.305673853518103300e+01
2.587984046568678309e+00 -1.804228766314229304e+01 2.139128654905911731e+01
5.906357155293317618e+00 -1.791010225248449572e+01 2.557188277810188382e+01
8.752751886866480646e+00 -1.753141315285410329e+01 2.714888828910946117e+01
1.090318634745900361e+01 -1.696321522503666657e+01 2.635513237067716119e+01
1.310956372732168163e+01 -1.494358851431871926e+01 2.563229061247565355e+01
1.467950412558710838e+01 -1.353264395196938530e+01 2.505210097522922297e+01
1.629455977572293790e+01 -1.237795513632201327e+01 2.123902492850172408e+01
1.825877534915923306e+01 -1.088658298260938118e+01 1.947947653574759741e+01
1.975269118488390419e+01 -9.854286649843107426e+00 1.951825998099592496e+01
2.158556453270685438e+01 -8.478073237321579469e+00 1.670325595878226821e+01
2.249771634756038097e+01 -7.758649995775300567e+00 1.661948803462524182e+01
2.274780449207046118e+01 -6.407693948629056280e+00 1.403571916549487497e+01
2.331166925899196229e+01 -3.871668010606998500e+00 1.018826581402351295e+01
2.350061462630072029e+01 -3.045194270852724205e+00 6.289943514521823431e+00
2.348612923694686572e+01 9.086915231939490800e-01 4.737447406544742279e+00
2.366738149816272241e+01 2.325885315284459853e+00 1.999034557231586628e+00
2.377071600764384485e+01 4.504573301906996008e+00 2.064188893748202247e+00
2.379067492099429515e+01 8.142821665128584741e+00 2.716600678379000655e+00
2.381265744752363744e+01 9.506759466061890151e+00 3.723771940932117719e+00
2.368353774427181690e+01 1.168291585055391657e+01 7.585416707201797060e+00
2.379897166311527457e+01 1.424565196336871509e+01 8.120221826075747273e+00
2.382856254311894162e+01 1.586966302085036418e+01 7.681427333983037897e+00
2.374446787175108398e+01 2.015538594156847907e+01 7.601243819317063277e+00
2.195442765867109713e+01 1.891913942758887401e+01 8.937546828586343528e-01
1.872282667719943561e+01 1.686895397014943399e+01 -6.293938113770931153e+00
1.595265311545597164e+01 1.491893663123584624e+01 -2.985088543838068986e+00
1.550349620997886824e+01 1.552591722872094238e+01 -6.300251319301659159e+00
1.422346105386554349e+01 1.755939927972083936e+01 -4.080667093613047136e+00
1.271676963514137881e+01 2.005001924754848375e+01 2.563382046322761898e+00
1.173107876023490093e+01 2.164082522472137171e+01 4.438330590883706073e+00
8.864066183382504960e+00 1.804707327896222679e+01 3.855036990451080392e+00
8.682145410608903546e+00 1.778886553484534261e+01 3.939744653446404676e+00
1.028621864813261411e+01 1.506158662144425797e+01 4.082465616622011240e+00
1.114045005585064629e+01 1.334292752192195053e+01 5.023654859834005393e+00
1.101714824882281363e+01 1.361919357619290416e+01 2.992760470237413095e+00
9.128694905714537455e+00 1.519047435238902111e+01 3.020727481892427679e+00
6.988077760810401884e+00 1.470790256614895597e+01 4.398095343911526456e+00
7.789346261536714167e+00 1.249148199043174579e+01 9.845955146381175638e+00
8.742275014223688245e+00 1.007326208897072917e+01 1.439769030900952274e+01
9.684838533697815777e+00 8.498310312780564146e+00 1.814797075167423301e+01
1.085551574673972119e+01 6.354221768549141558e+00 1.780010007734847832e+01
1.134351948865491444e+01 5.690642228866646057e+00 1.778383382836107174e+01
1.106414427135491962e+01 5.828992797765461198e+00 1.986117301463805163e+01
8.072475803193960076e+00 8.068255865504138313e+00 1.685521179464272379e+01
7.105524657366654395e+00 8.762814931130431972e+00 1.689423313242563296e+01
1.154117327070537691e+01 4.543915634178004481e+00 1.789854956328679592e+01
1.197199244913226579e+01 9.343056262606959095e-01 2.609751461446296616e+01
1.214422821683428566e+01 -4.962919627595419048e-01 2.624849784321528645e+01
1.390386546410747037e+01 -1.056000107642656616e+00 2.306746431702969602e+01
1.623673046980293222e+01 -1.823307151955620764e+00 1.971947028798639678e+01
1.578169173400439895e+01 -5.718419210840308686e+00 3.004757682653306361e+01
1.562470551309991862e+01 -6.838846739650693785e+00 3.127450414636468423e+01
1.396577174346258587e+01 -8.991974448772527495e+00 3.071837075279031382e+01
1.323397546808702252e+01 -9.949713178272309833e+00 3.093419951797282863e+01
1.498387215660845229e+01 -8.808844889455377469e+00 2.887693806235229488e+01
1.709787284038841193e+01 -7.482425869811340391e+00 2.410516499079889030e+01
1.835982037056657745e+01 -6.654335094478957657e+00 2.322751566129514345e+01
1.749665576939188227e+01 -7.340868423133216858e+00 2.744547817980148707e+01
1.351695771588321726e+01 -1.113631802286438699e+01 2.944054581920114799e+01
1.256514715625942102e+01 -1.170990655900233968e+01 3.209764311361873013e+01
1.031571250065374734e+01 -1.311051072218228697e+01 3.241454334980990382e+01
9.369993374563392763e+00 -1.378338405975357617e+01 3.236914885645204265e+01
9.517283826039690808e+00 -1.349344544434740456e+01 3.261810990475128591e+01
1.043062802562361924e+01 -1.111280552675192546e+01 3.427810384187199588e+01
1.160351352575090011e+01 -8.297170023630910052e+00 3.518152107297384390e+01
1.144852799425758505e+01 -8.651149576417838105e+00 3.502998041712207566e+01
9.629713348645989157e+00 -1.048148289192407745e+01 3.509116597042243768e+01
8.288253908500539779e+00 -1.204645938325641197e+01 3.552003888634065021e+01
8.424527173693688198e+00 -1.177258542347212256e+01 3.550675735944565048e+01
9.722482447631671576e+00 -9.549192529499755722e+00 3.546870404783969377e+01
1.080335133148451554e+01 -7.751343118985234426e+00 3.672516603395713730e+01
8.578948841182763019e+00 -1.001005692232909716e+01 3.612699812738335226e+01
7.220898897596269350e+00 -1.130288500388914663e+01 3.569275884391948495e+01
6.428757941638588491e+00 -1.247572787540891959e+01 3.339678502504172286e+01
5.321598390482686902e+00 -1.377494352150269030e+01 2.884489975542529550e+01
3.730538429109085730e+00 -1.432240093386138291e+01 2.911861669664923014e+01
1.912441041064825376e+00 -1.480009431577705392e+01 2.929733869180397932e+01
-7.828710971823273912e-01 -1.436544660958448105e+01 3.220273596778713454e+01
-1.285195007491787722e+00 -1.433995006446956388e+01 3.224580069046257336e+01
-2.859878056449027817e-01 -1.358246068110470972e+01 3.066313859203881620e+01
2.577170422318791676e+00 -1.135288098055807460e+01 3.057941585682081609e+01
3.073687756734103882e+00 -1.115183483635442840e+01 3.074985335160054589e+01
1.903544356000336224e-01 -1.183876612800710504e+01 3.103072788196010023e+01
-1.795349327198483502e+00 -1.249713895102680894e+01 3.180725168067913344e+01
-2.904840181197432258e+00 -1.276027041926481509e+01 4.228511288291930015e+01
-4.732794329395924038e+00 -1.322880578916650940e+01 4.220297309090951643e+01
-5.668405459035207983e+00 -1.154330583617066353e+01 4.391887418113888231e+01
-7.492689483346987700e+00 -8.838971462106359311e+00 4.442952661362940603e+01
-8.356932121330931551e+00 -7.815687697226227471e+00 4.258602001784136348e+01
-8.656988840244128625e+00 -7.483831185050580537e+00 4.243617006423894367e+01
-1.135463454629936919e+01 -4.947029811286530965e+00 3.671852077178039764e+01
-1.211882921470318131e+01 -3.949710141050594814e+00 3.670080215112614042e+01
-1.084655159977067740e+01 -4.669565921155009569e+00 3.862500398005717273e+01
-7.609121163454034331e+00 -6.392617256585897856e+00 3.994161411688617136e+01
-4.500692518292604305e+00 -8.015632065230981596e+00 3.391433381864925423e+01
-3.658233547375035144e+00 -8.435906602491815676e+00 3.228320246134031635e+01
-3.430421360849099655e-01 -8.412056853878812746e+00 3.289987147046652183e+01
5.409628896821045974e-01 -8.466400400765506262e+00 3.465946209477030493e+01
1.965190764935212053e+00 -8.187553741857632517e+00 3.504831158006189185e+01
4.375009708834256550e+00 -7.771464595331982750e+00 3.472433478680112984e+01
8.552703269884979420e+00 -6.180202419773605627e+00 3.496553867068222132e+01
9.010120401904975651e+00 -5.848040806265227154e+00 3.480848998641146608e+01
6.407303196215200281e+00 -5.865167450480865519e+00 3.430200527298763546e+01
3.463100832294879527e+00 -5.530392181364381265e+00 3.650344482632142018e+01
6.021223548465521880e+00 -4.625557241434759881e+00 3.497542744733074471e+01
8.100604321624468085e+00 -3.817631050958737671e+00 3.507363923088532687e+01
8.225998439335723944e+00 -2.950955561319869691e+00 3.422947303927204388e+01
8.461491898411377832e+00 -5.167161966593143418e-01 2.983600528594457302e+01
8.730602699902425101e+00 1.152286112763799109e+00 2.721970706400574613e+01
8.082732401976063130e+00 2.113887691507986943e+00 2.603324619340333967e+01
8.811580026353231787e+00 1.342885330204908634e+00 2.965137761799772420e+01
1.189645475888405812e+01 -2.361388787402521672e+00 3.071058491550061831e+01
1.209721673557239185e+01 -2.615462445599868957e+00 3.073427157496537987e+01
1.242783485090540196e+01 -2.604691859802845233e+00 2.500641291966730506e+01
1.631476962390681607e+01 -3.079897715172725814e+00 2.073416384756675868e+01
1.679959256578981908e+01 -3.189008214344603687e+00 2.075790887191757861e+01
1.649004975553720342e+01 -2.902673522539991335e+00 2.367545308290934258e+01
1.419351191673185575e+01 -1.749445859997850405e+00 2.714251668995707334e+01
1.100355282867772289e+01 1.511590769874500140e-01 2.882468020447480583e+01
8.435055910230607523e+00 1.225594719886629935e+00 2.591681074538563934e+01
6.851064503386369964e+00 1.796819342509393014e+00 2.298648334442728114e+01
6.398216853581284447e+00 2.072909136999043778e+00 2.304410560647801631e+01
4.343430315813580300e+00 2.146489834598191759e+00 2.235999934211697493e+01
1.262753546578028851e+00 2.044741436687740777e+00 2.588991109603087182e+01
2.769511768241247340e-01 1.295385035264169149e+00 3.246288150972092978e+01
-2.294251206338150162e+00 -1.257098185826299064e+00 3.089928339804716373e+01
-3.417675652194155145e+00 -2.058065863822480690e+00 3.038064468990699396e+01
7.193396236115331410e-01 -2.076635271979695663e+00 3.459785169413625283e+01
3.040835137398189225e+00 -2.296400804778954363e+00 3.223077687518742351e+01
5.579918083981270094e+00 -2.308528800270446713e+00 3.409819122067120389e+01
9.259360643774561694e+00 -2.236320854934662261e+00 3.357173616252601533e+01
1.163436777199026828e+01 -2.262393479178300915e+00 2.851055972497900370e+01
1.546329666784966328e+01 -2.334083392055670281e+00 1.582192200828957773e+01
1.751435646081826647e+01 -2.510135661795391382e+00 1.579489037060137768e+01
1.624830453035735545e+01 -2.679467726167368724e+00 2.454007988699567733e+01
1.377184252651575314e+01 -3.204948352099197706e+00 3.089651847678007357e+01
1.144541608355573814e+01 -3.736005262130475568e+00 3.464681656152113476e+01
8.890897439141230763e+00 -4.117038957675412725e+00 3.447541344920750106e+01
7.878687369530731566e+00 -4.385453887789125815e+00 3.452766102431103690e+01
8.568959449360178837e+00 -4.269436151524605982e+00 3.431667823020686825e+01
1.225927829029683558e+01 -3.946437301563085143e+00 2.999306984325426129e+01
1.485497992220367003e+01 -3.816917523211798002e+00 2.491741948370069792e+01
1.727083460434749540e+01 -3.490091260631821068e+00 1.546116264943894869e+01
1.894116176380628502e+01 -3.279032730965381504e+00 1.285718738730538213e+01
1.847527610790646690e+01 -3.416078349055261754e+00 1.981067842243248478e+01
1.482809879510440076e+01 -3.940622579951268634e+00 3.422476889521550447e+01
1.110561729168576761e+01 -4.282620609505085163e+00 3.417457943950705612e+01
7.197407865553353545e+00 -4.753890629193937123e+00 3.508040493138418725e+01
4.857492974359049143e+00 -5.148805413776184281e+00 3.638590533888419287e+01
2.158544087274999690e+00 -5.490241365438079946e+00 3.634223772379029782e+01
-2.531406092498010629e+00 -5.397543545966389189e+00 3.256634522416626254e+01
