3.068089979940690437e+00 -6.892156342342331543e-03 2.817454761039114430e+01
4.290889764765423386e+00 4.546130511601506607e-03 2.626394061881885023e+01
6.778525588985712780e+00 -9.726707107683235654e-02 2.969104410834884078e+01
9.402254908833922897e+00 4.201367594244237447e-02 2.588287436286747223e+01
1.296945527209916804e+01 2.866095530822637683e-02 1.894323876360672188e+01
1.666012479532669488e+01 -2.485809440416344995e-02 1.323845013564291939e+01
1.927835927072429456e+01 -2.840236688719267530e-02 5.388906978791329294e+00
2.180595088297282658e+01 2.039749954399584092e-02 4.112839484133250956e+00
2.186734306393779548e+01 3.724557804510728598e-01 3.894608038287293628e+00
2.260386028859675633e+01 2.707658083237868052e+00 1.454511484714955838e+00
2.335159974170327857e+01 4.850180929447336808e+00 1.426540586906405839e+00
2.334137242061781237e+01 6.000029610379311151e+00 1.997086341681308275e+00
2.364082092747635855e+01 1.114375122438840648e+01 5.344381194488283526e+00
2.387331068728158812e+01 1.388328831107094530e+01 7.914824142379008443e+00
2.379661648961138098e+01 1.595424413303483746e+01 7.598205004541229712e+00
2.383188843511460320e+01 1.891333828513034021e+01 6.322625318969338437e+00
2.342803578114696705e+01 1.931845046571355695e+01 6.499959420771805441e+00
2.076257052893567590e+01 2.191606023059553010e+01 6.440031804548802974e+00
2.026452592125459162e+01 2.226702426982862804e+01 3.811363067290908901e+00
1.655649722299465409e+01 2.308926870176286883e+01 4.492871634372854750e+00
1.717734220767350095e+01 2.322139850638058434e+01 3.883949844541215501e+00
2.101037220697235952e+01 2.367363449274955300e+01 9.681242378884187261e+00
2.137921098954077337e+01 2.356215776552389940e+01 1.026647664071781207e+01
1.878345336929589848e+01 2.373101314784881311e+01 4.165168843849110125e+00
1.620909081460609258e+01 2.360949692029660341e+01 5.374971642351972001e+00
1.866810910823458514e+01 2.064377777855808560e+01 3.803431023647199649e-01
1.908856063436563488e+01 2.026563338025104599e+01 3.861343816909744153e-01
1.720810058707322554e+01 2.130575398136335252e+01 1.919165391422017475e-02
1.408587275899719593e+01 2.297238422641801492e+01 5.576312980535647945e+00
1.477588783604453049e+01 2.219969882885532897e+01 3.084552115508052417e+00
1.699577527438054858e+01 1.936951406790551289e+01 -4.833379811452941155e+00
1.720464642147017997e+01 1.904334993615016458e+01 -5.197986575920640284e+00
1.576630868217546855e+01 2.028964370502875880e+01 8.150967363599899151e-01
1.377263192834069017e+01 2.192198123389192332e+01 4.213245524434135802e+00
1.338304145211254159e+01 2.229458355688614901e+01 4.250998117045059033e+00
1.435665560826740084e+01 2.112600606176816598e+01 4.143146806363930401e-01
1.604339159038297424e+01 1.912912815427935698e+01 -4.675002017566441737e+00
1.626106653812769665e+01 1.873636507631893977e+01 -5.597659068216408684e+00
1.553185381445529067e+01 1.959210693880280374e+01 -2.931094111942407654e+00
1.357823124322086450e+01 2.125424201399889768e+01 1.437412469761434108e+00
1.326707933447884358e+01 2.143392509928536427e+01 2.288546213379675454e+00
1.557385322258012472e+01 1.915138251453083384e+01 -6.917487890381486260e+00
1.710905628666289502e+01 1.771464772289111167e+01 -7.593989204412554095e+00
1.864145309542802664e+01 1.549283322187622858e+01 -4.551153409657238136e+00
2.010459555094723783e+01 1.362972754053108027e+01 -1.871305818270426191e-01
2.061408972067605561e+01 9.566494757447184583e+00 -1.852082879551342876e+00
2.061200459668421914e+01 8.958989140179889787e+00 -1.791562147101233293e+00
2.094808203253705514e+01 1.308304643685958979e+01 2.402296978971330876e+00
2.098381797992274400e+01 1.359938238223310947e+01 2.450466774500554834e+00
2.007994028007652432e+01 1.381958427319312932e+01 -2.833338765559831440e+00
1.780176584961001751e+01 1.476505253828304909e+01 -4.893628749883630391e+00
1.416187318501690129e+01 1.728623921020470533e+01 -6.305048591507500966e+00
1.237566291592728795e+01 1.960530292266854246e+01 1.110272126906725054e+00
1.134237113692539189e+01 2.051384554303934138e+01 6.446305477510661852e+00
8.269190386534205572e+00 2.261146248575800044e+01 8.180129525403875945e+00
5.807032512264636459e+00 2.294052284557312049e+01 1.102650419711195973e+01
3.411951840457191576e+00 2.340077570966142062e+01 1.077294088158403262e+01
1.768878833192353506e+00 2.339604304633646237e+01 1.164388319647832759e+01
-8.980020604226491843e-01 2.368320329986254791e+01 7.069455243812851286e+00
-3.422091322255807366e+00 2.363953884736025302e+01 8.371395119197373447e+00
-5.880028490526956197e+00 2.360547914435231220e+01 1.500527918917643966e+01
-7.578386313732849544e+00 2.368494482382251221e+01 1.784486564286342514e+01
-1.084750161487167830e+01 2.391315562170088072e+01 2.520035207627147855e+01
-1.253212194586156336e+01 2.395730323441773635e+01 2.593143070325447042e+01
-1.472372742943880120e+01 2.380912240213281095e+01 2.670943060203645203e+01
-1.745054629093299070e+01 2.385120648882667638e+01 2.865204752091007734e+01
-1.967607200645988286e+01 2.388133363139807130e+01 2.794627691409974091e+01
-2.118615079229487819e+01 2.179500340808596803e+01 2.705316882257727329e+01
-2.257731012329428921e+01 1.975827982022530804e+01 2.536204853823498695e+01
-2.067438149680656778e+01 2.030649412518543429e+01 2.585883523209319179e+01
-1.815049860576081997e+01 2.067519046419094764e+01 2.675687922336736690e+01
-1.767324786573212236e+01 2.073047841595005991e+01 2.680738155316142368e+01
-2.169406958245553341e+01 1.813735383760126751e+01 2.193043438694462210e+01
-2.221358816741844322e+01 1.760103020441851385e+01 2.129272567471552691e+01
-2.119392648163294268e+01 1.820962754198606248e+01 2.215203695710209075e+01
-1.908804375286864996e+01 1.912295598121058049e+01 2.386671722915835048e+01
-1.705323134148429887e+01 2.015007825526655694e+01 2.487946168377760259e+01
-2.090893025899279678e+01 2.157048542613929953e+01 2.710945053386299719e+01
-2.143371105077198280e+01 2.043226063081952049e+01 2.430470075635431826e+01
-2.273371150507932725e+01 1.695136227783961402e+01 2.029896875645560783e+01
-2.291026884997650725e+01 1.782163564209068696e+01 2.200970441123360288e+01
-2.319974805692601905e+01 2.048282125351372684e+01 2.651180998478437800e+01
-2.350885293550695820e+01 2.152788943806030986e+01 2.644559358308078600e+01
-2.372913196343059283e+01 1.765636250875311219e+01 2.113621239290518616e+01
-2.372550943792972689e+01 1.548637000910099104e+01 1.802813320780189699e+01
-1.962107100131834869e+01 1.614285564368896075e+01 2.133706778037386087e+01
-1.824381285365764072e+01 1.671638553958186790e+01 2.180508993859243816e+01
-1.652801234217696091e+01 1.851361521096838203e+01 2.391872799309358655e+01
-1.590138539894160630e+01 1.914265468777618651e+01 2.534746331730340785e+01
-1.274342568688411959e+01 2.025867808574233564e+01 2.683469175321283373e+01
-1.046752992071392896e+01 2.068566340514968616e+01 2.453068271500768560e+01
-7.730625603345687047e+00 2.096406594858444450e+01 2.072377816379975002e+01
-6.204961275646935448e+00 2.102234804425092207e+01 1.447070137128859990e+01
-3.702269391612693639e+00 2.117000786236895138e+01 7.006091739921872730e+00
-1.708714233479068367e+00 2.118709095484580018e+01 7.485960389091711242e+00
7.201121446659854985e-01 2.097741706525013683e+01 8.718187829942108280e+00
2.543646358479132452e+00 2.081059457757319464e+01 7.931089624776381797e+00
6.058217001456895900e+00 2.010363191321168941e+01 7.816136396548805543e+00
8.095073427657096587e+00 1.878313727415178391e+01 3.987071749670128895e+00
1.011644213669855397e+01 1.766775314447362888e+01 1.398326846967292258e+00
1.327084229518333380e+01 1.475630658898694314e+01 8.415215669625712991e-01
1.478566047915363590e+01 1.330298856425949694e+01 2.547732119555118135e+00
1.694298468861970974e+01 1.117581105922829643e+01 8.995398223424362349e-01
1.721884998973657943e+01 1.174240851696538890e+01 6.668210538517752028e-02
1.896658079910947237e+01 1.364421450471093600e+01 -2.094070285152035638e+00
1.981596220706130396e+01 1.475105614281205568e+01 -1.171084607051834370e+00
1.940941690055523239e+01 1.283014929676798666e+01 -9.462816483506290011e-01
1.861898538627097821e+01 8.867780512875238941e+00 -4.027487600946960455e+00
1.861755735990620408e+01 8.514377979366377858e+00 -4.061428251546483459e+00
1.567152022210952822e+01 1.020810666468651995e+01 5.921718217640571602e+00
1.461288139667097496e+01 1.078820476459370781e+01 6.000760872949399527e+00
1.621434170423185250e+01 9.547376707447224220e+00 -3.628209436437153990e+00
1.885814084435543947e+01 7.047254682713720797e+00 -1.858658574768847549e+00
1.942279668217308952e+01 6.804360062708816770e+00 -1.869860723115008838e+00
1.813303448704873588e+01 7.210350165873602002e+00 9.365162783042796368e-01
1.467659100562933538e+01 8.339823491627623042e+00 7.500652589966795958e+00
1.415053466150157035e+01 8.579045798644084897e+00 7.563499607165940830e+00
1.531432662860101246e+01 7.603819299208655735e+00 -4.596120204474288262e-02
1.722654831371488626e+01 6.113812548538997582e+00 -2.947928347716037845e-01
1.846845209409045196e+01 5.084529429326296146e+00 1.515938299982030057e-01
1.724287155231747093e+01 5.972879372235520457e+00 -9.408907057322291045e-01
1.411373415684681021e+01 8.237906530256104531e+00 7.170305282977491146e+00
1.320739606031087732e+01 9.050850859274682136e+00 1.084640769230385970e+01
1.398003433952514030e+01 8.020932927272399482e+00 5.282850476377765503e+00
1.648660904468010813e+01 4.717031597607682869e+00 2.700990597466902177e+00
1.702364146998585426e+01 4.081348155324446836e+00 2.589176560723851495e+00
1.488195671519390295e+01 5.621096002654283552e+00 9.940184714162594304e+00
1.282646678919378047e+01 7.089934998045246850e+00 1.348048000013861447e+01
1.216514577750866266e+01 7.470762488423820180e+00 1.361574080973549172e+01
1.200279802469359147e+01 8.716197093037242993e+00 1.255069924332089748e+01
1.102707706536286736e+01 1.186440845933182331e+01 9.944667842822976667e+00
1.086269261626642013e+01 1.215708099351178895e+01 8.622513637607719161e+00
8.962860065138162469e+00 1.350511825478166017e+01 4.132635069800119076e+00
7.084753053219321473e+00 1.494267585670538701e+01 4.062658565647057962e+00
6.497947976664441683e+00 1.542950660848360478e+01 4.300959228393777423e+00
4.239711259586341541e+00 1.671754660253241553e+01 5.670609404305699819e+00
2.675273973755126544e+00 1.740954319395163807e+01 6.210073494404473315e+00
-5.633874850612798912e-01 1.810215374324488025e+01 7.303445069499503894e+00
-2.803468481510464461e+00 1.821877330200801737e+01 1.221405111446733827e+01
-4.035464212360340142e+00 1.811257333096942190e+01 1.551807287708741789e+01
-6.679724723514746110e+00 1.817634921400842529e+01 2.261344546486333229e+01
-7.770168388274745652e+00 1.817580183226404600e+01 2.450649707777292718e+01
-9.377444679199669508e+00 1.771416522129385385e+01 2.622448824544509449e+01
-1.164113848701773080e+01 1.725245581326200295e+01 2.715983738009010295e+01
-1.401107168431675554e+01 1.575352039225354872e+01 2.769460947841421472e+01
-1.585065466690709712e+01 1.440636863867466921e+01 2.441691559825229518e+01
-1.707746830275754490e+01 1.423873555429729798e+01 2.257315824291010387e+01
-1.942455371579327661e+01 1.374267453206309320e+01 1.898043776289904372e+01
-2.080924295561485238e+01 1.330877722280855124e+01 1.912767073394503115e+01
-2.179610620765673090e+01 1.163720310900374422e+01 1.897566233874468367e+01
-2.289022509281882023e+01 9.922382912969062829e+00 1.688486411570993440e+01
-2.315673163616068919e+01 8.605331203871706691e+00 1.681208883131367315e+01
-2.349733298632075673e+01 6.827322708568616783e+00 1.795363508451629997e+01
-2.362512257618265110e+01 4.986678734186455131e+00 2.066216610849402002e+01
-2.374385359050720368e+01 3.616753592462728761e+00 2.099103818386967646e+01
-2.281370190898089945e+01 4.953249379839660627e+00 1.978918147251805593e+01
-2.144929853143077381e+01 7.044075959854176006e+00 2.045728422408294733e+01
-2.032140230564685623e+01 8.767810965475264950e+00 2.027020486642348018e+01
-1.870043369601631866e+01 9.564556172410258128e+00 2.121505969436585914e+01
-1.578186911957138427e+01 1.097495060547897872e+01 2.258786844635019975e+01
-1.627151170348013309e+01 1.030692585304918651e+01 2.126199848367313905e+01
-1.810945397740635343e+01 7.088024215200059430e+00 2.221979155248723004e+01
-1.876476696287925350e+01 6.171974205706326266e+00 2.215272454867794139e+01
-1.747182506176661576e+01 7.563905491244315549e+00 2.095125908588079611e+01
-1.505870152239979909e+01 1.045467265090860387e+01 2.297942820252585605e+01
-1.474782826847836681e+01 1.082867579030914129e+01 2.387787484694024442e+01
-1.251889634546807883e+01 1.263659138671335924e+01 2.648800798526377775e+01
-1.108568670131007927e+01 1.365961665643762224e+01 2.667195352696233002e+01
-1.007554261317521593e+01 1.403027877571367554e+01 2.757318405786864091e+01
-7.875529534474617677e+00 1.489005453470635665e+01 2.893777649995706724e+01
-5.612089931549844479e+00 1.506786759535311404e+01 2.795914710155470928e+01
-2.759659068592850151e+00 1.523141842035840554e+01 2.031266166742389956e+01
-1.417852098650903558e+00 1.488116370250217635e+01 1.307341120363938991e+01
1.051633953143476630e+00 1.410488801272118486e+01 1.030018809937241109e+01
2.101859146239343890e+00 1.384430301196602109e+01 1.033669504200368472e+01
-6.867742804423454528e-01 1.328474075423825518e+01 2.224281093904619055e+01
-3.711325564786204012e+00 1.266951482343968038e+01 2.921525227703309824e+01
-5.294739091780655826e+00 1.210008172060136999e+01 3.158563108565941135e+01
-8.338514082428742924e+00 1.093963744688190864e+01 3.006970354803806700e+01
-1.001405456032239094e+01 1.006991750400877628e+01 3.010281117269446582e+01
-1.270308364866975914e+01 8.738256950146151780e+00 2.757278456410520207e+01
-1.346475290246846512e+01 7.941256345493849622e+00 2.764133059899870304e+01
-1.527834281343614720e+01 6.109987986250038361e+00 2.576816797551594362e+01
-1.628730248033831174e+01 5.143393337943219734e+00 2.588596122872686323e+01
-1.830176771767420263e+01 4.090396190020713085e+00 2.678784443620982358e+01
-1.956526666439574669e+01 3.552127363049423447e+00 2.677266379131298990e+01
-2.075236289311683180e+01 2.537761212383432330e+00 2.476456333444460611e+01
-2.243413443373040650e+01 1.290910981524865608e+00 2.366056539324186048e+01
-2.203279635630166666e+01 -3.901296269200961175e-01 2.662579700969175178e+01
-2.151156586516346181e+01 -2.533492693634140647e+00 2.804235522615028842e+01
-2.105800241577682286e+01 -3.514606271141793137e+00 2.804226637663914801e+01
-1.883987778552288006e+01 -4.658144475055951084e+00 3.737327529683220462e+01
-1.718026259286727253e+01 -5.282306461612868986e+00 3.866126333218969791e+01
-1.425497787606365030e+01 -6.596870554670851483e+00 4.511298840524987952e+01
-1.308711433547748371e+01 -7.345328613741512136e+00 4.546911135492508294e+01
-1.166638246955516145e+01 -8.425102959203556452e+00 4.432759725714862498e+01
-9.032646626450327787e+00 -1.030667807517392021e+01 4.413892516728316906e+01
-9.581168440580544399e+00 -9.366740912197355939e+00 4.276228623280418617e+01
-1.056459230579412001e+01 -7.150503796070641016e+00 4.002281037283553644e+01
-1.126930543871631230e+01 -5.879255259249512200e+00 3.980734361035939628e+01
-1.247987025647813120e+01 -5.120288643059193845e+00 3.970030594663167278e+01
-1.445167904495883349e+01 -3.754716021659183056e+00 3.910908392940212508e+01
-1.804766377606890160e+01 -5.807427507137338907e+00 3.680504132965856456e+01
-1.876609307244022062e+01 -6.219057464454078143e+00 3.522331392487590307e+01
-1.820424404204699087e+01 -5.842437696151876025e+00 3.680797928032724542e+01
-1.596010502529494524e+01 -4.802496607059586253e+00 4.040768346626662577e+01
-1.358104432674333850e+01 -3.532096579724488983e+00 3.682271725551812835e+01
-1.360483067819226655e+01 -3.146526615962757845e+00 3.479179441769127834e+01
-1.362308658524516858e+01 6.229728111783299216e-01 3.009851589939691507e+01
-1.345855686729318101e+01 1.575834527732731249e+00 3.010722000379777086e+01
-1.319605410946412505e+01 2.175825700970038579e+00 3.107891304291245760e+01
-1.188980134903947139e+01 4.047123967956501644e+00 3.412738807379128048e+01
-1.124936821450195090e+01 5.045263686171119311e+00 3.458210369618142721e+01
-1.019614183438920385e+01 5.809126589825486242e+00 3.452105682588273083e+01
-8.393943270040892912e+00 7.077200016085954282e+00 3.429871286549049358e+01
-8.082224222014616544e+00 7.271915914595073360e+00 3.343293337470171878e+01
-6.132321295972733566e+00 8.256315135382259029e+00 3.259101657256771745e+01
-3.865799759288951254e+00 9.383452670730994427e+00 3.158620421633169073e+01
-9.857658948978457181e-01 1.011284050665922685e+01 1.904924177540532781e+01
9.736009401664913465e-01 1.068221581900903061e+01 1.774199212050499241e+01
-5.763165134143410917e-01 9.098838696549474747e+00 2.448044441217633604e+01
-2.614700570054981910e+00 7.176451324546229138e+00 3.141100903799724620e+01
-8.391313489621771149e-02 8.596700748784424917e+00 1.982044825236514285e+01
1.844244772487858341e+00 9.598285501859571411e+00 1.798013814174047198e+01
3.043006492390047946e+00 8.607325797531062861e+00 1.676925159106635377e+01
5.710779151342571858e+00 6.517048347764083260e+00 1.712433365346754144e+01
3.744007661507624984e+00 6.002739322310191028e+00 1.796088538243738597e+01
1.191089391718114676e+00 5.289988485207860691e+00 2.313845863078965337e+01
7.801733676929091255e-01 5.187271828569063103e+00 2.402150591906575983e+01
1.556029961142676443e+00 6.191627678177412442e+00 2.124431029386677139e+01
3.504263638435492823e+00 9.323726774413968243e+00 1.612426800807790173e+01
3.707893871109649631e+00 9.758375775206513225e+00 1.615054771687585955e+01
4.555321678894409310e+00 6.516003281840565542e+00 1.715527353943222266e+01
5.055979071969880501e+00 4.593875431472955739e+00 1.720577584443160646e+01
4.680550252008466749e+00 4.612705622080794932e+00 1.991152828376645800e+01
1.953657304257157890e+00 4.520230188910243641e+00 2.444254606695853482e+01
-6.573995368197868561e-02 4.596736467581239438e+00 2.653908943922662900e+01
-1.219547256678411351e+00 4.550506951417049528e+00 3.144357044545142799e+01
-3.130113508665163913e+00 4.603697366990309625e+00 3.193160289487873982e+01
-4.519433133159980187e+00 4.194643158453678744e+00 3.556902430754171718e+01
-6.131766775118546065e+00 3.723372964389425555e+00 3.591723329321033731e+01
-6.295483958225353227e+00 2.494275054850264350e+00 3.751831968859182354e+01
-6.480705124931160022e+00 -5.194241447571508186e-01 3.553628421828081940e+01
-3.900186144389367726e+00 5.283179006306466530e-01 3.380197721314753068e+01
-1.682403371074816079e+00 1.342395781037285296e+00 3.138194981198326516e+01
-2.909834269990681843e+00 2.798455735464471794e-01 3.264172208031226319e+01
-5.537804398690191476e+00 -1.727767233832626426e+00 3.289129724025308832e+01
-1.443438729065840143e+00 -2.095503241945336992e+00 3.146213518766290562e+01
-6.107736521320883405e-01 -2.254432750486798920e+00 3.226069794380991596e+01
-3.407930955654452809e+00 -2.577120118591372133e+00 2.982420369648543357e+01
-6.011168150684087053e+00 -2.839788795053269421e+00 3.319611698619694096e+01
-6.343986332059507127e+00 -3.023344085248097723e+00 3.363598799935844852e+01
-2.989710742870021143e+00 -4.338473811770264810e+00 3.295923109552236241e+01
-1.481107771738164214e+00 -4.873808881703839191e+00 3.286464326167705963e+01
-2.539619334260789341e+00 -3.797675070830346389e+00 3.031807170133876639e+01
-4.092610360813475623e+00 -2.151427460062766972e+00 3.096213774678602704e+01
-5.939308903129983719e+00 -1.643661777785577760e-01 3.577409005689287369e+01
-7.356712499243291070e+00 1.213791753507409643e+00 3.699668317279264329e+01
-5.001636843103195673e+00 4.787102350010076779e-01 3.284252492370259091e+01
-2.957491304442677604e-01 -1.066355999754015516e+00 3.302451573091585857e+01
2.353382908008744057e+00 -2.087912725485327137e+00 3.408425243214666267e+01
4.664051346571374879e+00 -2.795091095149814464e+00 3.349934804948588152e+01
8.239837971678051431e+00 -3.970879723177849208e+00 3.486294135648645920e+01
9.656891053384446977e+00 -4.681797876363502198e+00 3.491218644364632695e+01
1.398395184753158382e+01 -4.134157269646207666e+00 2.873422165741886403e+01
1.648129364047984424e+01 -3.840319318018192263e+00 2.320909355030530463e+01
1.724884920654001874e+01 -3.729964849443909714e+00 2.075544592673885447e+01
