-1 -1 -1
0.210340023041 0.0948859401773 -0.0461596980279
1.21087002754 -0.0634432751477 -0.00312240907461
4.21942591667 0.0386612632051 -0.0893435528834
5.72612094879 -0.097156455689 0.0994807299963
7.73127102852 0.0580211868895 -0.011168361742
10.7369699478 -0.0357976358056 0.0816925557203
11.7502820492 0.0424656657851 -0.0694467188281
16.7622039318 0.66984590961 -0.0669810861209
17.7625749111 1.68586999283 0.0640566354499
18.7764530182 2.85346619802 0.0894463904485
19.7774550915 4.20875120411 -0.0991405066292
21.282433033 6.28443986381 -0.00458298447774
22.7883200645 8.22821039396 0.0107778895541
23.791328907 9.50039267481 0.19152543216
24.7949590683 10.7956584304 0.401824025785
26.3042900562 12.7336085276 0.76772393006
27.3040759563 13.9583952226 0.966403273211
28.3079349995 15.2200935694 1.25087180102
29.8096539974 17.2069424447 1.91660873753
31.3203818798 18.9670036589 2.54432195444
32.3263409138 20.2458402849 2.94266758655
33.3265349865 21.3555825333 3.52216991597
34.835226059 23.2419893138 4.36804614314
36.3427329063 24.8377448154 5.29254398442
37.3470349312 26.0348920999 6.06618539159
38.3502531052 26.9462881938 6.68931764566
39.8224511147 28.5118221778 7.89121313894
40.8554239273 29.5979414862 8.78842113257
42.3638119698 31.0811931928 10.0734714789
43.3638908863 31.9202179108 10.8810181039
44.8685879707 33.3297977547 12.26170186
45.8728489876 34.2217767964 13.3749848486
47.3833560944 35.4838460225 14.8537682841
48.8889200687 36.628940518 16.433423315
49.8961229324 37.2438695161 17.4813084041
51.399075985 38.2341346879 19.2110843073
52.9034719467 39.1842673052 20.9548126914
53.9027988911 39.744082073 22.2344117445
55.4134728909 40.3555146951 24.0325613309
56.9165129662 41.1646718671 25.8138996642
58.4188110828 41.5598970435 27.7251414554
59.9314908981 42.0503991828 29.2205556076
61.4365520477 42.1295802323 30.5423370988
62.4395608902 41.9097961884 31.084648217
63.4430549145 41.7183203366 31.8201093942
64.9539620876 41.3673814181 32.7314331083
65.9545989037 40.9634401503 33.4769889049
66.9628109932 40.5585016895 33.8353512382
67.935352087 40.017640738 34.4397299761
69.4700610638 38.9083182402 34.9165288741
70.4752159119 38.2580212739 35.342074105
71.9824669361 37.1648507724 35.482571958
73.4818079472 35.9978409428 35.5825175922
74.4840939045 35.2214810691 35.4442480415
75.9931719303 34.0386801193 35.1250792653
76.9992260933 33.0946417746 34.6530309289
78.5065450668 31.863288859 33.975179223
79.5134890079 30.9799486804 33.2848598078
81.0141739845 29.5573169689 32.0564380311
82.5181930065 28.255728633 30.8451435594
83.5254409313 27.4521401452 30.0552656223
85.0314030647 26.3533176568 28.5022978255
86.039894104 25.6004803284 27.629642411
87.0700449944 24.8825352713 26.4797371263
88.0453269482 24.316533256 25.5305947156
89.5520660877 23.5064077601 23.9821261079
91.057019949 23.0046151568 22.1739338253
92.5638329983 22.3738202379 20.3953114935
93.568420887 22.113510295 19.3669221639
95.0719490051 21.9159867616 17.4744165064
96.5722460747 21.7672628488 15.6356706752
97.5788860321 21.7152331807 14.4441068582
99.0855100155 21.8617322329 12.7812540051
100.095719099 22.0110974718 11.355685888
101.596482038 22.3948111861 9.51276596133
103.095083952 22.5842027684 7.43354185035
104.108503103 22.8354392693 6.00524107562
105.136008024 22.9048197188 4.60310847477
106.617223024 23.0706552623 2.81007312157
108.125407934 23.2379088623 0.793562635528
109.125133038 23.1366413547 -0.583483702888
110.124433041 23.0092412019 -1.88206217499
111.636786938 22.8231132851 -3.70384757334
112.641254902 22.7398538069 -5.09935584881
114.147712946 22.290822074 -6.92047564597
115.648689985 21.7814765926 -8.82386818318
116.656512976 21.4280012416 -10.0452913264
118.159956932 20.8077684096 -11.9100738375
119.159665108 20.2188618102 -13.1950272674
120.674735069 19.6060701286 -14.9497735978
121.667016029 18.8727267724 -16.1419144548
123.177233934 17.8903261246 -17.756362399
124.679980993 16.847186881 -19.5316603655
125.690702915 16.2246835792 -20.5726316665
126.694967031 15.4568903584 -21.5042581593
128.198472023 14.1695771296 -23.0445909357
129.701478958 12.8982237057 -24.4998945736
130.701194048 12.0246609726 -25.3956224165
132.21105504 10.5616645402 -26.837068088
133.7236619 9.02481712436 -28.0391733229
134.718816996 8.06136286767 -28.8584588192
135.720889091 6.92148349189 -29.6224034883
137.227103949 5.29963260782 -30.5662427803
138.228733063 4.17777368832 -31.3082249984
139.242291927 2.93847176726 -31.9424070167
140.229285002 1.91211311306 -32.4767992405
141.746670961 0.136331705197 -33.2282894765
142.750988007 -1.16563849769 -33.7408418587
143.753743887 -2.40460730708 -34.2705396857
144.750972033 -3.69052632925 -34.5052348227
146.261566877 -5.49490865201 -35.0776547048
147.273602962 -6.79860828161 -35.2697972297
148.77524209 -8.70929362539 -35.6473471616
150.282202959 -10.6979986103 -35.9824584212
151.781079054 -12.6929845862 -36.1278807575
153.294604063 -14.4748305964 -36.1273512204
154.288789034 -15.9234196342 -36.0353132044
155.806879997 -17.7280774489 -35.9313011176
156.800446033 -19.2018546791 -35.6853799522
157.796838045 -20.454972213 -35.5743097704
159.313846111 -22.2316683771 -35.2121143656
160.823210001 -24.1722155477 -34.7252947577
161.81697011 -25.433150411 -34.2330496951
163.332254887 -27.2477373334 -33.6620490791
164.839742899 -29.025850265 -32.873925711
165.834383965 -30.1802337012 -32.4077151355
166.827564955 -31.3508355986 -31.7727235102
168.350886106 -33.0919972584 -30.7923104493
169.856121063 -34.8067532651 -29.7437102675
171.363615036 -36.3211616762 -28.7203943717
172.361552954 -37.4486597498 -27.8285733104
173.861912966 -38.8964115113 -26.5139897469
174.864635944 -39.967549693 -25.6074192614
176.376729965 -41.3081462487 -24.4044734378
177.887742043 -42.6249751941 -22.8560778464
178.883342028 -43.2869881516 -21.8374746423
179.885776997 -44.217872073 -20.7216827642
181.405567884 -45.2609597377 -19.1133707283
182.39385891 -45.9694153943 -18.0720323529
183.915597916 -46.9031367636 -16.4092813306
185.421348095 -47.5061864761 -15.0549513739
186.407890081 -47.9829122458 -13.9578851646
187.427711964 -48.208299201 -12.8876062814
188.924793005 -48.3742143693 -11.5783979085
190.437457085 -48.2708564474 -10.1701394951
191.430464029 -48.2703474422 -9.36471170979
192.448472977 -47.907834401 -8.44763106677
193.958018064 -47.4408575473 -7.15529892532
194.94511795 -46.9627426504 -6.37429959732
195.956352949 -46.4824513785 -5.62947631659
197.455094099 -45.6845582212 -4.67820190885
198.460944891 -44.8749667111 -4.16791733502
199.961709023 -43.7477672828 -3.44488845238
200.961025953 -42.964066486 -2.98215778013
202.472579956 -41.6063767512 -2.56546007979
203.483995914 -40.8410476075 -2.53041268417
204.496654987 -39.7886341414 -2.48652025908
205.984802961 -37.9864872048 -2.43606246481
207.4986341 -36.2267113345 -2.53307553999
208.510588884 -35.2070860559 -2.88378991374
209.516433954 -34.1377060955 -3.00039586723
211.023961067 -32.4077600707 -3.52249534109
212.027632952 -31.264929631 -4.07660665861
213.024610043 -30.1456453967 -4.62988909796
214.534962893 -28.2204019564 -5.42513929746
215.530695915 -26.9979103905 -6.25017864335
216.54186511 -25.6927604313 -6.72183533727
218.040404081 -23.718127503 -7.73403413106
219.037571907 -22.2221632043 -8.33719231144
220.043936014 -20.9460240778 -9.02609657033
221.045224905 -19.5473935415 -9.78614833775
222.049855947 -18.1710423098 -10.3118954266
223.573695898 -16.2159986888 -11.3892338136
224.560457945 -14.9264823344 -12.1357013597
225.58070302 -13.5673086057 -12.6287137777
227.086205006 -11.4065008973 -13.6127715504
228.087363005 -10.063903961 -14.2885298553
229.092758894 -8.78921630699 -15.001454916
230.59812808 -6.78258525655 -15.9101164247
232.100831985 -4.73814929201 -16.9968187183
233.092026949 -3.56235684462 -17.587649227
234.608705044 -2.13123677094 -18.1017606129
236.104486942 -0.87128756707 -18.2913812148
237.109888077 -0.261980000448 -18.379451257
238.113301039 0.631191983173 -18.2809423371
239.623550892 2.00758344461 -17.8778952542
241.145953894 3.62394051653 -17.469299328
242.148159027 4.55287626438 -17.0248009635
243.659827948 5.87785149236 -16.1144406119
244.643260002 6.64638527074 -15.5741425514
245.624417067 7.4771398753 -14.8203224883
246.672801018 8.23345755539 -14.1454508458
247.661654949 8.86298804779 -13.3089339412
248.664709091 9.48655732436 -12.4867251709
250.167433023 10.2728616575 -10.9983781117
251.182606936 10.6917291506 -10.0857816955
252.693397999 11.1434721376 -8.56444500759
254.195183992 11.5635683237 -7.15483596564
255.193988085 11.7549457584 -5.9342159528
256.705174923 11.6899520566 -4.46714281346
258.222331047 11.459305209 -2.8524722452
259.201443911 11.295918998 -1.74238625682
260.208391905 10.9429155557 -0.882060905796
261.72386694 10.4550319386 0.685595238801
262.72120595 10.0488465153 1.5063060213
263.731626034 9.5258344287 2.07395003872
264.715370893 9.19173018093 2.44569974641
266.244220018 8.46208760896 3.03916308214
267.760194063 7.64079118996 3.42109697626
269.248699903 6.67430858713 3.56119866037
270.753709078 5.77012923955 3.42349530391
271.760580063 5.25712979109 3.25120127014
272.766108036 4.7739355784 3.03707905063
273.767608881 4.14170092819 2.55188130532
274.773276091 3.57763249554 2.10686794849
275.795130014 2.8584686233 1.46275300816
276.803920031 1.84525960924 0.661342532541
278.296947002 0.805821268677 -0.373615319835
280.295151949 0.72106173349 -0.261364153273
