-1 -1
1.68505597115 39.437509868
5.19483709335 39.4090216093
6.70393109322 39.4765827632
8.20982098579 39.5341828297
17.2356669903 39.0690944657
18.2403988838 39.577096822
19.7508831024 39.3498852579
20.7543959618 36.7032824781
21.7595961094 34.5268062651
24.2644860744 28.2537594051
25.7683720589 24.9245624316
26.7779750824 21.2857916744
28.2801449299 17.5955903686
29.7713840008 17.5771222249
30.7926568985 17.1349043584
32.293587923 19.0177710233
33.8008630276 20.5385019838
35.8105759621 23.0955938018
36.8127250671 24.3164657254
38.3194539547 28.7422448434
39.3032999039 28.2648030443
40.3257639408 26.8956801015
41.8297019005 25.0947808662
42.8367180824 23.517572081
43.839867115 23.3573408195
45.8476779461 21.3357609067
47.3510849476 20.1717421308
48.3551590443 20.0411847051
49.8550760746 20.6733005291
51.3674249649 17.5601152497
52.8695399761 15.5620118107
53.8738620281 12.7952631742
55.3810689449 9.12690482091
56.8839859962 6.38168133875
57.8873000145 5.49137213819
59.3972680569 4.92281740897
60.4005570412 3.70540259468
62.4108550549 1.83927549273
63.4164071083 0.670938684359
64.4172289371 -0.877479984652
65.4177958965 -2.95314468839
66.9319241047 -3.99921776015
68.4315860271 -4.78621308216
69.9416620731 -5.06586268096
71.4416298866 -4.25544110843
72.4485869408 -2.7664986489
74.4570019245 0.535199462775
75.9624741077 1.13487425349
76.9338359833 1.31178401811
77.9770419598 2.83279138167
78.9748220444 3.54468092146
80.4836161137 6.38204260006
81.9930698872 10.1580815809
82.9871170521 11.9027417252
83.9974780083 14.8622438422
85.5016140938 20.104803911
86.5020730495 22.2055510423
88.0151751041 23.5204979215
89.0162398815 21.8783468178
90.5165100098 20.6224056746
92.0314888954 19.2876483907
93.5362679958 18.0739151644
94.5392050743 17.8584003789
96.0467870235 18.5562837756
97.0463430882 20.3913844863
98.5569469929 21.4693563636
99.5497190952 22.2878347471
101.055063963 23.1561623103
102.567234993 22.6028086908
103.568046093 21.6097414432
105.077632904 21.987356988
106.586437941 19.5468763439
107.589323997 19.5438783175
109.086224079 19.6388649119
110.598733902 18.5201197423
112.605262995 17.6341671488
114.112198114 17.7972524094
115.624192953 19.0847529444
116.618015051 19.1663934093
118.133686066 16.9280435709
119.629899025 16.4750776871
121.651963949 15.9252620101
122.64474988 17.9238344424
124.150492907 22.3737501038
125.159111023 26.2730231059
126.161199093 28.5648965836
127.670505047 31.7705357726
128.661794901 32.7987711482
130.180624962 33.587981786
131.679653883 32.473115827
133.191273928 31.969118333
134.192420959 31.9396008224
135.189255953 32.9883527758
136.1924119 34.2168135142
137.698944092 34.3335323107
138.713453054 34.3071793013
140.214690924 33.6636781991
141.717950106 33.30896817
143.217541933 32.8628729904
144.724281073 30.064743946
145.728408098 29.1728365281
147.243603945 27.9260919032
148.246027946 29.2973603912
149.756618977 30.1438198482
150.757174015 30.86729105
152.254627943 31.2835352948
153.763367891 32.6413332013
154.767266035 34.8144907935
156.28073597 39.2199591804
157.781284094 41.5439873585
158.791470051 43.048447707
159.791551113 43.3944528513
161.293673038 43.4007648139
162.804752111 43.8599876137
163.80714488 42.6777119071
165.300666094 43.4538478018
166.811775923 41.8287002246
167.821564913 41.0476783959
169.326905012 40.9628370032
170.325643063 41.3848584681
172.330555916 39.3673911017
173.844338894 36.6751274354
175.383251905 33.5219791065
177.854675055 26.4416931288
178.86589098 26.080610392
180.362432957 24.0255745676
182.376271963 20.6100669009
183.387226105 19.8010242789
184.886833906 19.6199170979
186.389527082 19.2951137996
187.907917023 16.1080508482
189.898196936 14.7660260452
190.917006016 14.1872961868
191.915206909 14.4505720531
193.410633087 14.2137028112
194.924249887 14.9908365589
196.436935902 15.3862863593
198.948294878 17.424132426
200.439464092 17.5671312627
201.485510111 17.6992307059
202.961184978 17.7534606515
204.474299908 19.0378326993
205.462061882 21.6303379574
206.478703976 22.6198917058
207.982275009 25.2806988116
208.9782269 28.7354935209
210.481112003 32.9384923262
212.002078056 35.8762097301
212.999872923 38.325528689
214.51046896 40.7275057769
216.016971111 44.3395849634
217.01178503 44.3788454493
218.536921024 46.3650036853
219.533308029 47.3327396162
220.52896595 47.7677400487
222.049855947 45.9294463131
223.546745062 45.2280985876
224.560457945 45.7597175184
225.554198027 46.4258684401
227.058885098 47.5384233148
228.087363005 48.2713102734
229.063687086 48.9722480769
230.063226938 47.1569078469
231.57329607 46.1326390456
232.577785969 47.4526870883
233.577893972 48.0845759287
235.595886946 47.8989702999
237.109888077 47.1457018778
238.621790886 47.492744907
241.120635033 46.1826223291
242.123569965 46.2366170519
243.135072947 45.1892901034
244.114763975 43.6594352361
245.117125034 42.050875059
246.125972033 40.3076608609
247.150671005 37.6259806211
248.639560938 35.4800571095
249.652056932 33.0768828978
251.151968002 31.8551034691
252.665899038 30.0945747348
253.661257029 28.6264392262
255.137042999 26.4400470382
256.677939892 26.2525698701
257.67283392 26.2204503067
259.201443911 25.9541080393
260.684925079 26.3632784539
262.689687967 30.0703126064
263.705112934 31.0199369548
265.206636906 32.0935535457
267.733808041 34.6990504144
269.224627018 36.9397365899
270.222351074 37.7729775858
271.249423027 38.4045258437
272.741410017 38.6373464199
273.767608881 38.6023143973
274.74247098 38.9543608732
276.255182981 38.5758111463
277.753539085 39.3297565944
278.775362015 39.6399455345
