0.691056947089,-0.00183897541363,34.2005441579
3.27616143037,-0.0851603779259,31.4991960793
5.75458763813,0.085821719639,26.9143605475
8.25595160256,0.0704688738407,25.3927791993
11.8670051922,-0.0134116034939,26.6934379402
12.1841679264,-0.0454402924517,26.8033087005
14.1963634616,0.692193943442,29.587916955
16.5463743283,1.6455512451,29.7214364107
20.0619162438,3.05257350365,26.5265552285
23.2800192494,4.41120618771,21.709806631
25.5779631234,5.19572663738,18.1210511236
28.0055611408,6.24012348657,15.796989994
29.1451448664,6.55704974447,7.97077475028
32.5864486829,7.82138581666,5.07665378542
33.2426961333,8.22081874613,3.61724495337
36.2149794971,9.25988796604,0.897542418213
37.1722784192,9.69994243297,0.828692578724
37.5619723235,10.655075552,-0.516319449482
39.1739283367,13.967263269,-2.53563975979
40.8108242785,17.3832309774,-3.53528772717
42.4865157781,20.7061461072,-2.28133257284
43.2559933595,22.56773833,-0.378580499609
44.1821201468,24.4656739806,2.16429863321
45.2002381,26.3389031748,3.77589132918
45.6401966498,27.1611596086,4.04161783567
46.3243346651,28.6226815135,5.24152492348
46.7212105245,29.4180810161,6.00350930369
47.7089812587,31.7272542615,7.49808045974
48.0643610083,32.4329289099,7.46556314237
48.1498881969,34.3097806259,None
48.229916763,36.7376886323,5.8221617114
48.2568495503,38.9541178274,5.28845266878
48.1578951077,39.6053826133,5.94266766087
48.2983267969,42.2860954745,7.43896067872
48.5139833712,44.7104696501,11.5336302705
48.6678561106,46.5075883175,11.9493682933
48.1060055336,46.6113840129,11.3523226432
44.6297424585,47.2029653818,7.80019874888
42.1468082121,47.783176335,5.78286148642
40.9196791605,48.2142514745,5.73891774092
38.4576931079,48.2595907442,3.37578401651
37.7116837804,48.4276524481,2.87498181951
36.129712282,48.6063613706,5.02503659779
34.1885244117,48.7161857495,5.55507872632
34.4844292521,48.1219022019,2.06502056835
35.3970658888,46.4455318084,0.439848565176
36.8695985215,44.1650765298,-1.61812372618
38.4601428173,41.2504469925,-2.20307815808
38.7535985261,40.9087598975,-2.19440359162
39.8227818442,38.6229622887,-3.76230756959
41.5997365713,35.3353517581,-0.519603828487
42.7275703305,32.9964791111,3.92864178156
44.4034702376,29.7829406853,4.52983758322
45.4314476257,27.4388270662,3.86288669046
47.1286563103,24.2456623757,4.16367686524
47.6634727794,23.0970201843,4.4301876017
47.93422852,22.6213660969,4.50717089932
47.1444353644,23.4873151727,3.16124789889
44.6075495438,26.3259629202,1.59547632914
43.0595913807,28.2541670004,None
41.5001661714,30.1130142316,-1.23247707824
39.8948015854,31.8854469219,-4.61165809674
38.3797445996,33.5926154544,-6.8626939208
36.7586329673,35.4892570526,-8.58054979139
34.9458971112,37.4771926779,None
33.5565636826,39.166599327,-5.04728562835
31.8667740634,41.1976057362,-1.42174789328
29.3432345959,43.9138479694,0.670039588318
28.8011847866,44.2758364973,2.62154677641
25.6041776982,46.1534276158,5.68989739105
23.553569156,47.4180374137,7.50292986756
22.447750026,48.0430223431,7.45381237437
21.7432819937,47.9756941487,7.87593226341
17.9766700941,48.4601038234,8.42278972797
15.6573489641,48.765578241,10.1096802104
13.4303309065,48.7384330646,12.0252717344
10.2379993676,48.8119813614,11.2583996368
8.69760669085,48.6765909695,10.3251118955
7.68259177306,48.7721683454,10.2870519439
11.0283690882,46.5909357437,10.1663625381
12.5555512871,45.6328899348,6.66283435004
15.0478334184,43.9638504809,6.50371678774
11.4221391259,45.1367602403,9.05559358937
9.66891805553,45.6176974004,8.45213607262
8.07441855304,46.1493041511,8.43738564144
7.25506378653,46.5060631783,8.88294159873
3.54453084248,47.6905104818,11.9640340604
1.72098958551,48.2355824551,10.1750446808
-0.71912460062,48.2622839205,6.27213427539
-4.29130646545,48.1964704616,7.2237502709
-4.86703174152,48.2254451724,7.15527840302
-6.62714623119,48.0501036501,7.38059848606
-9.14935028351,47.994972499,12.7615095537
-12.8398551822,48.0541070916,16.2781730104
-14.4742756411,47.9878947574,17.4905728501
-14.8363760658,47.9428730819,17.6062015691
-16.8933493659,47.7801899249,18.8924481229
-18.9803456673,47.8923866311,21.1571324164
-21.9393055521,47.6843737777,25.9431027806
-22.4022758928,47.7550058487,26.1384410666
-23.7626374538,47.7470527476,26.2927362583
-26.1531343427,47.9206163463,24.3967979055
-28.6703639929,48.1345246069,26.6859563443
-32.3809890705,48.2700303015,27.7198206026
-32.8982738221,48.2365639651,28.2182576681
-34.4643910715,48.4227900961,None
-36.9806440087,48.4899279359,29.6685414108
-39.3863047561,48.5959019525,28.4313568157
-42.9587994221,48.8376237133,26.7578355902
-43.9077236306,48.7503665324,26.2331474922
-45.3428363308,46.3847777201,27.2030588109
-46.7909176697,43.3919148381,None
-47.4280365282,42.1051395901,26.4026262088
-45.2551614872,42.1880728249,26.3541971699
-44.4657610849,42.1167552528,26.3428369744
-44.0948393638,42.1050385772,26.030826801
-41.5868448952,41.9063390315,26.058495331
-39.0888095483,41.8651807065,25.6202166227
-38.7945292489,41.9637067172,25.6254897732
-40.7813968436,40.4004544999,24.0585437343
-42.804517999,38.7406383203,21.536750797
-45.7624104526,36.39846713,None
-46.1595474417,36.1635130997,20.4959311311
-46.8631369312,33.4892235126,19.3145849365
-47.9866823402,29.7898007574,16.1969199039
-48.2899978243,28.7137573483,16.0688023302
-47.5044945065,29.1743042719,17.2322340796
-45.2651418588,30.2598989823,18.3770448571
-42.9800086556,31.2479919123,20.991710497
-40.5981212621,32.3692587291,21.8271421076
-38.4774085305,33.5108908955,22.0305579306
-35.0459173984,35.175355293,24.1281823522
-32.7775729545,36.4235651394,None
-30.7128638218,37.2407026523,24.7006372337
-27.9194685495,38.7137326113,24.2440353569
-24.7576513619,38.9687637055,25.7760208787
-22.6805358465,39.2095831988,27.3637331465
-19.9833002202,39.6476772356,26.4869091182
-18.2020599108,39.5442975736,23.9444540088
-14.5598465582,39.5851320608,19.6895843327
-11.4490961452,39.6759761028,15.781559907
-10.9353643682,39.6702517658,15.7978197768
-9.95758739918,39.5066801617,14.3223775024
-6.30499124177,38.6401541507,None
-3.81386692668,38.0292572704,8.79226920815
-1.30002742414,37.4495916426,None
1.07343184707,37.0659676563,7.58484741112
3.52359014957,36.4890877624,5.2942939309
7.29708477243,35.7349945058,4.76366533959
9.60266120063,35.1236179388,4.63441929106
13.1866005889,34.4957080657,3.86663691592
16.7841109179,33.7021239597,2.07874049108
19.2304583597,33.1113369253,1.80119182715
20.6576558746,32.861234141,1.61513659668
21.5947123878,32.6089510378,1.76173728544
22.4264809441,30.822882708,2.67631236043
23.7420498198,27.5677817684,5.41224573981
24.6629295578,25.4177075938,9.61492095247
25.8344248944,22.9988326724,12.3524716552
27.873567123,22.2417506667,8.66500967627
31.1136398841,20.6361139671,5.43886412004
34.5354748687,19.1255628584,-1.8889244697
36.7697606518,18.2099601291,-4.81696157876
38.8211588505,17.1412024842,-3.40442264693
41.3018944066,16.2397289551,-2.31216851773
43.3582712717,15.1748023126,-0.749390715224
46.7316291326,13.7880695915,0.291081804696
46.9056051083,12.5665710819,0.880630519217
47.60403431,9.18711757359,1.14401419517
48.2511011449,6.13451486955,2.18396684663
48.4312507854,5.57809114929,None
48.5999982071,3.16948876426,4.7346833475
48.6597734637,0.602659916399,6.02953310267
48.6669778938,-1.94498190188,5.99853893559
48.6010473697,-3.94066134768,7.51349455549
48.7442183989,-6.54339640005,11.2434457239
48.7017690564,-9.17227847025,13.9053273701
48.6317777621,-10.0331826226,13.809187455
48.626116025,-10.867240605,15.5608092177
48.7352778861,-14.614296261,16.0814281777
48.757945677,-18.393434915,16.9739711924
48.6865638459,-20.7838749888,15.7696289585
48.7474995686,-24.5276265979,15.625789465
48.608396918,-27.1160765915,None
48.7526451216,-29.6970912824,15.1415318767
48.7417971503,-33.3578771527,16.6353207406
48.6083836061,-34.2613799001,16.5866808969
48.7302609954,-34.8508779673,16.5948483958
48.6823097793,-37.5697874707,16.6094183417
48.7224647731,-40.0097266724,16.7900100759
48.6931702525,-43.6881085138,17.1273066477
48.6215954808,-46.2783008786,17.243144647
47.7396245549,-46.5487580349,18.4487424456
44.5026406916,-47.3819978768,18.528136519
43.9522915196,-47.4953075749,16.8379961596
40.8732218263,-48.3908404933,16.6430761698
41.230387464,-47.6597626176,17.5826622311
42.0589682731,-45.1626731296,16.4643431599
43.3692775225,-41.7289253812,15.6587037347
43.6898751542,-41.1036962522,15.3030545302
43.7021246779,-39.1789672672,13.7472593348
43.6907014192,-38.6787087574,13.80130232
43.8090485094,-37.7499954751,13.1860033345
43.8761171684,-35.3527369191,13.6977510101
43.7639867186,-33.6859721771,13.6508603711
43.8385559513,-32.8014490159,14.5538869036
43.7989736718,-31.7740560662,14.4792546315
43.6698660637,-29.4594180058,14.5188194754
43.4747519215,-26.0365253673,16.0192458925
43.2447412229,-23.6344965134,17.0888612475
43.2874822421,-23.2652133229,17.0928123785
42.8911152701,-20.9510854114,None
42.6625454423,-18.4211666046,20.547441864
42.3353474726,-15.5649604632,20.4628224529
41.00369409,-11.874704071,None
40.0137415297,-9.50448551946,14.816170436
39.4776177297,-8.04988282235,13.8101368193
39.5318206506,-9.44499012543,15.758976922
39.6827469869,-11.617568989,20.8629020468
39.7231464729,-13.7087163015,22.0908749301
39.8373295132,-16.1355612058,23.3705511811
39.8151286066,-17.4553794538,22.7009426008
39.732810905,-18.2369223326,22.4006943311
39.1835418489,-20.9248464113,19.6263571987
38.5362739162,-23.7079179465,18.0321386987
37.9604712514,-25.995432849,19.2015677513
37.1664965378,-29.2428182927,21.7176562282
36.7358848451,-31.6992338433,21.2629636033
36.0797946505,-34.2705077113,20.5432269484
35.3856225605,-37.9325232725,16.3075137683
34.768544249,-40.2027100835,17.5714755441
34.275975651,-42.5477359127,17.5935974252
33.4213394297,-43.3209098907,19.0360661725
31.4354957198,-44.796815076,19.076620737
29.518436449,-46.4985932637,19.2164093842
27.9709780611,-47.7249166032,19.4945953244
28.2447892551,-45.5990958259,20.759386259
28.3170818797,-42.1134660344,None
28.6503041489,-39.6254459359,20.4443190569
28.8368677152,-35.8341672888,22.1524472918
29.0142086881,-32.3852298981,23.9987526902
29.1218340403,-29.8420012016,26.0618363663
29.4046034484,-27.4928628151,26.2096488043
29.0795396638,-28.9783744595,24.6970211075
28.659418699,-30.4435329401,24.5789474489
27.6640979237,-33.8030637101,22.9601725158
27.1442155734,-35.8106339012,21.5646717495
26.2178928554,-39.1131418836,23.7990228258
26.1451544277,-39.8149179656,23.6965931858
26.0410467121,-40.1114059497,24.0512295174
25.1897702797,-43.1166724462,22.3503929021
24.8190583124,-44.4179463602,23.0108533036
24.3298861834,-46.4330136577,23.3767886398
22.4416528485,-46.8226085349,22.7420129603
20.0553890547,-47.3006813876,20.724693553
17.6900162285,-47.7590128837,19.2218023429
16.5294303372,-48.0891125315,19.2789714182
17.0191162485,-44.4100433777,23.8791077081
17.3332962931,-41.8586916283,26.5908723755
17.7558013794,-39.4657955919,27.1164431891
18.0249614939,-36.8136199164,27.4209106287
18.3922082611,-34.335448778,30.5859432015
18.9715956406,-30.8635677916,33.0812425545
19.3409808535,-28.5776618903,32.903766919
19.9174531305,-24.9351896859,35.3333200875
20.2628350808,-22.4272334454,34.4808327394
20.4788614969,-20.912302407,34.4250202243
21.009944044,-19.4918962288,35.0086578814
21.9688502001,-17.4750184866,36.5604488905
22.9674409584,-15.1028643964,37.478209403
21.0631321238,-18.0116413109,None
19.7628322916,-20.1721705534,35.3737511927
18.3222942039,-22.3551121198,36.2571396222
16.968496617,-24.4508305075,36.868666648
14.7724478164,-27.4999013263,33.6839258326
13.8172662013,-29.026369963,31.3998529627
11.7879070313,-32.2877767396,27.4456701685
10.3385640528,-34.5277983912,24.7526249789
8.73956304484,-36.915455741,22.1361532103
9.04915250159,-38.6063661293,None
9.32305065866,-40.8356952793,21.9253219973
9.91509676529,-44.5181663135,22.8498228056
10.1780985308,-46.0931937741,22.7909786753
10.3416953729,-46.7902406788,22.6511231593
6.44028548578,-47.4822892743,20.3301031798
3.01799402021,-48.2513901772,18.7490130506
2.53827134934,-48.3324321897,18.7294261891
0.744422177418,-48.4278876102,18.0801317763
-0.155448591182,-48.4896819492,18.7880625431
-2.07107671005,-48.5595394063,21.1678545789
-3.89281008296,-48.6353322375,21.4948238807
-4.94514862534,-48.6419972221,21.4648522005
-4.28428582217,-46.9996973577,22.198191466
-3.47233693384,-44.9443083634,21.9435744385
-2.30390596935,-42.2334514701,22.9076874161
-4.37552160787,-43.5747622055,None
-6.52607862011,-45.0992950037,23.7511681542
-9.68131175719,-47.1619085715,26.1453649034
-10.7999173875,-47.6940617542,26.2723411727
-10.198582947,-46.8536781876,26.8305526202
-8.76423463007,-44.6825784673,27.0515205162
-6.90127729512,-41.3674778406,29.1175231961
-5.74598899173,-39.5638939362,28.8159226681
-4.40919946317,-37.3605058565,28.8641630152
-3.04621006173,-35.2212750183,31.4457308907
-1.98394685802,-33.3211807305,None
-0.811220802704,-31.2476884321,31.6054028055
0.606329293516,-29.0297323417,30.8413002027
1.87190965839,-26.934761711,30.9868672024
3.29942583778,-24.5286166068,31.0123282412
4.76231859683,-21.1132758767,31.3197698478
5.92558585477,-18.8503488482,33.6969306854
6.1750763225,-18.2560386656,35.3173364162
6.59381704515,-17.0431682746,35.1906019172
5.96396689706,-15.2451481511,None
5.25531188132,-13.0491291,37.5583694954
4.57261588381,-10.7098346113,35.4331802868
3.87740179231,-8.23816605308,34.1327443773
3.07249575743,-5.84800257454,35.5831101436
2.32468818384,-3.56288639646,34.6340899508
2.11205730906,-2.4816945188,34.5960541051
1.07902685143,0.739280446851,33.6639938405
0.0662114313755,4.26091185982,29.0239791228
-0.636929261308,6.22564116514,27.7570809879
-1.01194709153,7.31356398503,27.4487479712
-0.819863170342,7.77149191742,26.3535789006
1.08116150095,10.9713918161,25.2246745675
2.33106458395,13.2637322544,21.5550137293
2.73590423482,13.782651158,None
4.01963129014,15.8983443108,19.1280867057
5.18744340486,17.8779193884,17.5556961465
2.57433241651,18.7004500998,21.6167966994
-1.00920930731,19.9144243983,26.0409791957
-3.26178610331,20.5981357863,28.6218446839
-5.77089126093,21.4396186537,30.9321266734
-7.02166320741,21.7708053705,None
-8.23962973297,22.2588888494,31.2316565228
-9.23177711163,22.8188894501,33.0751516798
-11.5429684866,23.791462955,32.5562003814
-14.3765787207,25.1297463824,31.0606583474
-16.5183846833,25.3317627934,29.2896319561
-18.9179696903,25.6326496434,27.1025180781
-22.4169938857,25.9448209446,26.9598147686
-24.9861096386,25.3948237321,26.2219201216
-27.237318171,24.9695675479,24.8894273055
-29.8570718795,24.3249641164,None
-32.253648802,23.8995515414,23.5938660469
-34.6702384158,23.2712040575,22.3193787847
-38.3336237072,22.6325336656,21.9807252716
-40.9054054896,22.0386581001,20.6063169985
-43.08005333,21.5342224542,19.3437628805
-44.9885582782,21.13707537,17.7562024761
-42.3113104838,19.7352412369,19.2277323657
-40.1100342141,18.5310308591,20.7760018308
-38.2197407594,17.4897430871,20.3499399885
-36.6770477362,16.6387524492,19.7285583016
-37.0343585222,16.49183812,19.8044315145
-40.8491225164,16.1909280477,22.5786090269
-43.4003290828,15.8658102096,19.3621163661
-46.9487076609,15.3925491067,18.5759250201
-46.4400876581,15.3522967803,19.2226476827
-44.0846002031,14.7029424078,21.79903792
-40.7210049619,13.7280945511,None
-38.144105245,13.0982835788,21.112613448
-34.6343478722,12.1499941548,25.4974357896
-32.2171899507,11.4646369061,None
-29.7939880427,10.7318031521,29.3536601049
-27.9269834652,10.3292566467,30.7358455428
-25.8477990609,9.72105269284,34.3893169586
-22.3875705239,8.74811390582,36.3329552233
-20.7693516204,8.42310852604,37.4847915383
-18.0356772832,7.07398864352,37.4445086246
-15.8260501383,6.0551351054,37.2606243787
-15.0239853599,5.57599704367,37.3123917911
-16.2485554509,5.49470980328,37.0872816991
-19.3596266285,5.52059991737,36.4924132134
-23.0655532874,5.7644002844,34.0351186101
-25.5770275033,5.75244029217,None
-28.0998645131,5.72822231896,30.7230036723
-31.7996201519,5.91721155348,28.5545803746
-34.4096202505,5.78234832373,29.7868900232
-38.3869646873,5.8984464597,30.4718249246
-41.6153623807,6.05504508451,26.1883192444
-42.7521815665,5.94842345963,26.119587478
-44.5762114977,4.07661701567,25.907011178
-46.1028122098,2.2927453874,24.5332943956
-47.562886981,0.574589716888,23.5414076038
-46.3072726626,0.164391172618,27.9100128315
-43.6739186603,-0.453706593449,None
-41.3931170571,-1.21694428566,30.0605055683
-38.7938253982,-1.78468446813,31.1808306646
-35.1846527107,-2.82111966147,34.690081453
-32.7051762702,-3.33696027124,33.7634675669
-29.0790936389,-4.38108810215,31.4647827325
-26.6930077808,-4.942256165,32.4430875842
-24.3050292916,-5.69207679821,33.6032994368
-21.5008908489,-6.42406676169,35.1693826826
-23.8261260712,-6.63868801293,34.7443085014
-26.4024999411,-6.89477694158,35.1689912315
-29.9250354237,-7.40440311173,38.6346101579
-32.3724989109,-7.50058686458,39.1708940552
-35.9179932943,-8.02236830421,36.6552194364
-37.5633377543,-8.01594712403,35.7267640741
-40.2655841013,-8.29375772653,30.9100857245
-43.8595959645,-8.69227767699,28.4576794323
-45.7823079782,-8.90722626655,26.7514613019
-46.4255330147,-8.96890336138,26.0110040707
-47.0666634085,-12.2981390544,26.9689976831
-47.4771298553,-13.8914772008,26.7734680265
-47.8780737339,-16.5007929759,27.4996595855
-45.1277759183,-17.5819707155,31.3666177387
-41.699287729,-18.7436615018,36.8644668587
-38.142379503,-19.7271461501,40.8943485301
-36.57803236,-20.2582744178,43.9593933432
-34.0145997351,-21.0326907071,46.6726922651
-32.1816012325,-21.5683671427,47.8957809453
-30.8653934287,-22.1521425668,47.9047615179
-28.9625831861,-22.7910716964,47.1745573474
-27.9135180873,-23.1216407322,46.8695439607
-27.4427338417,-24.6060724037,46.8499331287
-26.6569439378,-28.3504647253,45.8159101667
-25.8246832186,-32.041168531,43.9901524885
-24.8851860612,-35.7666835103,41.9309601189
-24.1543326734,-39.6093123956,None
-23.535058745,-42.1540783638,35.2351052112
-22.6650510854,-45.7186134147,30.5933792205
-22.4163856448,-46.8702153999,30.8457493207
-23.0450353843,-46.554070287,30.5928247674
-25.8662745117,-44.5479104256,36.1767744023
-29.0503779693,-42.4929677743,43.34475171
-30.948503337,-40.8987929864,45.7644480049
-34.1381766093,-38.7992661387,45.845884044
-37.1924518835,-36.6435432314,45.2826771968
-39.2430018747,-35.2935139474,43.607173258
-42.4008840213,-33.1440218637,38.2986156652
-45.2558301598,-31.1433306041,36.3361441808
-44.7119154717,-33.1377504011,37.7089688767
-44.4127564047,-34.6882791132,39.3131882253
-43.7027961396,-37.0910571402,39.2394969581
-42.7205850976,-40.6696335197,39.8493014568
-42.2237628715,-42.6231788065,39.6559550529
-41.9091119978,-43.9563793342,39.3427517134
-41.2950054311,-46.1253052362,36.7009334972
-41.1545588265,-46.648927139,35.6417899316
