0.0762336347038,-0.0350526048261,34.1229670355
0.579639244098,0.0686514022678,34.242735217
2.10891926307,0.0766846807879,34.0131930054
3.73017289618,0.0241552215368,32.818086294
5.14372763189,-0.0160469553832,31.4219041396
5.675601197,0.128800758029,30.1518293656
7.01384191023,0.765036752764,28.2750170783
9.18709159491,1.56431496628,26.4187612704
10.6609713024,2.00875875757,25.0692562148
12.6221662193,2.74825162195,24.3187698166
14.1377100736,3.32469897434,23.46235806
16.2060739345,4.14641084868,23.3870504396
17.6704266918,4.75059852435,23.9658764055
18.832700847,5.13040542709,24.6749863949
20.1461433537,5.65656710771,None
21.6398608833,6.34165081172,25.2733612791
23.2979841007,7.00818575203,25.9760228147
24.3098063499,7.34657299794,26.0703297074
26.3820514847,8.21739686368,26.1278759858
27.6246906189,8.609062255,24.7877956133
28.9284316843,9.16070040776,23.9986670843
30.4436826959,9.6089724071,23.5668921213
30.941485061,10.2402817439,21.9606255108
32.233039469,11.0284427616,None
33.454927502,11.9140475106,19.9481078999
34.6092423163,12.9643475323,18.7595347435
35.7636727012,13.7316519813,17.224712514
36.9849484371,14.8077325373,16.3320075687
38.3284462716,15.6200603915,15.7758149353
40.1790354435,16.907847115,14.8727293436
41.8557863932,18.2965727579,12.7888562804
42.9999562654,19.2061952995,10.5136074781
44.901076994,20.5354341177,7.37593609604
46.1514969151,21.5056059097,5.44445084627
47.8393810114,22.8566436597,None
48.3400648003,23.3282283318,1.75014725643
48.6945003887,23.2954570012,1.07706963657
49.9918861617,24.1547910988,-0.198856512526
51.9610875139,25.2114965927,None
53.2955891678,25.9445251496,-3.646585847
54.5715991051,26.6840335872,-4.62818455988
56.4583365263,27.9238778486,None
57.8808546003,28.6695890283,-4.52955957291
59.7113695628,29.7090804934,-4.6079468891
61.0806675924,30.5072851976,-3.07145630816
62.9955875774,31.6237432748,None
64.2458353833,32.3935251651,-1.29558552928
65.977111569,33.4346267456,0.26417016298
67.964848533,34.4448177834,2.65535465689
69.0637896667,35.2030242842,3.29736526407
70.0680780401,35.8556960517,4.24971456936
71.2244062886,36.2993643413,4.42332859253
71.4079711944,38.4045960711,None
71.3598753227,39.8872367703,5.85147744679
71.5314289073,41.3505590439,6.52368236769
71.7698350316,43.6846918531,6.57104909283
71.9203442455,45.9350277244,7.74607233331
71.976600804,47.384951763,7.36740005187
72.1243502711,48.9492382223,6.95524961563
72.1154965734,51.2255988164,6.84911890773
72.3128410997,53.3488088079,None
72.4403432157,55.0063413155,5.96164063053
72.6261753559,57.095612327,5.50499250184
72.7665775102,58.5846237139,5.44964676871
72.827694713,60.1541222208,6.69879707644
72.8817273303,61.3721505074,6.97263227141
72.6822715045,62.1287973873,None
71.7792735554,63.2547362281,6.87837027768
70.8055964308,64.4451111024,6.82861265565
69.982252034,65.5812347847,6.71671353349
68.7049393152,67.4273035688,7.08009753625
67.691216339,68.5524468238,7.72910766721
66.391735489,70.5502274794,8.16646075627
65.4960809128,71.6424115311,8.49902738945
65.3123158201,72.0643339172,8.67224347005
64.8114201344,72.0742161076,8.13629684093
62.4693894489,72.1187187928,6.83094753685
61.1270574606,72.2687598169,5.71530081263
58.7855513626,72.4312326685,4.35761810621
56.7857627759,72.5906201534,2.88275892782
55.3578353912,72.7174963848,3.08220269283
53.879994933,72.9231553714,3.86695960504
53.2093756223,72.9293795922,4.34836033228
51.7716159362,72.9809609929,5.42496343605
49.5191013138,73.251974744,5.80344351608
48.0913536643,73.1617282266,6.55617727573
46.5469333843,73.312686596,7.26083932764
45.0730661459,73.4445498349,8.34887184858
42.8537069483,73.4480649939,8.44109174715
40.9593666443,73.5347665335,8.25029179888
38.6593471795,73.6975105995,8.07449202387
37.0848681547,73.7267784483,8.55052336241
36.2177524135,73.8604227699,8.56175082842
35.1960878791,73.7001557428,8.80087689076
32.967853553,73.7083512014,8.72905740612
30.8286213236,73.4861822355,8.4956257926
29.3308650017,73.3950813568,9.01273985111
26.9675717504,73.3064177413,8.90683163066
24.7784402486,73.0891176702,9.14940134464
23.1357764684,73.0008257808,10.7706206669
21.7833499843,72.9358595616,None
20.1718024657,72.7932815055,11.6103690917
17.8838927274,72.8194392931,12.0848944196
16.4320145647,72.7105723831,11.7287537467
14.968118047,72.6257025707,11.0719114669
13.4966593604,72.4011873967,10.2267521967
13.1255329629,72.524102635,10.0341885219
11.6577637997,72.4948341428,10.2557714304
10.1548287855,72.7064637753,11.9545691061
7.82701825235,72.7494346214,12.8101468468
5.60385582406,72.8950494682,12.515395009
4.12079259353,73.1103107742,11.740963219
1.7946652533,73.2554839721,None
0.401202752664,73.3961966947,8.17090660323
-1.0816932934,73.4370158471,6.97026465863
-1.94074148678,73.5703397107,6.54503837084
-3.38160826274,73.4217843492,6.54433813343
-5.58232294202,73.5112454471,None
-7.12135126967,73.4681124507,7.254623305
-8.71991090122,73.5406517925,7.67668395664
-10.1175145278,73.399954239,8.09361875229
-11.7964018349,73.5398458918,9.06488184403
-13.1267854439,73.4557119002,10.4268759343
-15.0367873965,73.3976894847,12.5868085136
-16.3400790135,73.5361801784,14.2349686142
-17.910723469,73.4615998158,15.4364088277
-19.4271747405,73.4614618315,16.5455325319
-21.5124978977,73.3714329906,16.9778453255
-23.0961710534,73.4344732821,16.9725875531
-25.2175544443,73.5344455446,17.9188099818
-26.7123731231,73.428590113,19.5906574263
-28.176781024,73.4225030712,20.0804584823
-28.8824981473,73.5273621114,21.6410702049
-30.9985609982,73.3611574428,23.7584660642
-32.6570906839,73.4124810472,24.8555657506
-34.141486744,73.53142209,25.8817543994
-36.3586350851,73.5158506389,26.6213252142
-37.8222209681,73.4412933041,26.4878436293
-39.4646489806,73.3642232387,25.546063256
-40.86140239,73.4193321227,25.6239286208
-42.2937272457,73.4714131235,None
-43.8695819022,73.5329511343,26.2941442282
-45.3250557467,73.50986499,26.4529623987
-47.6467524179,73.4099986093,27.2506791859
-49.1396247506,73.4223185236,27.7747924352
-50.4857983615,73.4555236854,28.7052819172
-51.9820746223,73.4149790143,29.8048601298
-53.6258800335,73.3959925336,30.5737073714
-54.1330849707,73.46194434,30.6796432005
-55.6662259344,73.362334046,30.3429391854
-57.899432483,73.4763189491,29.0288614394
-59.4511412972,73.3721306593,28.6095028876
-60.8857867686,73.3915900299,28.3546935409
-62.4362061427,73.3912859562,27.1397707171
-64.6470365275,73.3927097961,26.3464955925
-66.1338269154,73.3519817182,None
-67.6369578673,73.4291347639,25.3030984173
-69.9028583932,73.4628635369,24.2028697699
-71.3132638752,73.322040782,23.7313259649
-72.0608665331,73.4509067616,23.4949071628
-72.0927881002,72.7484162145,24.2618476676
-72.4741250654,70.5103084576,25.1961137813
-72.523333845,69.0086600757,25.8516542383
-72.9814659643,67.0544743235,26.7817741381
-73.0558824177,65.6525217225,27.2505428975
-73.0171949606,64.957870672,27.1723614942
-72.9872747176,62.7677431404,26.3292745535
-72.9703092104,61.4075407835,24.7684052661
-72.9706011327,59.934366198,23.7102733069
-72.9913847642,58.4395426782,22.6938464644
-72.9990513191,57.6351448676,22.2196483582
-72.9847940459,56.1504957857,None
-73.073012644,55.0205320932,21.8371396138
-72.9625917817,54.3692469945,20.8854473868
-73.0880906045,52.8309609659,19.6487379758
-73.1600081944,50.6540987078,18.9623669632
-73.4632269203,48.3234576759,18.0806580932
-73.4401896278,46.8997803263,17.2580955761
-73.4937250379,45.5104897396,16.2588407713
-73.4907665177,44.6108102757,15.9112252533
-73.7072886241,44.1668316337,15.7891190003
-72.5137219719,44.7720306122,17.2360537558
-70.7767106536,45.8913952399,17.7651805714
-69.5549392845,46.8088282666,18.3276736685
-68.1500234488,47.574531914,19.0339288898
-66.8608660672,48.5016708601,20.1233387989
-65.0762594595,49.606643886,21.0383459375
-63.1771838338,50.9462607881,21.4398401094
-61.8097804686,51.6876632212,21.564218227
-60.5170330423,52.5106805252,21.6106130254
-58.8107787982,53.5495946605,21.6309734714
-57.8427542874,54.2870897246,21.7904761059
-56.6581207264,55.1287021504,21.6515493083
-56.1278652024,55.3948747602,21.5534101992
-55.1108283857,55.5978926443,21.5023551208
-53.6478711307,55.7390246258,21.6846112662
-51.3063072242,55.9076357396,22.8768758714
-49.1017318788,56.1848291199,24.6999020089
-47.6131055794,56.1705330699,25.126642444
-46.1819130752,56.4909461738,24.308092659
-43.7675544707,56.6446061224,23.9755054894
-42.296258259,56.6538273245,24.4722630578
-40.8053580703,56.9260601643,25.4358163326
-38.5296211953,57.1908612301,25.8055128504
-37.011998696,57.173442866,26.0210297344
-35.4990492565,57.4051458762,27.1324627731
-34.1115079172,57.4633502011,None
-32.7036068332,57.7763481432,27.0456615435
-30.8291266375,57.7963817325,26.513112233
-29.0715794963,57.8583737401,26.0217790978
-26.860121904,57.7733077803,25.3199181231
-25.3211095641,57.8811023071,23.9937665949
-23.1701677098,57.8099058099,23.7072576052
-21.4949902339,57.78746796,22.939062976
-19.2812494999,57.7378608049,19.7406856572
-17.8773982029,57.814544522,18.2274306497
-16.4535399708,57.8800103557,16.8933866647
-14.8956606553,57.8357545118,None
-13.4096430089,57.8634864797,14.891531875
-11.095248482,57.7485088325,12.4598422696
-9.52212602032,57.7736568756,11.1621254114
-8.69953319535,57.7646918805,10.3723661342
-7.10148080068,57.7482935498,9.52486697388
-5.47358216814,57.5870610905,8.6826051047
-3.21746410485,57.3954903343,6.3268176523
-1.03099259746,57.4102335511,6.11315390747
0.431905946398,57.198741322,6.50122154088
2.76853622518,57.1468383543,6.37845539797
3.90700046549,57.1358335686,6.12376370961
5.19776280874,57.0266068257,5.99991116488
6.62828781994,57.0380605764,5.94315462615
8.08441936612,56.9554331735,6.51036840775
9.68933358775,56.6883946801,6.90765889674
11.1624763479,56.7254681144,6.87322843657
12.525255335,56.6725970792,6.4438479904
14.7400515175,56.5264451308,6.35402664839
16.1515517571,56.3808365262,6.38704995555
16.4980705636,56.3238469619,6.25940968459
17.5151842557,56.3690393112,6.07090443292
19.0923890135,56.1544034734,5.49579574211
21.2628101984,55.8466337373,5.37527358735
22.8932141703,55.7872665854,5.10933894587
24.2702090482,55.503475676,4.40694454716
25.7299486236,55.4125662144,4.18704926653
27.4008666004,55.3087046456,3.78486429962
28.82804194,55.126402966,2.56673064405
31.1131731405,54.8532616168,0.873273114029
32.6246952632,54.6245478559,-2.02753344441
34.8287308631,54.5316044301,-3.65490213086
36.2844621795,54.3252028716,None
38.5078628429,53.9443875472,-5.70492871263
40.8644705281,53.7250370816,-6.20435506981
41.6043913615,53.7189444894,-6.24111013295
41.8743476663,53.28040816,None
42.9649301898,52.1180218997,-5.87956175409
43.8890541783,51.0368043672,-5.40266436415
44.9492876268,49.8606133537,-4.7804150608
45.7642379334,48.6868469827,None
46.7888636369,47.620815779,-3.41126096268
47.7269985255,46.4386013247,-2.36524897727
48.8648553056,45.2706484964,-1.70859158593
49.8281026238,44.1069440596,-1.29014492866
50.7247865091,43.0739745751,-0.898156587984
51.6898565111,41.9504624411,-0.88092154948
53.1715734074,40.1551267527,-1.01094332658
54.0746510461,38.9642202013,-1.22318718491
55.1484337536,37.8067559979,-1.13495622807
56.0180079796,36.6900691202,-1.42459704263
57.1550114157,35.6872283147,None
58.0504038859,34.3590733574,-2.39906041472
59.4851235169,32.7996450229,-3.80136301427
60.5455133973,31.6053131428,-4.08237558796
61.4479345113,30.4620365057,-3.92565434979
62.4443178977,29.2445644092,-3.17832580901
63.3800460965,28.1953781739,-2.42116810945
64.3776585323,26.9808897232,-1.63793188351
65.8374299396,25.3248470031,-0.6855166803
67.2768752598,23.5273196089,-0.279304320924
68.2022432127,22.6269748334,-0.0820585968745
69.5835345775,20.9241918353,0.447888954399
70.5137225378,19.9982888661,0.832914519559
71.3504718284,18.9428415345,None
72.2250736114,17.9760685097,1.62580394021
72.2125062258,16.5045110493,1.50314402998
72.5337132083,15.0145026781,1.36615068559
72.5992271569,13.6342032913,1.31612000073
72.8532701772,12.0546211879,1.44183820109
73.0312277799,10.0321307636,1.98953888416
73.1487300973,8.57592310832,3.07748893272
73.3967834109,7.15693341398,3.06972750129
73.446803987,5.72278078439,None
73.5478801468,4.19955454262,4.43755877959
73.5906036701,2.74265458437,6.59900494715
73.4917193281,1.15316225716,6.62290934218
73.707816139,-0.199870960643,6.29173889996
73.7244840402,-2.47084058166,6.25658036846
73.7775434317,-3.27191984339,6.15967339555
73.7364036365,-4.62768800755,6.08462387219
73.7062063965,-6.96768610818,6.81741718061
73.7160879197,-8.30408742188,7.86113758743
73.7558448662,-9.91897093045,9.15605649646
73.8221787295,-11.9563961092,None
73.7355081189,-13.4590797632,12.4379773092
73.6450838883,-13.8114267677,13.6914018087
73.8374946028,-15.3893959471,15.082994377
73.6817572973,-16.8873764566,15.7082545823
73.7290441894,-19.1330976065,15.8992958765
73.6990841483,-19.991127343,15.8181436253
73.7347158009,-20.8587890895,15.4135460786
73.7148771583,-22.1439395138,14.8138268973
73.8322774915,-22.8821972152,14.8716971901
73.802062239,-23.9357668307,14.8197003369
73.7516431835,-25.5538592497,15.5942560922
73.5420153551,-27.0011709635,16.3204815047
73.4312569108,-28.266378423,16.8401303492
73.3487532223,-29.6597237055,16.8619818105
73.2251994706,-31.162346567,16.6952470685
73.2454089658,-32.7686367325,16.2325422154
73.1413308232,-34.3212453399,15.1336564661
73.1275116464,-35.7383834964,15.0101776496
73.0200294214,-37.1471044535,15.3389137128
72.9785768551,-38.7343065158,15.559159562
72.8000749362,-39.9683572338,15.5377190753
72.6112983018,-41.7426678327,15.0211798399
72.6471452528,-42.5946344168,14.8579514189
72.6088636412,-43.2272126502,15.0093452005
72.5445929083,-44.0570319659,14.7700475921
72.6838089556,-45.507183868,15.4714098628
72.627950287,-47.7601360798,16.0341115195
72.5884718469,-49.2835534582,None
72.5999671291,-50.7285264157,16.3579035548
72.5665081025,-52.3483918121,16.3049020708
72.6212814669,-53.8291459066,16.5116871136
72.6254390345,-55.1961648331,16.373587656
72.7049114315,-57.6349957513,16.4945211442
72.5447653775,-58.9321321871,16.700361333
72.6911689474,-60.4427725167,16.9237249368
72.6626520195,-62.6309308969,16.7941996
72.5880803381,-64.2095200073,16.882120322
72.5851374159,-65.453457438,17.1080777541
72.5985906024,-65.8124630792,17.2678416763
72.0583145133,-66.4445556371,17.5241207837
71.1856943925,-67.7417632407,17.9547821845
70.4015207367,-68.9912970152,18.1644598863
69.526874514,-70.1753774217,18.1194716374
68.6824413027,-71.3358561575,18.3077292251
68.4370337432,-71.8600459014,None
68.2452511531,-72.1043595881,18.3087446747
67.6633798777,-72.0856694053,18.6155603053
65.5067612309,-72.2393151604,18.3981085409
63.9490876745,-72.4761250543,17.5395667409
62.4752422401,-72.4990781183,16.8710036863
60.9673155451,-72.677824811,16.716056401
58.7722765891,-72.5862995982,16.7333340242
57.2010820609,-72.5866732643,17.0743550803
54.8880090127,-72.6223250045,None
53.5082483773,-72.4532208791,16.8018613605
53.0112870958,-72.6619178455,16.8521414849
51.4706651995,-72.7354826239,16.8105379444
49.6164072848,-73.0884404747,15.9988618422
47.4422796341,-73.2514737757,15.9034973885
45.9770824841,-73.4232439537,16.5856263742
46.2808871388,-72.3066271199,16.4137469291
46.7443384913,-70.7112941766,16.86440302
47.4797417618,-68.7131275159,18.1057480007
48.0185162452,-67.2920205954,19.254638053
48.3319245407,-65.6712369144,19.3605566878
48.9957845698,-63.5134300928,18.737086186
49.6004481275,-62.0625746363,18.0984845714
50.2249369478,-60.0848527686,None
50.5955318023,-58.5855086308,17.9744491229
51.1379858552,-57.2118710023,18.4510079379
51.7345093173,-54.9247378837,None
52.201119716,-53.5625528487,20.2048740824
52.6713572645,-52.0717457412,21.5568769665
53.4900999106,-49.9462537674,22.2007720567
54.0764891232,-47.8229579989,None
54.3461644102,-47.1504687674,22.4184055651
54.5039628688,-45.3962487931,None
54.5271484107,-43.2812598909,22.3085785795
54.5969250874,-41.6752180222,21.9402559495
54.6971923802,-39.4901628228,21.3935746445
54.7937192726,-37.9644763123,20.6279959813
54.74539025,-36.4286517811,20.2119859508
54.9134523304,-34.8654016225,20.2455039869
54.9147150097,-33.4737795133,21.288706058
54.9340209169,-31.9942362276,22.6545223634
54.9733791477,-29.9979560523,23.6102817085
55.1427466773,-28.2968642268,24.1714149752
55.1066177998,-26.9299192927,25.2259152984
55.3090914296,-25.7757262464,25.3800918837
53.5667564249,-27.5153174594,24.8421673338
52.0489688348,-29.1167907818,None
51.0762264188,-30.25245445,24.8350067098
49.4629318062,-31.9712302168,25.0637132756
48.4784999685,-33.1043292743,None
47.4878850201,-34.0973966621,24.9968025528
45.7881797089,-35.7496333351,None
44.8328555189,-36.8156020289,26.6992677668
43.2876058141,-38.5672060097,None
42.224179241,-39.4743001742,28.1635851848
41.1650372096,-40.6432115236,28.6652569271
40.0984544047,-41.6418074432,None
38.6296108103,-43.2900108935,28.4579765301
37.5852066618,-44.4724194114,28.6325516418
36.4488139755,-45.4519582678,28.759783425
35.7301893844,-46.4636647628,28.9019068766
34.7145115541,-47.4763288759,29.0961374947
33.6996228621,-48.7147235978,None
32.6008351443,-49.6737725758,29.327351301
31.5456213754,-50.8520256271,28.2568165298
30.0067704039,-52.5029720028,27.4301377456
28.9152422587,-53.4567663447,27.1359113975
27.8943248731,-54.6944575086,27.4158647984
26.4312434659,-56.1596711709,26.9688644843
25.3308978404,-57.2577299,26.5110602625
24.3725657805,-58.3623648146,26.2565872002
22.9307665079,-59.9365302156,25.8584359361
22.62330384,-60.2762857169,25.6941613138
21.4818906395,-61.3201897838,24.7573360277
20.1768381636,-63.0286733957,22.2738948611
19.0520887337,-64.1205693602,21.9311774772
18.0297922643,-65.2410096923,None
17.0659205573,-66.5504113447,22.2621772069
15.6441774102,-68.1504098341,22.7823681484
14.5469913603,-69.1725146042,22.883897563
13.6375398543,-70.2713141745,22.2841467521
12.809925596,-70.9942659734,22.2002359023
12.2383921723,-71.197827931,21.1357606463
10.8791180134,-71.7231025119,20.6707528305
9.35222478446,-71.9273811582,20.3530621885
7.94886667772,-72.4279744493,19.9400808822
6.62959067459,-72.8852204207,19.1427456743
5.10613900198,-73.1874081804,18.2461914263
4.19492797471,-73.4710381718,18.3922423797
3.09104238013,-73.4830047342,17.6169865221
1.5998778536,-73.4310265941,17.759651903
0.161960346845,-73.3797533998,18.7441816872
-1.51916694939,-73.3646884449,20.6184833131
-2.91876027036,-73.3594238022,21.2594478569
-4.30819686398,-73.3739597946,21.1392659946
-5.89414307339,-73.2151714975,21.3176597126
-7.29337802873,-73.2062101469,None
-8.73224310225,-73.2472905376,22.0497110451
-10.994904938,-73.148346214,22.2433539732
-12.4629386009,-73.2875876775,23.2960732902
-13.9765239895,-73.161817713,None
-15.335844829,-73.2189730824,25.1251998455
-16.8035419492,-73.1953978638,26.4906113142
-18.370470329,-73.124354448,27.5754838067
-20.5408877439,-73.132200539,27.5602207353
-21.9349262075,-73.1677386655,27.2849735193
-23.4741120768,-73.1347186387,27.6014198413
-24.9239859534,-73.0866265407,27.9019998477
-26.9300118859,-73.1961543823,28.2402475991
-27.4930026374,-73.1729327012,28.6936896682
-28.9565218179,-73.1043447559,29.1422789381
-30.4771009199,-73.1024212018,29.1665652514
-31.9169086861,-73.1222661335,29.0990176743
-33.5248870323,-73.1924535064,28.9641087471
-34.8152633773,-73.1679366371,None
-36.2630927788,-73.1044057539,28.4463489886
-37.8798050533,-73.1047513082,29.0174086582
-39.4231385565,-73.131499374,29.5426238878
-41.4949270467,-73.2123425947,29.8646477316
-43.139192216,-73.1660405067,30.502446549
-45.1941655471,-73.1940604975,31.5226784777
-46.7883540481,-73.1442902715,32.0017384386
-47.9105854937,-73.215878407,32.0664531249
-49.1117381939,-73.1938508785,31.8472173923
-51.4331027601,-73.1347203997,31.5358745333
-52.8080691799,-73.1088696452,31.1541213196
-54.4583572853,-73.2477959825,30.6571768472
-56.6519214748,-73.122979516,None
-58.1737131339,-73.0995279253,30.7020879322
-59.7176555141,-73.0804618886,30.8728744529
-61.1584195246,-73.1973666508,30.7612206584
-63.4678489095,-73.0819746666,29.1907979474
-65.0236203538,-73.2010699629,28.5738387526
-67.2107256889,-73.2139393898,27.9519843328
-68.5987087562,-73.1304302184,26.9959913448
-69.7939227789,-73.1010992515,26.8497052711
-70.0938741898,-71.9748277809,29.1826380533
-70.486850645,-70.475838286,30.910435887
-70.9705536278,-68.3709410198,31.4202940798
-71.5393476321,-66.2892957114,31.3605132385
-71.9316613869,-64.9310752301,31.4282747603
-72.2338304706,-63.2703104128,30.897549541
-72.794629094,-61.4846314342,30.770751281
-73.1130815431,-60.1607778468,30.7684016702
-73.3427187732,-59.083119966,30.8204198546
-73.4493561389,-58.7154851026,31.5705078149
-73.3280318953,-56.4540266133,31.6490473586
-73.3466650805,-55.0510995586,31.5277438892
-73.2681346695,-53.5713402084,None
-73.1915165288,-52.0669635348,31.0872505076
-73.1777491354,-50.59178449,31.2038344972
-73.2293093824,-48.9291010988,30.9108959638
-73.1296953284,-47.414258433,30.7561803337
-73.2667469883,-46.1148233227,None
-73.2704443028,-44.6699604755,30.645158779
-73.150863491,-43.2662308995,30.9947359699
-73.130714727,-41.9833733362,31.3465723027
-73.0652208149,-41.1854365316,31.5494706271
-73.1989373873,-40.6489557738,31.7576442918
-73.0894487426,-39.2141399664,31.1691331538
-73.2231769799,-36.9170643966,30.2495551473
-73.1813381624,-35.4492897218,29.5886028267
-73.2070899655,-33.9159996965,29.211685911
-73.1186408956,-32.3810982475,29.0235708318
-73.1807475633,-31.221914674,None
-73.2072751916,-29.8619008944,27.9763749714
-73.1918064919,-27.7614893585,27.2198519152
-73.1801852117,-25.4544997293,26.3069711999
-73.0589267929,-23.9960778658,25.5271931714
-73.1359770946,-21.8803321855,25.4393698844
-73.047785038,-20.2707584067,25.1727105481
-73.1897322264,-18.760349885,24.1374225248
-73.1447147747,-17.2378588184,23.6295246545
-73.1863822526,-15.1505289302,23.7047272646
-71.7328884391,-14.9053551237,24.7642167831
-69.402880255,-14.7982966308,27.3568310008
-68.0417239365,-14.7915248803,28.4849236259
-66.4850426637,-14.6856034702,29.1128370995
-64.2223657508,-14.5730317603,30.5494829318
-62.7732302887,-14.5146255046,32.8041354378
-61.2044602962,-14.3351653961,34.5422589479
-59.7388766269,-14.3464384692,35.5983301803
-57.4308138799,-14.1790200549,36.2076325997
-56.1453989218,-14.0902642372,36.9721378327
-54.660810745,-14.1966464318,37.856638946
-52.3861938604,-13.943817568,39.4694436888
-50.8734242875,-13.9001026738,None
-49.5222231376,-13.8067525262,40.703419868
-47.293918056,-13.6890606814,41.5064633084
-46.2940634425,-13.7754958389,41.5326327155
