-0.0697998204577,-0.0621378622313,34.1714799441
1.38837727148,-0.0687087778304,34.3110949135
3.06209600958,0.0414696282875,33.7153608727
5.17931196916,-0.0494868126288,31.5078145532
6.8326880459,-0.0656118094014,30.1177008683
8.59497257351,0.221469208881,27.6102775496
10.8199724297,0.440010722699,26.3387896651
13.0218965293,0.640309112356,25.5201309514
14.6618258442,0.827839131131,24.8643718683
16.7995072846,0.978304819561,25.3064187945
18.4433699027,1.19877643239,26.5680033374
19.9414656961,1.30311131125,27.8155506921
20.7697879125,1.35089058322,28.7898313413
22.0602177545,1.48964849733,None
23.4915924364,1.59393939399,30.3359634281
25.0517525503,1.82930816735,30.4970946502
26.5116900401,2.02533818759,None
28.0011058773,2.12884115881,30.441824264
29.2925231887,2.11075525392,29.2569695325
30.9155205923,2.20430870339,27.8770247219
32.4068189657,2.04291964991,27.0151428472
33.9407164173,2.11412678096,26.6684025891
36.1344142917,2.11460388897,24.9541047842
37.5400447801,2.04531359673,23.6677645994
39.1388108875,1.95919019187,22.5592683542
40.5823585206,2.04538750165,21.5873202748
41.557405183,2.07618201259,None
43.8158997897,1.98107815078,17.9692875941
45.1470500388,2.03871300589,15.3360579121
46.6652030077,2.06480218906,None
48.062541602,2.08129109878,14.4570918892
49.7333147685,2.0112730715,12.9291486847
51.7040104515,1.9128346663,11.6119454835
53.1824573069,2.045159211,10.8526283763
53.8374268137,1.90348493741,8.83966968934
55.909799041,1.8770540985,7.24386464638
57.5472562676,2.01797707055,5.53562102143
59.0577292984,1.97448010647,4.27409127391
61.3085498305,1.90526592311,3.26311549632
63.6250180113,1.94111148334,2.97924555407
65.7776548615,1.89611362405,3.05128276836
65.7358139311,2.35135840182,2.97249203332
65.7921374031,3.89615070484,3.23452178789
65.8643039019,5.14794389734,3.43727540517
66.0650431604,6.56674245539,3.76004767953
66.097582011,7.97122134093,3.22566134741
66.1128832676,9.55245447156,None
66.16538574,9.88166728905,2.98587861738
66.2406619364,10.9574788828,2.53893241776
66.2584888961,12.5662613904,1.65792255882
66.3309756843,13.9601625894,1.47614556041
66.4631991684,15.5495736211,0.952893356757
66.5184460576,15.9650628927,0.928624207571
66.485375758,16.912178183,None
66.7437082748,19.2066414605,-0.45268309456
66.6936101017,20.685638273,-0.825561572333
66.8834390817,22.1861971782,-0.668711342078
66.7870515862,23.3977151454,-0.545323528547
66.873728922,24.6741153208,-0.299386761189
67.0354754621,26.2955639854,0.208808327108
67.1078909292,27.5361784297,None
67.2566458836,29.0375799987,0.264227474161
67.3508940426,30.0939892441,0.414977811891
67.3797818135,31.9276721626,0.890467991895
67.5180925927,34.1651158114,None
67.5537730091,35.7502828943,1.94160250995
67.6610047119,37.0789146401,2.09345665178
67.7411165034,37.8191647686,2.33248459737
67.6883472638,39.3826768524,None
67.8690313231,41.6514988368,4.20761562983
67.9597887427,43.0736911619,None
67.890228536,43.7469398255,5.09064871545
67.9546294929,45.2167869087,None
68.178472971,46.4838803576,5.9563488255
68.1595097743,48.2595214364,None
68.3707304317,49.7825019673,5.27584714463
68.5033691036,51.9775612027,4.84366392033
68.5662132543,54.1126645523,5.02893143858
68.6242233389,55.7880971944,4.44333108873
68.6293665493,56.1550363033,None
68.6263587047,57.495533763,3.58866115385
68.810737824,59.5433748265,4.12215412553
68.9222300383,61.5984667758,4.2672511094
69.0057898208,62.1775186644,4.29352326143
68.9417037671,63.4575606988,5.56855532973
69.0401986463,64.8872502505,None
69.1951167051,65.8566090886,6.60220361948
69.262384395,67.4199403214,8.12968694908
69.3840446204,68.9406795111,9.26739915745
69.3216282887,69.603067148,9.20845740675
68.1303582012,68.4070359627,5.38514586682
67.078697206,67.2004464708,4.50511245681
65.9456879864,66.2077989934,3.83205263048
65.0052578678,65.0949623624,None
63.8911579506,63.9697564005,2.35576467146
62.8422854232,62.8379713508,0.583760350913
61.2316086264,61.2998210185,-1.40668947002
59.6897183673,59.5456274619,-3.24405543647
58.7115041762,58.4855544063,-4.85646976246
57.5338707415,57.4311957217,-6.29929126055
56.514818249,56.3186825068,-6.75018777624
55.5029211891,55.2750730151,-7.05198098121
54.3867145249,54.1442756787,-8.24119709231
53.4733454937,53.1881172864,-8.68638741296
52.2802525384,51.9862475003,-7.28648228822
51.3437622539,50.8796187348,None
50.3533086936,50.0170858509,-5.81389182139
49.1387176492,49.7786681516,None
47.6821878005,49.7991697084,-6.09525608596
45.5305199988,49.7584587667,-5.66871149973
43.9060857802,49.7291470571,-3.34614802056
42.5183902599,49.6726827179,None
41.0388423118,49.6767714843,-2.18352137099
39.5229598024,49.6900183148,-0.293095511195
38.1496090203,49.6564376827,0.425946195783
36.5418068189,49.6255146845,0.733697968929
35.14365168,49.5470740736,1.23198731581
32.8992919434,49.4648598861,1.6242718961
31.2936581777,49.5220132796,1.88365068439
29.8254036922,49.5639592544,1.99924134334
27.4319040044,49.4318184729,1.93924424076
26.0934960831,49.5001044661,2.17968429268
24.2923392574,49.4131522906,2.60463531496
23.4900397795,49.4067381867,None
21.8916837906,49.4898726034,3.39165256092
19.7224725498,49.3525994398,4.26571600148
18.1646618137,49.5459020708,4.19846713373
17.8708204493,49.4499688987,4.04709450643
16.2695551468,49.3504614969,3.81067757367
14.7483279787,49.5083930258,4.12153711276
13.1651340062,49.3999573919,None
11.7510053386,49.4598713459,4.524030954
10.9521381844,49.4662172608,4.99563055082
9.37232960352,49.4559349268,5.61898792351
7.95885759784,49.4456137322,6.68106076418
6.48958833835,49.3526041317,7.14366626384
5.22946600069,49.3171906619,7.38015856799
4.82464315491,49.3818102781,None
3.33767935653,49.3896772209,7.98534856808
0.983817713538,49.2906253438,9.65847093248
-0.526901307792,49.3807844313,11.4295492712
-1.55586150054,49.323754447,13.0756059184
-1.85423747529,49.4313996066,14.8109960012
-3.29396549876,49.429338268,16.4293340296
-4.7335009862,49.3517767653,17.1986674848
-6.37467663654,49.3174648317,None
-7.75901533583,49.3979212817,17.9952673587
-8.51710514141,49.3036204349,18.7256865802
-9.698955471,49.3642567521,19.8362969814
-11.1092950368,49.3475885694,23.1956076869
-12.6362790102,49.436626137,25.6521374167
-15.0023241218,49.422489113,26.3671981699
-15.7825721089,49.3603867208,26.4383215153
-16.5040830603,49.4031868714,27.4755511459
-18.8094622978,49.5007902267,27.823257054
-21.0543997604,49.3256821337,28.2249076481
-22.5400751408,49.3134952172,None
-23.0450291977,49.4512961289,28.1885352989
-23.7291261765,49.4816461997,27.9737282956
-25.2001865769,49.4907023613,27.5994709851
-27.3754851359,49.421381328,None
-28.8414736203,49.2861529177,27.2860738637
-29.7016370833,49.4106418551,27.0141608514
-31.2306181133,49.1762274797,26.7631557863
-32.7260049144,49.1621829905,None
-34.0313567414,49.1199569568,27.9831253032
-35.4197484991,49.0856172798,28.0240487514
-36.5158416514,48.936980932,27.9515781559
-37.9764169049,48.9369979821,28.1275699937
-39.4696354481,48.7265742912,28.534251716
-40.9078316661,48.6769321526,28.8792568139
-42.0078311758,48.6979005537,28.7654087911
-42.870476351,48.5330476799,28.8570931055
-44.4081670561,48.4692625274,27.9837892868
-45.7915526122,48.2240083864,26.2270399954
-47.3147003331,48.1406818339,None
-48.9077264416,47.9107507314,24.6702451216
-50.3306064751,47.7461282389,23.7259734297
-51.7956258212,47.6474014871,23.1542673703
-53.9504501729,47.2788175465,21.8969908172
-54.9158907306,47.1919688974,21.6182419323
-56.4556277687,47.1417610049,21.2389242446
-58.001984301,46.8964565651,21.4477551797
-59.4630289401,46.6904953727,20.8322626248
-61.5690786546,46.4490594633,20.778081273
-61.9536016517,46.5398538319,20.6999006553
-63.5642574347,46.2972165885,18.5012834715
-64.9609851336,46.0168791476,17.6970869136
-67.284679986,45.8270052117,17.5833552071
-68.8842031031,45.6472514907,None
-69.5525609411,45.664057443,17.5974454493
-69.78406419,44.4221200425,17.0751024204
-70.0568986081,42.2053958946,16.7554897053
-70.1490354533,40.7675254607,None
-70.4497961501,39.13825543,17.9147174561
-70.6001418465,37.6694265739,18.7978430376
-70.8426108687,36.330098878,18.46588566
-70.9704923176,34.7262961076,18.0161277577
-71.195348859,33.2773547361,17.2434800308
-71.3535660194,31.8536813243,16.5600785886
-71.6627927671,30.4900942342,16.2856821203
-71.9262290031,28.2223459572,16.4351539049
-72.0427570974,26.8566288574,16.8440419714
-72.2289882672,25.2256123786,17.6611490379
-72.5305697555,23.7273555122,17.9498447134
-72.8356571674,21.574769906,17.9064507847
-72.8411837277,20.9897386166,18.0227541676
-73.062228979,19.4322225945,18.1730969101
-73.1532788989,17.8565967954,19.2159093376
-73.3816242993,15.6836373502,20.0809782915
-73.5199280928,14.0747883267,20.4269923201
-73.5923270814,13.6294997064,20.4494382972
-73.6315777997,13.1832685723,21.2548268112
-73.7358314761,11.6366018795,None
-73.5589171955,10.2609960165,21.0783237466
-73.5492540103,7.92054239221,20.8871905323
-73.5235203465,6.54401156437,21.1847312844
-73.5333815656,4.96150239755,21.5672580317
-73.633134121,3.82540225773,21.8662058723
-73.5672583123,1.78096804798,None
-73.5242026547,0.504694802102,22.5479543008
-73.521060701,-1.61118347365,24.2226883331
-73.5052802021,-3.17192447268,25.3171498326
-73.6394022756,-4.39460470035,25.651984267
-73.4863796116,-6.65437593015,24.6596348773
-73.5634001575,-8.229606746,24.230846111
-73.5632103906,-10.0941194752,None
-73.4530807322,-10.9565142664,24.0347547297
-71.8458846446,-10.8247362875,24.9250529296
-69.6093291219,-10.6164758034,26.7378500548
-67.9482709675,-10.5545922062,None
-66.5572219649,-10.5613767563,27.4427582171
-65.2297458714,-10.5038638777,28.1337765599
-63.7122771277,-10.3450368354,29.1758362273
-62.1227125047,-10.257179031,30.7007302151
-60.5333713355,-10.3020436304,31.6510219646
-59.4182378266,-10.18103539,32.6487139983
-58.124400747,-10.0669177602,33.9562565384
-56.7525306026,-10.0632461727,34.7897041294
-55.261168102,-9.8907206427,35.6215605505
-54.1737883595,-9.79939890952,35.8177286155
-53.4153405339,-10.2988161,36.875677478
-51.9090846241,-10.8670365071,38.0935027498
-50.667722576,-11.5643737982,None
-49.1720498877,-12.0937769029,39.8710286093
-47.9318348063,-12.7708314185,40.8885264494
-46.4468987872,-13.4799770807,41.7382126203
-45.1810577842,-14.0882125354,41.8643970165
-43.7684962274,-14.7043507988,41.6653103393
-41.6290789795,-15.7854511273,41.4234007209
-40.2543191167,-16.2653530614,40.44344429
-38.9691570706,-17.0004678719,40.3098031505
-36.8557848888,-17.9339405412,40.007499316
-35.5558491418,-18.61829808,40.2707291868
-34.2546330664,-19.1985556907,40.5916687265
-32.1173521174,-20.2658777706,41.4877646628
-30.7341393782,-20.825224855,42.5536445881
-29.4540991335,-21.463378161,42.9127271677
-28.0666933795,-22.2882157952,43.3206963908
-25.9146419186,-23.2262520022,43.5905781786
-24.0069577633,-24.20188706,44.1698267741
-22.4754936015,-24.7803293085,44.0197967372
-21.2049024616,-25.3980741808,43.17084797
-19.1575803228,-26.3311108789,41.3007526259
-17.7382704254,-27.1045164719,39.9316613818
-16.3631090712,-27.7965490495,None
-14.9710573467,-28.2824182684,37.6372048999
-12.9426854719,-29.2338570829,34.3749857145
-11.6272136825,-30.0131439201,33.6643005855
-10.2582558624,-30.7001039107,33.1128469202
-8.96837732382,-31.2529771816,32.5949416013
-7.49384409968,-31.9474741549,32.1051224942
-6.1026109729,-32.5174091103,32.2213507625
-4.67612828999,-33.1425695574,None
-3.48092280752,-33.7615680048,31.7970217442
-1.94694119417,-34.4805271086,31.4052980075
0.0619217685053,-35.381666666,31.6567428273
1.425025551,-36.1726139501,31.6475944914
2.71172150943,-36.7832773325,None
4.00489223993,-37.3577285015,30.8415391237
5.45550386798,-38.1464082271,29.8308887111
6.86274848902,-38.7645978027,29.1670874026
8.97642078676,-39.7234142656,29.3675220406
10.864503339,-40.66962499,28.019543036
12.338542985,-41.2401287646,None
13.7113461313,-41.8872109943,28.3452317337
15.6547894411,-42.943916504,29.6242874373
17.1505011141,-43.5615988214,30.0615681808
19.0844225609,-44.4392925586,30.408734498
20.3752194039,-45.2522056568,31.1129144018
21.8301008388,-45.8239298115,31.7206400986
23.8735498077,-46.8766300111,31.8769735645
25.8657284484,-47.8265304337,32.3335341269
28.0978104625,-48.7042003308,30.7244999848
30.0242845456,-49.7791013469,29.8641452787
31.4551966103,-50.3856420648,29.0381835887
33.4400350071,-51.2228332425,26.5809599046
34.722384733,-51.8941332465,24.353685057
36.8763343468,-52.9617239554,22.5246061065
38.8845593818,-53.9354257364,21.5695309118
40.2371871582,-54.4752052874,21.299492684
41.6980058249,-55.2195537817,21.4147490955
42.9678901901,-55.7975806836,21.2472434819
44.3076335122,-56.491264377,20.6601388375
45.7763062233,-57.0414815029,20.2019291363
47.7980436273,-58.174475537,19.5471854196
49.2132424215,-58.7337998889,18.4253628183
50.5781544252,-59.291883759,17.2958335491
51.9178227375,-59.9605318412,16.1309174432
53.6787662124,-60.920662231,16.2962801827
55.7592613583,-61.8411180819,17.1497882985
57.6342937734,-62.8676021365,17.5697252799
59.0584464302,-63.4239370257,17.4532377719
61.1288043449,-64.4112380918,17.2219744196
62.999367737,-65.3010754278,17.0769062136
64.3358501239,-65.9672831304,17.1301134543
65.597469979,-66.5417236557,17.1506279325
67.7226596102,-67.5557020055,17.4312455345
68.7483339674,-68.1373071381,17.5769721072
