-0.0768618946893,-0.0390476676238,34.5561060654
2.01545831659,-0.0725492110668,34.4079239178
0.62371647956,1.35354997383,34.4242401658
-0.489597020708,1.9404114785,33.8936028105
-1.59128214349,2.39703121985,33.413923144
-2.63579957798,2.52395292615,33.3928571198
-4.25094153723,2.5743873817,33.0964945439
-5.35156292009,2.56362714346,32.1867037672
-7.10068917697,2.43088186818,31.9298825286
-8.73171572299,2.34078291096,32.3629131111
-10.4239520072,2.16455461495,33.2342298783
-12.677438881,2.12070787203,33.5788367791
-14.0705568385,1.82208957652,34.382156233
-14.9456867265,2.35673683562,33.856922954
-14.8753229618,4.2680665903,33.9061477026
-14.917864169,5.68862143827,32.8753819967
-14.9983950226,7.84878746158,32.0437511223
-15.039380968,9.2145211444,32.0582740291
-15.0000855126,11.2521772201,31.8815468078
-15.1736700185,12.5549977871,32.0208462689
-15.2693117116,14.5525270279,32.0572837592
-15.2977491164,16.6287808162,31.6178501835
-15.4939963129,18.3721522763,31.796235518
-16.0408062894,19.5984695189,31.7282771368
-17.0947970777,20.3645956891,31.695207109
-18.333146147,21.5795405852,31.5405414171
-19.378707453,22.275541929,31.6131404235
-20.9457412196,22.8839601657,31.9044354084
-22.5574271449,23.0872790377,32.3895920574
-24.2285753887,22.9503121409,32.7513636253
-25.3198182659,22.7952615129,None
-26.487305437,22.7680881541,33.3110325456
-28.1303741752,22.6045521972,33.9134772367
-29.2643911399,22.6089043138,34.1346788719
-30.7144154268,22.4991686842,33.9881599229
-31.8535453885,22.2708241681,34.4791810411
-32.8180102933,23.0575963277,33.9468072625
-33.2667406239,25.1498165515,34.5694623429
-33.7635441635,27.0984476994,34.329143723
-34.2822456705,29.1284455174,34.2631210795
-34.6628955969,30.4216986135,34.775383991
-35.191326107,32.3393629789,36.0749302907
-35.7144046005,33.4192273466,36.2494597745
-36.3428402862,34.9479718741,35.6484087779
-37.561747233,36.972813631,34.4907162391
-39.6285186476,37.8836655861,34.9197533063
-41.049819784,37.6934858139,34.3153971415
-42.1633530526,37.6673601857,33.5583277768
-41.2430487115,40.0553777862,None
-40.5697561859,41.1844127167,31.210884644
-39.5658376127,42.8775891246,29.6032857262
-38.6186928117,44.9421000205,None
-38.0104095225,46.2604602011,29.3793257482
-37.4870111857,47.4772759417,29.356562299
-36.9982045231,48.7220564437,29.1471742045
-36.5245715135,50.755953193,None
-36.3975209409,51.9874093328,28.8988325691
-36.3120977224,54.0198741677,28.4042162644
-36.3762211258,55.0179596045,28.3885935473
-37.6551733878,57.4016760106,28.2857362178
-38.2386766293,58.6771973568,28.5192255986
-39.2000841507,60.2490770803,28.2479319022
-40.3305000932,61.673590112,27.8925954949
-41.352855583,62.8974827255,27.1259222769
-42.469710997,63.7652999574,27.2503468131
-43.9934991098,64.3318929337,27.6089982979
-45.0916633808,64.220066901,28.0269883953
-46.2442512801,64.1221727137,27.9550744888
-47.9012882768,64.0621093988,27.5807745905
-48.930924821,63.9459269897,27.8424659887
-50.4628913526,63.7863263822,28.3038456054
-51.2367252953,65.097355708,28.2835592464
-51.0597744389,67.0570706555,27.7930961328
-50.9690296768,69.2307376525,27.8003214009
-50.9987105787,70.6667203856,26.5598505827
-50.9743758759,72.5497877453,26.4095597684
-50.9941644794,74.7354185503,26.1428906914
-51.173062218,76.1370962083,24.9883415464
-51.2824080438,78.1354794246,25.3384739501
-51.2992206771,80.0917692772,25.9597648794
-52.6092368873,82.0191156658,26.1709535908
-53.4248608464,82.8549036956,26.0233063641
-54.8601171199,83.7700088216,25.8228228951
-55.8865629243,84.2553915851,25.7803047191
-57.5684324837,84.7174684945,25.4496828866
-58.7166757517,84.7021436584,24.9302332503
-60.500282434,84.5460647962,24.9546528494
-62.1600812188,84.444110447,24.9874897705
-63.6798241459,84.5241543749,25.6600259067
-65.3772026491,84.3687151604,25.5565678567
-66.8891128948,84.1845004206,25.5703876844
-68.5921923936,83.845699641,24.9092393395
-70.4934419954,82.2585924181,22.0853239338
-71.2833814077,81.4266556521,None
-71.983539806,80.5740830317,21.169188822
-73.1212501659,79.3927135861,21.6509840996
-74.1213838508,78.0091907458,21.7912449791
-74.9867662497,77.24016242,None
-75.6593785373,76.3638969395,21.774509313
-76.3179196891,75.551456652,21.9053545227
-77.4799074401,74.2526470799,22.551605561
-78.019904718,73.3567689815,22.2365670468
-78.9597048596,71.9885603165,21.6041095556
-79.8193111281,70.7111085633,21.350727875
-80.7161539266,73.3013208783,22.2333233215
-81.1231219489,75.4989607112,22.9441034044
-81.4362614041,77.5394282954,24.749602566
-81.8395112374,79.5267603121,25.8100892193
-82.1865109864,80.7677215302,None
-82.4414589863,82.1516646849,26.5290316729
-82.780843723,83.9214679173,25.7063987677
-83.3850473331,85.4833451639,26.0982137791
-84.0868171674,87.5589090295,26.2108326986
-84.7708927391,88.3363061483,26.4419788309
-86.5216203675,88.4465898621,27.002316529
-87.598498497,88.3575634786,27.3942420622
-87.9412002293,86.8183994801,26.2044227669
-88.2935174388,85.1753392081,26.258034087
-88.4177510315,83.9168441897,25.6516751521
-88.7447230754,82.2541230757,24.9496871975
-88.9069842843,80.5870947247,24.2370093566
-89.1575036852,79.456474428,23.6501112733
-89.3349673587,77.8460752691,22.2724536865
-89.4071301831,76.6637359042,21.8402135133
-89.6582142599,75.082371632,21.6854294079
-89.7170981443,73.2897749626,20.7861390981
-89.7888328065,71.9346234852,19.8127514862
-89.882580502,70.7099069126,19.4796266228
-89.9373070851,69.0520879425,19.4652272774
-89.7542389721,67.9262972679,19.8171805646
-89.9379204545,66.0914960874,19.6810942211
-89.8565504115,64.4069209817,19.1741017366
-89.8588500974,62.6107053249,17.7468747706
-89.8073426399,60.8789603532,17.2983462332
-89.7915647667,59.8381044549,17.2732156418
-89.7567455134,58.0587931354,16.6881594095
-89.813585483,56.2982247891,17.2160037543
-89.923895726,55.1735460433,17.2726117989
-88.6856739678,53.6620748922,18.5128617857
-86.6074767583,52.8436747738,19.5640239975
-85.059472712,52.4346706655,20.4213784655
-83.1308942268,51.7983315201,None
-81.6846611468,51.4264167933,22.3120798637
-80.0215145347,50.9594497019,22.826972435
-78.3922724735,50.2416083995,23.1325227661
-76.1753933048,49.0236921376,22.7130020282
-75.3697875358,48.2171054944,22.6201907819
-75.0190277378,46.8965853644,22.2620039329
-75.1512052485,44.8337546857,22.0209762033
-75.2474173592,43.2940059479,21.7411847456
-75.3328551081,42.156350885,None
-75.4659397329,41.1254037947,22.1229897662
-75.474779816,39.5297750843,21.1783471595
-75.5785380834,38.2569744213,20.5715907252
-75.6285475055,36.5527764227,19.9151295248
-75.682033034,34.9464108158,20.0780113159
-75.6960571024,33.2661191329,20.7680530886
-75.7140261108,31.5154385332,21.0726212681
-75.8123042762,30.2826085348,21.1032327913
-75.4172697249,28.521067886,20.7197936608
-74.9224867178,27.0269896218,20.6606108902
-73.1756128625,25.8941088714,22.2442185158
-71.2356136778,24.5911275275,24.6238137334
-69.4101557749,23.612056383,24.9512767876
-67.9417637323,22.7755720114,25.5469605289
-66.7549516222,21.8656667966,26.270696369
-65.3407053019,19.9677299229,27.2553665426
-65.4273479628,18.848684628,27.4664383968
-65.3228615544,17.6068370367,27.8144524324
-65.4611173711,16.5265971701,28.3149720141
-65.5166067904,14.9269767892,28.1403629987
-65.6722252238,13.3082425387,28.1268614514
-64.4637137833,11.5733496615,27.9835055079
-63.0199324367,10.8731733223,28.1521869159
-60.904676459,9.72723551997,28.0835181333
-59.2904235046,8.90044321272,28.2094695538
-57.7846530814,8.15272299536,28.4492545556
-56.5148094497,7.23290440097,29.4043310594
-55.3964041209,6.3449474266,30.1378860874
-54.7712592616,4.38727521712,29.4997535225
-54.6732513771,3.27910917745,29.4095624006
-54.7824340689,1.70007292043,30.0464206351
-55.0032209076,0.0579279661172,30.1683089595
-54.9940668661,-0.947659802121,30.4044509811
-55.2300687068,-2.20545378067,30.5568039738
-52.6902441533,-3.40441106615,None
-51.3160935666,-4.11154284013,32.3948399551
-49.9536933407,-4.73987446251,33.2992966916
-48.9305037617,-5.15315406568,34.4413856495
-47.667518879,-5.71759736009,34.899513321
-46.0922733584,-6.52495910207,34.9065815723
-44.8513437058,-7.38417209796,35.0466038581
-43.8313660626,-8.23766930865,35.1319250452
-43.2012643784,-10.7883722105,35.4150586001
-43.2141067126,-11.8158213825,35.0245077311
-43.3051512867,-13.4811752583,34.7129709747
-43.5487383926,-14.9169069578,34.9708910756
-42.3234462423,-16.3533087265,35.062535057
-40.9306854251,-16.7468787168,35.365906053
-38.8224986703,-17.4810558521,36.1465508386
-36.688317198,-18.2317312045,36.2251587675
-34.7895863839,-18.7964198633,36.2531802818
-33.0782791801,-19.3107085847,36.7438182679
-32.1534108212,-19.8504622428,36.9348557914
-31.0619505855,-20.1129929541,37.0978343527
-29.8910428312,-20.9387748332,37.1580273438
-28.9774564801,-21.7867306036,37.3440898619
-28.6962988166,-23.9437832836,38.7327508398
-28.7167113375,-25.2978306246,40.1000229378
-28.8677974604,-26.9650904192,41.3347394076
-26.0955200904,-27.7075983091,42.7320301164
-23.965169094,-28.0901137927,41.0565451647
-22.5080352424,-28.3342554938,39.5328627975
-20.4134437025,-28.8797500974,37.4166896414
-18.5012688241,-29.2310090288,35.7985077317
-17.2286672524,-29.3882615841,33.9003806081
-15.6808409259,-29.8879522184,32.4916083358
-14.1132525523,-30.3233503598,31.5633500649
-12.9143254651,-30.7058446222,31.1151631227
-11.6886779237,-31.3671750093,31.0549531991
-11.5617346102,-32.6790613997,31.344577024
-11.4694853846,-33.6830101599,31.6901343816
-9.35663566382,-34.3992663198,31.198876591
-7.18024452884,-34.3939997242,31.66775964
-5.80731460402,-34.4803940199,31.7414180806
-3.79294586075,-34.6183875061,31.7987585572
-1.57108431569,-34.6686351074,32.5115377852
0.491733717218,-34.8079177716,33.0769783868
2.55654942669,-34.8965043966,None
4.07568699948,-34.9636977137,33.825983971
5.92596896003,-35.0312615794,33.9321208247
7.06908569232,-35.0133289271,34.9077595247
8.31950238381,-34.1816910373,35.7170431686
10.1104807636,-33.0705234986,36.0650363159
12.0061399656,-31.9967796011,36.6387522316
13.1733399355,-31.0900062341,37.2541736627
14.3104889376,-30.3168453594,38.3579352387
16.2133525956,-29.2225311766,None
17.495857867,-28.4361820751,37.5109533322
18.5409811304,-27.7694595633,36.2304042454
20.3131209995,-26.9925078764,34.9736651475
21.5174880431,-26.635973765,35.0443514448
22.5569389799,-26.6856827074,34.9210397059
23.5268218038,-25.5645316519,34.6029016202
24.5008625136,-24.3642193181,None
25.4759351274,-23.5072563438,33.8877149903
26.8688767694,-21.9173060621,34.3134191704
27.8532841358,-20.8593022654,34.0605041721
29.2706287483,-19.331827189,34.4473697109
30.7194873164,-17.5922594773,35.2197125942
31.9186498167,-16.0127756988,36.0921161216
32.9655395263,-14.4493126554,35.6179388355
34.0267609442,-12.2483970422,35.4036425206
34.4991948833,-11.0865627481,35.1110255084
35.0685598548,-9.06026446256,34.486101281
35.5098140335,-7.68772791423,34.8231830059
35.8010398284,-6.49792246831,33.8580122721
36.155258108,-4.34887334259,32.9532897092
36.0887128393,-3.13439565613,32.1333915883
36.0316873601,-1.08970570453,31.6479345966
36.004046594,0.910204792302,31.6142531932
35.9265629344,2.80500873943,30.6562531954
36.0029489743,3.83930436502,30.1938166679
35.5540660071,6.13995562722,28.3637589281
35.3623743918,8.18071598508,26.9433922501
35.1282007998,10.3040240101,26.5541908691
35.0353280926,11.9226803824,24.9994601256
34.8336548525,13.2853608954,23.8380537104
34.534174887,15.1942994543,22.5773041706
34.4859903021,17.0885629956,20.3510299961
34.2341213805,18.2401082097,20.113371548
34.0935881762,19.6812866851,19.6281170758
33.8646208687,20.860284573,19.0963207171
33.1756585618,22.2927234341,18.6534572909
32.367460504,23.1811075331,18.3228060136
31.7699810477,25.1687183358,18.3801274055
31.3152927991,26.6406761221,17.8276747931
30.846016532,27.6953199353,17.5921714922
30.0529522698,29.4730018979,17.1721514885
29.3395372049,30.9479147864,17.3174402336
28.8069974529,31.9020042013,17.2930202181
27.9660743574,33.0645712997,17.3091760502
26.4313690942,34.222762199,17.1224288985
24.9797685473,34.3125619478,16.499189972
23.9464462626,34.2595508823,16.5028125232
22.2750956477,34.1677478293,None
21.1553018746,33.9901114006,17.0450508502
20.157147538,33.9100605305,16.6962869608
21.0757561144,35.6836769411,16.4659690617
21.9878571505,37.6665761607,16.721732092
22.7512899161,38.9374227,17.0639826979
23.5406371076,40.7974027646,16.977773174
24.268309016,42.8048206594,15.7726652105
24.6156433528,44.1789063001,13.0128086111
24.9000698707,45.4662387049,11.4060176608
25.0667811341,47.6358063023,10.7471887039
25.0969764328,48.9645144478,10.140717199
25.1911682645,50.1802649081,None
25.0972479963,51.4348940897,8.31158848091
24.0013787105,54.3270437728,6.81611292119
23.4263886313,55.643496827,6.81717178107
22.8664089214,56.8459249676,6.15303830408
22.0526606411,58.497891715,5.12931996357
21.3295459098,59.3820963116,4.99781867571
20.4182452835,60.7936967801,5.08589485342
18.7192293256,61.9243490231,4.45148252832
17.2363317168,62.0501430637,4.5384099835
16.219637448,62.076201733,5.09088187582
15.1451708834,61.9815164528,5.62390204468
13.3659314536,62.0165072975,6.45624399739
11.8369410779,61.7177704658,7.06232581341
10.3274515977,61.5166755078,7.27422283606
10.6988134844,62.8534148257,6.31524391383
11.3127792066,64.094293239,5.9786660322
11.9658462214,65.4508157869,5.48080873433
12.5733431692,67.4085356943,4.8703325396
13.1376284352,68.6793967804,4.87078071299
13.6016149126,70.7347383215,4.93769449799
13.7470333205,72.015692006,5.60214012956
13.908086292,73.3349160254,7.04552415371
13.8564142345,75.3737053385,7.42346242397
13.9483409871,76.8911994126,7.38209402452
13.7440362019,78.2246916998,7.27493870035
13.6998991819,79.3855562839,7.60997735496
13.4087232781,80.6238815934,7.79354391051
12.8998860134,81.8780278358,7.71729233397
12.24742891,83.1697098616,7.92762195931
11.7897701006,84.1464822772,8.46729148123
10.6727954502,85.8982493283,9.09509880182
10.1303190128,86.8589960683,9.41513340789
9.49239982797,87.667547298,9.5101251336
8.18851653773,88.6352728811,9.9627142054
7.3216695193,89.1496891064,10.2981087679
5.76716902566,89.4541463957,10.0199083851
4.703505931,89.2971023063,10.3507722496
3.59283431824,89.2232674763,9.76720229897
2.51306430076,89.1819002216,8.44621116758
0.808337830898,89.1065152779,7.59308041024
-0.795818933932,88.904113325,7.2263636819
1.32470257032,88.6480699904,10.0426579147
3.26655423148,88.7573993271,None
4.62109695775,88.7268991158,10.0346791475
6.1330167529,88.7816100689,10.120920987
7.46094332525,88.6868029999,9.84975901273
9.58718174712,88.7737222096,None
10.9900789391,88.8870634448,9.24572173239
13.0247918862,89.1884012512,8.35205182638
15.107946451,89.686701791,7.76903923363
16.4365139963,90.086917991,8.02588593148
17.5088690333,90.3820604439,7.98211619447
19.4329245044,90.3258880643,8.47073263754
21.4119989209,90.344727265,8.97200775467
22.9765835938,90.3257541955,9.4595600743
24.8894481301,90.3103342933,9.21385754428
26.4255019676,90.177441824,8.47687000745
27.7320496728,90.1696652483,6.59957517929
29.8386635647,90.0989215438,6.28338950572
31.1877016246,90.1576729514,None
32.4057932743,90.0050926078,6.54808135683
33.7245576979,90.0925836976,7.07840959461
34.7814789381,89.9956526075,7.03664234621
37.3514223162,89.8593203437,6.73672393586
38.647642323,89.8752466558,6.94929825619
40.1296700629,89.6638805954,7.71319311
42.0940278002,89.651836007,7.67549644333
43.5026219332,89.6310980134,7.29225872452
45.6633744241,89.4793414894,6.20449736304
47.141831985,89.431433508,5.57494852269
48.5143244955,89.4648846131,3.93380995639
50.5912841826,89.2650364876,3.39234089769
51.8978899726,89.3043276557,3.3194540826
53.7786792745,89.2252099803,2.09945813888
55.1529879424,89.2291927709,1.5849997504
57.2716063871,89.1131907457,1.22193470588
58.6639207079,89.2060095456,1.22271575568
59.973372115,89.0614201375,1.83581536546
61.3124435109,89.1975541727,2.18429793843
62.7058547008,89.0306149003,1.16175005303
64.1627788882,89.0217397646,None
65.545457551,89.0439679776,1.07492139756
67.5557017036,89.1008274846,0.38513968211
68.7934799376,89.1099575704,0.141131893861
71.8874927977,89.2868245208,0.240715360243
73.1780735221,89.6007689895,0.586833862157
75.3166732107,89.9665298922,0.762593865238
77.3452679906,90.280541907,1.51432343691
79.3664989587,90.1398322039,3.76055359018
80.6344042963,90.2193694688,4.73079989415
82.0389911178,90.2492810872,None
83.454942837,90.1504597414,5.33166605251
85.221662492,90.0112148086,5.74141661488
86.2868924497,89.420546516,5.01268868728
87.2947667209,88.7872967632,3.86226486296
88.6284934085,87.4483962988,3.37187696296
89.515186049,86.6645284375,3.41860861517
90.2879656376,85.1929629166,3.35787832759
90.7292625927,83.9694980805,3.30481904221
90.8709456003,82.9592391091,3.62075658123
90.7734826035,80.6856668599,3.15390197009
90.700732235,78.5803505085,2.76637241332
90.5643376131,76.9164263319,3.25196301572
90.2921560966,75.8650645301,3.5559506906
90.11438262,74.1582088055,4.30211246887
89.9452135167,72.3042687604,4.27715868142
88.848806031,73.2011617857,3.12139290446
88.0751121189,73.9565680712,None
87.0786283166,74.7208481534,1.22829698472
85.9881415727,75.1207928538,-0.0646042573141
84.4552873808,75.6828856642,-0.959090797608
83.3799041991,75.6125114692,-2.02644631139
82.1166312154,75.6438429393,-3.59295143435
80.5411546258,75.5381143603,-4.74786933617
79.4815944926,75.4168010046,-5.72672316608
77.7125774011,75.4333667006,-6.44912712456
76.1967581472,75.18845314,-6.79502003218
75.094986559,75.0984318131,-7.10708208788
73.4127204173,74.9019049304,-7.49654228793
72.3366585769,74.736478677,-7.958229371
72.0743087617,73.1543649457,-8.59578475169
72.002915171,71.8259611841,-8.81150591641
71.9126217812,70.7098799042,-8.47893769319
71.9276107809,69.6741365347,-7.46823688543
72.0175754331,68.0369780221,None
72.326420148,66.8875854841,-6.54135679962
72.7127406089,65.0440500716,-5.29008421389
73.1339514866,64.0581063932,-4.50707684946
73.5081297112,62.7612217706,-4.00399635738
73.9127284132,61.2514656155,-4.46026274179
73.9457414144,59.2756851179,-3.77924267392
73.9115464134,58.0416451534,-3.19250865423
73.7899481661,56.8594284182,-2.96834713621
75.7081890663,56.1838311842,-2.83135378831
77.9801982,55.4707218838,-1.9067645765
79.4022724106,55.1739910906,-1.143467618
80.7365285322,54.6793472858,-1.0343620875
82.8227635087,54.2329078723,-0.753882244123
84.4880702734,53.698625201,-0.460220876536
85.7333984526,53.3495483964,0.633495606177
87.5733995844,52.5597061819,1.69196999777
88.5170471897,51.8710462459,1.99672001848
89.3369554797,50.4393362668,2.14965611783
89.3608865776,47.874636204,1.05250209947
89.2832419475,46.8677787285,1.09458088812
89.1405693538,45.1061928309,1.32488020714
89.0967661213,43.9057499768,0.495547117297
88.8676728516,41.7129627953,0.67252187742
88.779455103,40.4386496108,0.0306073221283
88.8472278974,38.7708073022,-0.0474438018913
88.7810797209,37.7160123366,0.336653984656
88.7528921074,35.9466009065,0.0249235259538
88.7465659645,34.925763083,-0.501771778015
88.7427031033,33.1926535118,-0.324909873474
88.9982621839,31.9714936529,-0.524419746091
89.403552772,30.9762955824,-0.264967748498
89.5935926814,29.9250080934,-0.286112193245
88.4503002127,30.826247253,-1.08928916728
87.5128031411,31.5934952831,-1.28615866196
86.5723004225,32.2428615607,-1.94153854543
85.1412560919,33.2074952647,-2.58107416643
84.0167817461,33.5626363103,-3.34873918331
82.9209237724,33.5284710663,-3.53181906472
81.8832306521,33.6271710359,-3.68154814971
80.8373437612,33.4658638907,None
79.6634107211,33.4486155191,-3.48046915447
77.8954764675,33.4263846316,-4.23619207543
75.8027278905,33.1452889274,-4.46813250733
74.0939364578,33.0258063412,-4.4988024258
73.0619687765,32.7556928768,-4.13180202267
71.4438614923,32.5262811933,-3.96796362341
71.7021784572,31.165660036,None
72.3211386767,30.1040895295,-3.99216715355
72.9441737121,28.9004745958,-3.90060861148
73.8291190685,27.2497897974,-3.18944399137
74.4127632577,25.9782213533,-2.16025133602
74.9781164116,25.0560931051,-1.94502103435
75.2361482773,23.3952788148,-1.37095469164
75.256131221,21.8792818616,0.381599135413
75.1471386443,20.2456448206,0.905679820907
75.1022398855,18.5531545607,1.9178970036
74.9402131168,17.4459652425,2.93002636164
74.953536566,16.4215339858,2.66466656808
74.6942975755,14.8645283756,2.75859958392
75.7588043892,14.1827631736,1.80650493322
77.1713986902,13.828405235,1.63266829442
78.7069597957,13.2586074193,1.35346475367
80.752303589,12.8156336554,1.52394811536
82.0097052797,12.2936427578,None
83.2702064988,12.0646748293,2.28739478132
85.0210000944,11.3979710014,2.68547691241
86.1467645491,11.1824590573,3.41127916971
87.5173217918,10.5073146231,3.92539109368
88.4582075491,10.0763364197,4.31299773337
89.8213345177,8.49507172156,4.72406616147
89.5894164786,5.8959709763,None
89.5789544727,4.76842134697,3.29919613617
89.3152440702,2.53576620265,3.01976071154
89.3248502771,1.45115459351,3.3890696084
89.1215942437,-0.233924414398,3.87062112209
89.0872625323,-2.01076923655,3.98165964417
89.1668878559,-3.15310485634,4.02192874738
88.9300097747,-4.73294712023,None
88.8959783146,-5.87779855466,3.39321723556
88.9561613387,-7.60806788416,3.97843833073
89.0091465932,-8.7462307453,5.09754051098
89.1719551639,-9.7826681773,5.94586331487
89.5313232695,-10.8993832311,None
89.6914413857,-12.002993863,7.04706935222
88.2067658329,-10.9089789226,5.05644623468
87.402504725,-10.0927949191,4.71724661633
86.4303987557,-9.25129560056,4.75402510539
84.9412109959,-8.49493797802,3.90390172389
83.8544503967,-8.3022489405,4.09753807822
82.1214513733,-8.31568557638,5.14026511595
80.9887746316,-8.44524381247,6.06293098269
79.9638445416,-8.36754503689,None
78.7235327978,-8.49911208082,8.45265044667
77.2322112661,-8.68044302718,10.483132001
76.01852052,-8.71518737377,11.4393348405
74.8996571266,-8.89283867712,13.0321955529
73.4757141266,-9.0282291477,15.0332701607
72.3912640808,-9.25003003005,16.8292562002
71.3836966453,-9.30675866745,17.1229141624
71.2540462388,-10.6532937997,18.0851790918
71.2683510607,-11.7607678682,19.3907847719
71.179204828,-12.9546138557,21.1589097836
71.1377268049,-14.5530993039,23.0467048715
70.9661872571,-15.7385811456,24.2869198964
70.9534389133,-17.4651180375,25.5360468828
70.7695907822,-18.9990086598,26.2869372689
70.754270019,-20.6196647626,26.7069421186
70.7113029102,-21.7574685345,26.879822465
70.7154353047,-22.8217358876,27.1797630464
70.8794263882,-24.0233889394,27.6886067075
70.9439272496,-25.1024429601,27.7428062343
71.42278292,-27.030194841,27.1959399126
73.7748220676,-28.0531147374,24.7185083057
75.901096162,-28.904365722,24.5622002067
77.3695480592,-29.4963326747,None
78.6115734486,-29.7555453911,24.0595829704
79.8524243435,-30.2770525086,23.7475816508
81.0197697179,-30.7363493906,23.0628816691
82.7255145972,-31.3863392029,22.1577287614
84.889680996,-32.3824202388,20.5144131879
86.1915437488,-34.1384167514,19.7671585623
86.4237881969,-35.2031487903,20.3635682939
86.346696556,-36.2428396238,20.0948262256
86.1560948032,-37.349825192,None
86.067601058,-38.4376239928,19.5805249442
86.3813302898,-40.3171071229,19.4035628804
87.0543037807,-41.4745357561,18.4213793037
88.3213163014,-43.2124690508,17.6188156082
89.2790400377,-44.5935847084,17.2432705036
90.2502627424,-46.0619354868,16.9098193363
90.3302454941,-48.6128132123,15.0915498258
90.3785196171,-50.4117398355,14.7842037041
90.2100692508,-51.4842334676,13.9116707241
90.009566128,-53.104690951,13.9376642338
89.807180018,-55.2418799493,14.4633130347
88.7683190817,-54.6668581877,13.9005031105
87.3543533605,-53.6434142204,14.437036127
85.7524256745,-53.0118230318,14.7869767463
84.6668526782,-52.6880921798,14.7782881426
83.0176277419,-52.7297137376,None
81.7824182245,-52.7318799642,15.4065273005
80.1360676883,-52.8295335261,16.4260004851
79.0895485108,-52.8396721654,17.2241609018
77.5094541044,-53.0221516725,18.6155780211
75.7181399646,-53.1504732927,19.5088649772
74.6504498644,-53.2484500906,21.0887578072
72.0555064335,-53.5862169203,22.4773566091
71.3224550513,-55.2883737565,22.7233467358
71.0559782169,-56.3183951078,23.1773558809
70.8208187432,-57.9043692702,23.216005664
70.6471937255,-59.0182543005,23.9283000082
70.3349992566,-60.092935743,23.6695022905
70.13336611,-61.7787988909,23.3301444337
69.7827621306,-63.538070419,23.1856166301
69.5724206408,-64.5552029713,22.8815068023
69.2717292623,-66.2454173222,22.5106845699
69.245754403,-67.402231788,None
68.7383100772,-71.3323783362,21.2328090914
67.1058005413,-70.6725868906,22.5986394691
65.4182140799,-69.8553309769,23.450922884
64.3321558252,-69.6982551629,None
