0.0278571400291,-0.0625946699129,34.458664619
1.34279647481,-0.0343016519414,34.1380831767
3.64758485317,-0.0186078285778,32.5132813346
5.11767103557,-0.0425603170169,31.2826509455
7.29896392792,0.0657418253588,29.8089355957
9.71067214875,0.332089044058,27.262795097
11.9449931939,0.541289913418,26.2322973773
14.109812511,0.769868355768,24.799031148
16.2451784539,0.957551147146,25.4278997697
18.6472200778,1.24797263049,26.9740663947
21.0745307221,1.58401610906,28.8408345497
22.715436355,1.57343973749,30.3126002492
24.3637177574,1.75536908301,30.2387475051
26.4555577841,1.72199893687,30.8162499753
27.843738274,1.94702587103,30.9711722253
29.4079192074,1.96945646907,28.6956843879
31.4152584949,2.05165773069,27.2725709664
33.36572874,2.29866955471,26.4679240852
35.0985693339,2.26285305304,25.1801196624
37.1341526911,2.61442597962,23.6375590591
38.6288246159,2.75422543719,21.8685897875
40.8261750279,3.10516386637,21.0801621152
42.3337664515,3.14310093226,19.5108837975
43.6625058456,3.34364964773,17.599740871
45.2151716999,3.43382288605,16.0789325226
46.829734418,3.6250256009,14.0245292687
48.8193405997,3.92671821233,11.9767536097
50.3471388048,4.06053105775,10.6599553015
52.5707271772,4.2478615779,8.68479348981
54.855837016,4.57786460203,6.6928972904
56.3808429683,4.60527262695,4.87621750114
57.7658398877,4.84706543151,2.43479520091
59.9455536153,5.00483144742,2.24635700641
60.8004398201,6.20810741687,1.66098584872
61.1080729102,8.45675066435,1.12367752736
61.1849749438,9.91291518253,1.62930970335
61.1696439871,11.3007811496,0.652754722337
61.4870037513,13.501237926,0.599876985762
61.470618512,15.1338927308,None
61.6943027425,16.6520025035,0.470293976549
61.701813142,18.1194561396,0.019653250458
61.9508505905,19.4899292274,-1.60513004099
62.0385298187,21.0109794466,-2.10807927355
62.2587083976,23.3940835804,-3.21027167969
62.3220905219,25.3500010008,-3.08910346162
62.5192341485,26.9816908826,-3.6261779782
62.4652183415,28.3968245177,None
62.6504420874,29.9386891445,-3.45285550082
62.8598482775,32.5142664196,-1.99521177742
63.0186785101,34.0209830725,-1.61822576893
63.2841671232,36.1445194249,-0.180654387099
63.450059298,38.3868314416,-0.480782507674
63.7431152405,40.023200041,-0.277625407417
63.9553678905,41.3660338513,0.355350866018
63.9915187815,43.0539288612,1.55070934533
64.2145427705,44.3392509621,1.46927621119
64.1810189398,45.7609056255,1.23521421804
64.3404847618,48.0089324767,2.22978469613
64.4018355095,49.5540117097,1.27986912551
64.4192063161,51.5486332232,1.2886926467
64.5943695239,53.8350434986,1.99471948596
64.6896689892,56.05559268,0.668707366027
64.820472849,57.0703563206,0.530728932604
63.8017812282,57.2812187503,-0.836793711507
61.6302516231,57.9175788191,-2.73776486045
59.4370489932,58.5809121846,-4.97414872033
57.9889075861,58.9445296595,None
56.5877632129,59.3162506523,-5.35750906276
55.0150034431,59.8456644388,-5.56972935806
53.6879861251,60.2728850166,-4.78853292534
51.4176215793,60.7255945712,-3.51890052015
49.9690030588,61.2602335409,-2.73886149514
48.618421491,61.5775460984,-1.64905256072
46.4862524978,62.3308641949,-1.43310171101
45.0413537192,62.7554960251,-2.07965691317
43.1371062675,63.2261411936,-1.34557810186
41.604714396,63.5633316712,0.437640420155
39.1494635456,63.8369674712,None
37.6838830333,64.0356806149,1.02610208603
36.0492077973,64.0637449919,3.31330212957
34.4831888607,64.2296143748,4.65251930087
32.9800915681,64.1290349149,5.81345029049
30.7009464963,64.2846291795,7.22493011511
29.2817031987,64.3215177421,7.74760299617
27.7333548867,64.4985903724,7.74879738107
25.5002769426,64.5618778147,7.29020024632
24.3970373872,64.6295711208,7.18011355855
22.9859163986,64.7109022646,6.55774804714
21.4987911596,64.6154541027,6.7829925355
20.0754743414,64.749034798,7.51131182233
18.4670101429,64.8728872489,7.6831084883
16.6590931895,64.8960974449,7.65533433153
15.0981275443,64.8146076421,8.57982893695
13.0251426661,64.8420412612,9.51094413458
11.3671838675,64.8077545186,9.1645977143
9.83910263903,64.8608081462,9.37437834344
8.12317057084,64.8138781824,9.29628794524
6.44429682968,64.8041722235,9.72209381402
4.91575566637,64.7891281023,9.33092570137
2.70113452337,64.9214562599,8.5616465125
0.581575154034,64.7879911232,7.15391367946
-0.595902599031,64.8828659668,6.79571096368
-2.56110499193,64.8198840108,7.19364565584
-4.76591815525,64.8319056211,7.44071090726
-5.92532706857,64.9145643121,7.12546710083
-7.18733600401,64.9522159183,6.61020922827
-8.6048322528,64.9317037284,6.13032432754
-10.8802812342,64.8655742565,6.08081591658
-13.004275792,64.937910901,7.24720686196
-15.2468023263,64.8808944944,9.30082491554
-17.4899643492,64.7934084498,12.7537577907
-19.0336890892,64.8790098543,15.8430250211
-20.4921109247,64.921224122,17.2567210583
-22.6806132015,64.8581282824,18.9562228784
-25.0358566218,64.7691367814,22.1739377992
-26.2002844412,64.8225041179,23.6174290604
-27.8535127295,64.7992666752,24.6690796656
-29.8537920493,64.932213408,26.7078932183
-31.2695244338,64.8702923003,27.8529398519
-32.6565683135,64.8572760392,27.3439920234
-34.4923536142,64.7510768297,27.3118286336
-36.70506478,64.8999823563,27.1943310168
-38.9739809831,64.8300229647,27.3097001735
-41.1998934547,64.9149696439,26.2378488051
-43.4935206758,64.8595723062,24.6114350287
-45.7459565912,64.7822679419,24.460197844
-47.9334230211,64.801143462,None
-49.4635397664,64.7816149701,26.654903594
-50.9403392313,64.8628442636,26.530837717
-52.7464297046,64.7917370375,27.009326813
-53.8370146248,64.7160617059,27.0596684566
-51.4841691599,64.2023497229,26.0630060629
-49.3702978122,63.5627258647,25.6956445177
-47.9164109849,63.3372663454,25.6917641933
-45.6556567665,62.7425112483,24.5324626788
-44.2687922479,62.3249007007,25.6492862042
-42.820756594,61.8421923867,None
-41.4383727871,61.6568632675,25.6521075245
-40.0066132838,61.1238416174,26.1815986197
-37.9486634841,60.6058180699,25.6596582164
-35.7199827231,60.0934297908,26.6339014971
-33.483948807,59.4825473159,27.5402250099
-32.03206766,59.1969190074,27.3994285409
-30.3729073796,58.7243426504,26.5204160318
-28.7105387525,58.3142501923,26.0252072159
-26.4475067064,57.9391149107,25.2117483324
-24.2210440205,57.696974124,23.8723039233
-22.7482232241,57.4132249939,23.6129307619
-21.1777235482,57.2593197975,22.8433519904
-19.5978249011,56.9790806799,21.8759443928
-17.9719163413,56.8216043619,20.2520125275
-16.9406007394,56.6131608305,18.925634751
-14.5655062816,56.2154948654,17.4396208723
-12.3565951473,55.9465317717,16.5801833367
-10.9331765335,55.5650223157,15.3691564315
-8.95510718077,55.4023696809,12.8239098498
-6.86798878781,55.0493100528,None
-5.34184655369,54.8955068975,10.862882276
-4.20514895129,54.6505289455,9.96165262469
-1.82713777616,54.3035620729,7.24248849595
-0.248710310364,54.0470660832,7.35454024169
1.80457011679,53.7753151136,8.70409203986
3.32607603461,53.4033088154,8.55108045334
5.60328445518,53.1195522736,6.90525915554
6.59322434094,52.9224937415,5.60765791717
8.41328276917,52.6018430242,4.57039246961
10.1557058423,52.8353486201,4.93829109834
11.6452193754,53.0400207359,4.34551911946
13.2140103265,53.4252244134,4.52884951457
14.6248991893,53.5057568771,4.86251048892
16.089990871,53.678106115,5.96020165275
18.2832315576,54.0276285105,4.94281699206
19.9352282799,54.164637423,4.97481004751
21.13055507,54.392027234,4.46356403691
23.3525104575,54.5315248673,4.40156455962
24.747270505,54.7618924418,3.91405152861
27.005799582,55.0458719185,4.34358612354
29.2784502237,55.1810413032,2.74403873347
30.748967658,55.4298749282,1.00577649116
32.2034508795,55.5682323414,0.285755805657
33.7032033703,55.6528380605,-1.01870328804
34.6975213949,55.8063329854,-2.17749575826
36.6239683392,55.1944879504,-4.28096920412
38.0232223567,54.9061259077,-6.0254014454
39.4651574088,54.4277010271,-6.36414862124
41.5250361533,53.8471881306,-6.63842310227
43.0306617517,53.2934718137,-6.73963968403
44.4880539033,52.888021769,-7.52610174262
45.9770441844,52.4549265827,None
47.4233804227,52.1063668865,-7.41919826417
48.646483423,50.5674007825,-5.7211290154
49.1314911621,48.9698110371,None
49.4750494562,47.5636755641,-3.33299181484
50.006217732,46.1227841036,-2.14322513865
50.4248463939,44.8180060979,-1.68643217306
50.7683658799,43.3518625209,-1.1351019
51.1523900572,42.1101704839,-0.173491965426
51.5612679004,40.4994001995,0.591283409514
52.2977831721,38.4312446303,1.20350093851
52.560767176,36.9624220003,0.882702764107
53.1133641647,35.6194220581,1.55419191219
53.6774315938,33.384322735,0.0480696266045
54.215984342,32.042129734,-1.70197771453
54.6628881409,29.8561573196,-4.04581071238
55.1804845119,28.5733180596,-5.06731426574
55.4193504272,27.3525349813,-4.91676793265
54.5872710679,25.9131500086,-4.74303163021
53.5072607695,24.1081408573,-3.86586200012
52.3733394827,22.2012734206,-2.36435429441
51.5581393068,20.6823362964,-0.846403355546
50.5096004831,18.9379415646,1.93681224799
49.3763791072,17.0224289848,3.25681817232
47.8121665555,16.1791832371,5.44592369432
45.8450900007,15.1284998532,8.71075619283
44.6105325738,14.5328459119,11.78522859
43.1666739337,13.7881675438,14.0693887366
41.9060509036,13.1439053447,15.6758191648
40.8183314296,12.6055970012,None
39.3246940352,11.7994793915,16.9859448938
38.0798596365,11.3183506063,17.691333685
36.8499922091,10.5766493416,19.2033767625
34.4012041897,8.8397470393,22.388349132
33.2533989557,7.95183935328,24.4470938307
32.4872099999,7.30006879278,25.7009376176
31.264581285,6.52794754972,27.456941892
29.5432067587,5.18298565925,29.8119532243
27.6985498574,3.77278971804,30.0370464093
26.5481711573,2.99740715689,None
25.3035590928,2.10281737204,30.1387145341
23.5470361523,0.820742175296,30.8919377021
21.6129822778,-0.62314708258,30.2679433429
20.4054492343,-1.41614851317,29.4433568104
17.8596051874,-3.40182228646,29.0712665673
20.1986697823,-3.763179818,32.8550528527
22.3712576797,-4.16430760082,34.2157187214
24.6533327896,-4.4957966258,34.0267196791
26.8716588502,-4.79520892621,34.4992221668
28.2688865506,-5.13454597071,None
29.7876877532,-5.32938247892,34.439662524
31.7238093756,-5.68396032853,33.4006377928
33.6899061689,-5.71710236935,33.2817662513
35.2448098414,-5.85884557164,32.1007964845
37.3216208685,-6.19646831496,29.7381439494
38.8202496688,-6.24627891002,28.3376943067
40.330462762,-6.40398918158,26.9474347036
42.5972534993,-6.6505068792,25.5512772183
44.9661467754,-6.87123341756,24.7468600767
46.3039380739,-7.08539827603,24.0346055082
48.6990992942,-7.4025072964,22.8358078798
50.1780505829,-7.46430853506,21.4325289186
51.6234905411,-7.56370136383,19.5317410787
53.7506842267,-7.83218729868,17.3944068706
54.7830342909,-8.02830936656,15.0276036158
56.8588666425,-8.09612170567,11.5144413616
58.3676961731,-8.3960212783,7.99619701871
60.6336596842,-8.54191196113,6.76775307631
61.7921160728,-8.58369627966,6.61736515468
62.0299585302,-11.5707696045,10.658449875
62.3226467664,-13.1232592435,12.5098056984
62.3694723157,-14.5450224613,None
62.5818357079,-16.2102958393,14.0577998855
62.7693940163,-17.6543285914,17.060826932
63.1245726365,-19.8385437854,18.6241488498
63.2859618082,-22.1212307314,20.1470263825
63.4769685497,-24.3478615585,20.9543696787
63.8231007556,-25.7729602162,20.9898207477
64.028320854,-27.976904365,20.6673155551
64.2051023276,-29.4411695134,20.3216944642
64.3160282764,-31.0619074082,19.0818899656
64.5230760274,-32.4703740732,17.9570692278
64.6145261262,-34.5336600934,17.1636515028
64.5862223416,-36.8638634947,16.0566827506
64.5878244889,-38.3269745103,14.9405762767
64.6248985921,-39.881225406,14.5388978932
64.5782111909,-42.1138940438,14.7562781584
64.4632500244,-44.3117394403,14.3996572873
64.5885034095,-45.7586195316,14.3871008421
64.5979518994,-47.3999069256,14.5137831119
64.6363465743,-49.6623323265,13.0743380273
64.6216661521,-51.2863492721,12.3389182402
64.5038903173,-52.7707948422,12.5940267522
64.6123100197,-53.7703838788,12.1177462665
64.4824118219,-55.7012814204,12.4575088591
64.4893921358,-57.9302903276,13.2708153921
64.6055247022,-59.3246280198,14.4221455908
64.4225200947,-60.7938429103,15.5394893514
62.5970282366,-60.760830588,16.0637925323
61.2117569928,-60.6335384996,17.1756219826
58.8843125845,-60.4810608443,16.3041695502
56.6427063006,-60.3114412243,16.8795500887
54.435425263,-60.3456691903,15.834363851
52.8309955076,-60.1685040876,15.6566598176
50.7399622294,-60.0089360871,17.1620478976
49.2659306537,-59.8851007443,19.2375831396
47.6866740016,-59.9706915889,18.6987873417
45.3343371967,-59.7844405238,19.3291348324
43.9395082135,-59.6349823333,19.8655358845
41.6341401768,-59.5268898918,21.2075075566
40.2127070665,-59.5746420614,22.9536611254
38.6888255621,-59.4040916676,23.8965397048
35.545681746,-59.2509299429,25.3448142306
33.9534216252,-59.3023328619,26.0477258807
31.6850900207,-59.1322962531,26.7842644299
29.4589173284,-58.9361187463,26.9387310824
27.9065545634,-58.8482681244,None
26.5203090004,-58.7947908753,27.0524644862
24.0601747455,-58.6389364919,26.3932984009
22.5090629524,-58.7000467531,23.9742230168
20.204699616,-58.5275741769,22.9258432383
18.0494901624,-58.4461947429,22.1405522775
16.5783114276,-58.2875815879,21.4690856939
15.0394239253,-58.1236219587,21.5537782402
14.0026068062,-58.2197159556,21.7378878551
11.9467620823,-58.0273464893,20.5483526933
9.69675630264,-57.8878181075,19.7624165868
8.27476470312,-57.8743412273,18.9043920375
5.95581443384,-57.6281223319,19.7064042082
4.93394092563,-57.5621886006,20.8872852404
3.1357684249,-57.4243437935,23.0351217175
2.10532951958,-57.3933990846,23.1947416423
0.964087607328,-57.3896466995,24.3799595495
1.40296860373,-56.1406536424,24.5221170397
1.80938569987,-54.4618171326,25.8449318146
2.24414361446,-53.0656316272,25.4764647102
2.67455587231,-51.6302255261,27.1112096017
3.20677270863,-49.2886649016,28.6028562574
3.84898092216,-47.5191121442,29.9544198615
4.41744421877,-45.2784886477,30.200264986
4.91230277265,-43.7962051073,30.6225515859
5.18624391287,-42.6841593593,30.0395017851
5.43591190738,-41.3349729136,29.3382506083
6.07726942573,-39.4221309833,29.6809158401
6.36593115725,-38.0194877254,30.0503955013
6.6970035455,-36.5571646986,30.649400001
7.25190072978,-34.4714819055,None
7.65893573955,-32.8688617029,31.144294069
8.06121996368,-31.795313749,31.7404831755
8.39099039014,-29.4947047191,32.7017224399
8.67419638132,-28.1104171465,33.5856659323
8.94677584822,-26.4732190617,35.9646450403
9.46040203521,-24.8039247682,36.6404341878
9.65985656023,-23.2144465257,37.0709088618
10.0130747309,-21.3413817125,37.8476931128
11.6278279678,-20.626003207,38.26429173
13.9167485225,-20.5891898982,36.7213411091
15.2619254449,-20.4311170277,35.2610277664
17.6332885145,-20.1891148004,34.8505708256
18.9981590801,-20.1929726364,34.232014122
20.5810013673,-20.0983395999,33.8157805857
22.0223387093,-19.9048944058,33.4861498892
23.9321488983,-19.8024612893,33.7011452703
25.7424279023,-19.9733316686,33.8837335393
27.8351114656,-20.2793973163,None
29.3421335766,-20.5423211394,35.9300025446
30.8285982965,-20.689715648,37.4811285446
33.1553604304,-20.9829668576,37.6318333832
34.3522185686,-21.1765207738,38.2323830172
35.8837393664,-21.3331759457,37.1824314151
36.9893312122,-21.4620127923,37.2202049349
38.2846221046,-22.1010401048,36.0504278679
39.6866521838,-22.958776799,34.9275401579
40.9235750297,-23.5978323191,34.2992734586
43.0933816894,-24.7874379599,33.3726645037
44.9391818475,-25.8009880286,32.2539850968
46.3189703895,-26.4922440143,None
47.2869596107,-27.0870750869,30.3088785172
49.3037745371,-28.0319302762,26.8193185106
49.5026930208,-30.3607146369,25.5282784417
49.7523867983,-31.9523719896,None
49.7788831596,-33.4575081932,23.6041886145
50.0226774707,-34.9160293772,23.3390643333
50.2174221622,-37.1135667257,23.4217607653
50.3157021255,-38.6348599842,23.2967686909
50.5396215796,-40.0536674172,22.9781842178
50.6919612988,-41.549539803,24.3385580104
51.0013714177,-43.8709744771,24.5431803594
48.7551199729,-44.5089729208,25.7830465335
47.3309556571,-44.7188062698,26.1701859286
45.0336923098,-45.271763652,None
43.5708527869,-45.4920378693,24.3272576018
42.1228495432,-45.7598665017,24.7040692679
39.9173573051,-46.1991961896,26.6510097064
37.8834353614,-46.7644675339,28.3787445285
36.2956436084,-47.0228023219,28.6014471991
34.8807080168,-47.342420091,30.0325606032
32.637657227,-47.6940203655,30.5893299315
30.3678054263,-46.6606756615,32.5992978449
28.4155252174,-45.5852288617,32.7989407987
27.0880021956,-44.819562503,32.3064318154
25.7812630699,-43.9942831736,32.1302585506
24.481804693,-43.3089719172,33.4466069997
23.2666638049,-42.481508155,33.4114672108
21.8583542369,-41.6219405917,None
20.6121855879,-40.956294002,33.1894540865
18.7976701334,-39.8308463954,32.5270513258
17.5298425348,-39.0255718324,32.8363529879
16.1300142237,-38.329069566,32.3092710924
14.8650733246,-37.6157209354,None
13.4370021912,-36.8465999277,31.0876418996
11.9415226545,-35.7490061,30.5354063695
10.0229385836,-34.774236687,30.5377663579
8.62108337747,-34.0341230538,30.6293695463
6.72008467976,-32.8302945613,31.3693851623
5.35421485386,-32.1122226794,31.2040216394
3.45960135586,-30.9892989023,31.1714941846
2.17823163949,-30.2288837508,30.526747232
0.175265193389,-29.0594268036,31.6351108408
-1.60213649667,-28.0769251886,31.7624219448
-3.3151590983,-26.9137077848,31.5852271913
-5.33146146702,-25.9225410471,31.0439997329
-6.346329885,-25.217667324,31.145136782
-7.63947430521,-24.3953486868,31.1320009887
-9.0199428528,-23.6385250459,31.1810164548
-10.9256117982,-22.6817439913,32.7179697412
-12.9794835447,-21.5866822583,35.4878180182
-14.1959590731,-20.7950964796,37.8231023421
-15.5500358007,-20.0883664481,37.9605162619
-16.9285270719,-19.0896716584,39.4098774626
-17.1795502202,-16.9141847726,36.4406572223
-17.1353044483,-15.4416223683,34.6146653412
-16.777005929,-13.060528187,None
-16.6342323697,-11.5800984475,31.5082700168
-16.6280025183,-10.573355696,30.4275978918
-16.4867635652,-8.77382602275,30.5883628468
-16.4500216639,-6.93184033711,31.4339260243
-16.439517265,-5.4191126032,32.123481659
-16.2102097281,-2.92342169887,33.3355295769
-16.1417073216,-1.28295882688,34.0753153413
-16.0889794471,-0.0625571781659,35.9878855251
-16.1170115773,1.00985551436,36.9992450089
-15.9112125713,3.03749843534,37.7913226444
-15.8313625303,5.31260024198,38.1667586474
-15.7654896333,6.75607803179,36.2720069346
-15.6851361336,7.87817707999,36.0755495569
-15.6216709284,9.53077306496,None
-15.5651510472,10.8932226313,34.2606064341
-15.381426088,12.2607472407,33.3133691219
-15.3932616807,14.5590031824,33.1360530585
-15.1597713764,17.4731510975,31.7701558208
-15.0260350647,19.6546398152,32.2084767903
-14.9959711878,21.212651724,32.928964544
-15.0635495049,22.4909752276,33.8966718198
-14.806194291,24.0190802677,33.7811709101
-14.8126146457,25.6945867332,32.3365114531
-14.7504045195,27.0188156506,32.5946769096
-14.6779526811,28.612011852,31.7569154634
-14.8890691232,29.6225802546,31.6094671959
-15.8970631202,30.8244197778,32.3023153961
-17.1008510001,32.5425839362,33.5146648352
-18.0429503962,33.6842182867,None
-18.8565114964,34.8058318926,32.8389116117
-20.2937098748,36.7012696982,31.67697849
-21.3177618621,37.8119575474,31.1542860033
-22.1709081931,39.0050759883,30.5393882273
-22.8283462124,39.891762911,30.3470592324
-24.1655927253,40.4790480423,29.6190105905
-26.1116703429,41.3788210717,28.9333258713
-27.5954802674,42.0565683651,28.139880518
-29.6085989511,42.8257622877,27.9303657329
-31.8417869716,43.6215078722,26.9331504368
-33.219194362,44.2181973729,26.2213989611
-35.1569993983,45.1098104399,26.4766805697
-36.7043558817,45.6926620708,27.1612791414
-37.997365654,46.3075835086,None
-39.368185684,46.8862085539,27.2111901868
-41.4140544421,47.7223404331,28.9676952108
-42.3246123939,48.1835019374,28.9640719596
-44.5782499352,48.9658631466,28.7903338029
-45.8367586881,49.5278213369,28.3667041646
-47.2275007669,50.2087730769,26.8946751102
-48.6969224501,50.7665831279,24.9378430723
-49.989803033,51.3450589006,24.3446759019
-52.0670956637,52.3976102267,22.7454870875
-54.039838902,53.1571155277,22.0107248299
-55.3110514135,53.7590388303,21.0387234161
-56.8236727132,54.3439121793,21.8195395996
-57.8615898173,55.0731025159,22.287785524
-59.147082007,55.9297068146,22.3659588238
-60.2785796883,56.7880316015,22.8753472231
-61.4224293132,57.7583793802,23.2747866237
-63.2126619004,59.0473595354,23.8355328943
-63.3597783302,57.4003108795,21.7567202673
-63.3358110745,55.2673566472,19.8315136668
-63.2112893655,53.7613763975,20.7184954952
-63.1858883815,51.5302112791,21.4224563384
-63.3202617733,49.2210048775,20.8836713195
-63.3383756739,47.6887692362,20.1924210181
-63.2258647169,46.2323018308,None
-63.2277065556,44.7913291589,20.1048085228
-63.1932923993,42.501197255,19.569705165
-63.1531083344,41.0061515801,19.5470907713
-63.3130513528,39.5041702917,20.3358556616
-63.1523044166,37.2967378253,21.9688832516
-63.2894702805,34.902400709,None
-63.2681395305,33.5420664344,20.6136564391
-63.1251806451,32.058394179,20.0093426645
-63.1682266695,29.8366838893,19.4258671219
-63.1483099567,28.4362136467,20.1804502557
-63.2059307095,26.1407342009,21.9058854755
-63.30109969,24.6560898195,22.8483318283
-63.2004656803,22.5019594566,22.609275934
-63.1837090067,21.0162510256,22.3544130224
-63.339598864,19.3806048767,23.2281082624
-63.3427961388,17.4626678732,23.2660251364
-63.2816791001,15.9305146692,23.2388655294
-63.2580012294,13.845276739,None
-63.1746867228,12.568224842,23.8761864656
-63.3377711209,11.08947885,26.0119812373
-63.2424795908,9.25711905548,26.6322060991
-63.2376262378,7.44134144438,27.0893754124
-63.1923338751,5.63404782893,28.8851512951
-63.2951550116,4.06744692617,30.3755075491
-63.2032848837,2.70112718778,30.5382428633
-63.1644383281,1.0709570912,30.6425140771
-63.2208427997,-1.11875239559,30.1069905599
-63.2096751828,-2.58449513791,29.9568635545
-63.202713765,-4.73727466699,30.0588912243
-62.0048550928,-2.85137473063,None
-61.0962818854,-1.47004160986,29.9192048544
-60.0173089268,0.380218549452,31.4379863381
-58.5881878154,2.16598916151,32.1145795488
-57.9087757164,3.4778030951,31.6863037724
-56.6698597261,5.39840322956,30.3926718598
-55.837090067,6.53254863725,29.6831862158
-54.8745039786,7.92929137294,29.2719466484
-53.645908891,9.91892884719,28.3213432083
-52.57781623,11.6786443125,27.1345611158
-51.3413886813,13.5286040678,27.2886475619
-50.1259649435,15.4077497214,26.5303443755
-49.4143780421,16.6177954272,26.4019814683
-47.2171922919,16.375886147,28.3229809453
-45.8582291155,15.9678243861,28.9456327471
-43.760093169,15.2434817142,29.9506685748
-42.1754249578,14.6770681873,31.0308551294
-40.0921213121,13.921153543,31.7623092221
-38.6568331193,13.5078948514,33.5030037573
-36.6024307057,12.7092468145,34.4808585643
-34.4706011583,11.8244879669,None
-33.0902112344,11.4744975605,38.0038029439
-31.2508231516,10.7786178208,38.201313449
-31.2627930065,9.55071992754,37.9061160761
-30.9878252421,7.29866188121,36.6144692818
-30.9152718867,5.89943188621,35.1071208647
-30.8461454403,4.28656232209,35.4066319396
-30.5800573543,2.18809835228,35.6461385097
-30.3703447606,-0.171869698835,None
-30.2834222497,-1.50146656461,35.9474090285
-30.1736968259,-3.04618678175,35.2702328719
-30.0155813324,-5.3835277017,35.6904610818
-29.9887156157,-6.66911510641,35.5868022813
-29.8687291796,-8.24818791826,35.5621604502
-29.4570039701,-10.3627877545,35.914674469
-29.2455636344,-11.9370552481,35.2411751098
-28.8201520039,-14.0546133837,36.5226512452
-28.4061031557,-16.3211357775,37.8698579491
-28.2959527988,-17.863333063,39.5442251144
-28.054277752,-19.1323256979,None
-27.9054378637,-20.3136830909,41.2322598099
-27.5608032098,-21.5658965136,43.1841411515
-27.2568135007,-23.9485383359,43.3422622857
-27.0117360857,-25.4720236554,43.4596973518
-26.7154251873,-27.7442557044,43.6983558874
-26.383323668,-29.150973826,43.7735707232
-26.0497202732,-31.5165473341,43.8299108241
-25.878261526,-32.9142304384,45.3340218305
-25.6412508186,-34.5421050034,47.0345065306
-25.2272809562,-36.5994101019,None
-25.0130281078,-38.1089044045,48.8440995852
-24.7907236679,-40.3559684545,48.9032343938
-24.2929416232,-42.7180827457,48.2614555637
-23.9445566199,-44.6115542877,46.041611471
-23.9083104629,-46.0931670598,45.7645560916
-23.3115402533,-48.3423421532,47.2004834455
-22.9326343917,-49.8892744759,46.5689204834
-22.7307381172,-51.3402015467,44.9255172163
-22.1667207938,-53.4511082509,42.7933661912
-21.7903550567,-54.9100459805,42.2822027505
-21.4642103008,-56.4627465248,40.868003937
-22.3156467218,-57.551335964,40.2237887335
-23.5866719635,-58.1198940944,40.0172362622
-25.1958115672,-58.373371986,40.4383191067
-27.3452266511,-59.0741767768,39.4708588914
-29.4790555193,-59.6118218848,38.1845086957
-31.0019720243,-60.1304876071,37.4894464442
-33.0589216112,-60.7397770431,37.8040735061
-34.5898017863,-61.1986310753,38.1810517606
-36.5964558514,-61.8740517212,37.901913741
-38.8280827744,-62.3932449502,39.4155359791
-41.0282175335,-62.9922339377,39.4825579811
-43.1234881792,-63.588421826,40.0991505845
-44.725257944,-64.0606195586,40.6088032595
-46.8551400937,-64.1372892197,42.3610885891
-49.2829291538,-64.120398472,42.7125856192
-50.8127200066,-64.2027551541,41.3288740188
-52.9058054677,-64.1929394495,40.6631261197
-55.2934185518,-64.0505129941,39.9431564267
-56.7914017166,-64.1207952236,39.6381330298
-58.7686400958,-64.1683574955,39.5366790168
-59.2998815761,-62.6456594709,None
-59.9422751686,-61.1973778375,41.9832122901
-60.608932684,-59.8537234194,41.4590163194
-61.3292353835,-57.8572119034,42.5571902477
-61.9210172903,-56.5583125508,42.6171695518
-62.9152222913,-54.4364843016,42.7858114972
-63.4231456118,-53.1304398023,43.1383432119
