-6.333178939223230053e+00 5.085538227584143062e-02 3.410391935758303816e+01
-8.945486644885475513e+00 3.095885532212574662e-02 3.550536441934417553e+01
-1.251451694600277165e+01 5.980923304091438630e-02 3.612638038222353742e+01
-1.617518090905984351e+01 -2.069218975742955630e-02 3.572206805750558090e+01
-2.003570820320185675e+01 6.339502838830818332e-02 3.559335280650841327e+01
-2.179409519192702049e+01 -2.260071482656665687e+00 3.387647489571766357e+01
-2.330041602539295198e+01 -4.183517308021882819e+00 3.464340227157320129e+01
-2.474591359946760249e+01 -6.366212999230894454e+00 3.760043652019954408e+01
-2.705047828310900471e+01 -9.382387953247945944e+00 4.291966056399232343e+01
-2.892869590090501930e+01 -1.223599301447263166e+01 4.489650626853384807e+01
-3.039917984595222578e+01 -1.433988017178059948e+01 4.506471164571235022e+01
-3.235791668788947817e+01 -1.743133191330598208e+01 4.498380022531956257e+01
-3.363183050185096334e+01 -1.933752155782132576e+01 4.308665494255672002e+01
-3.584012192033759447e+01 -2.204458806191550480e+01 4.104388602497232341e+01
-3.903109446915983227e+01 -2.591984262030388564e+01 4.064340279266368583e+01
-4.061427645402833519e+01 -2.802357612026041167e+01 4.016931439736733012e+01
-4.209795545380019632e+01 -2.983080337434838825e+01 3.830620837746022289e+01
-4.365265649096914302e+01 -3.195468633195931929e+01 3.596099490186375647e+01
-4.526285513730886834e+01 -3.397643701187348597e+01 3.302283784828536284e+01
-4.743091997430184392e+01 -3.688543873166071307e+01 3.208257412681891196e+01
-4.756163592282879193e+01 -3.852836163590290397e+01 3.089404627215904497e+01
-4.773776948087532901e+01 -4.102706576220359835e+01 2.909767280519251642e+01
-4.803235365141018320e+01 -4.358920287421388906e+01 2.656241055593471856e+01
-4.828110935827725569e+01 -4.617596601782801002e+01 2.583405328494573183e+01
-4.595752795814892266e+01 -4.727402804082216647e+01 2.916900994423722793e+01
-4.351528085359301912e+01 -4.794313404703214587e+01 2.992927439918204158e+01
-4.071990731144656195e+01 -4.816385775097886324e+01 3.073196616790865221e+01
-4.196625654886315004e+01 -4.306165171843844064e+01 3.768322141117045732e+01
-4.055103375203960780e+01 -4.427475346102325915e+01 3.362202250267764470e+01
-3.764363265973617700e+01 -4.638832982653408266e+01 3.256457220934234442e+01
-3.645817574027987717e+01 -4.698562663859514998e+01 3.213915660355309001e+01
-3.290902450166770166e+01 -4.826307309252053557e+01 3.193699988741568063e+01
-3.331438005968826133e+01 -4.713488205679685450e+01 3.440289499126145500e+01
-3.421711575408172479e+01 -4.496971862747977866e+01 3.744497920987506490e+01
-3.516341047514760731e+01 -4.386715607528175553e+01 4.031494895589739968e+01
-3.777184239747076333e+01 -4.103526678862285593e+01 4.110915399777312018e+01
-3.783285368822206607e+01 -4.069191719742949687e+01 4.111725630876488680e+01
-3.662438528605508736e+01 -4.176855177575709632e+01 3.910229353770079541e+01
-3.450006101519830537e+01 -4.318528877981460568e+01 3.589953497762022749e+01
-3.163059081609085865e+01 -4.546673682724222232e+01 3.265988918673330943e+01
-2.961740619685326337e+01 -4.683587915824041659e+01 3.267486355602373038e+01
