-2.679381549506931748e-02 2.140671381649254801e-02 3.315624929717826319e+01
-9.068355760953319411e-01 -8.314532784279173028e-02 3.227934574921227551e+01
-4.635393187867208553e+00 -3.215332459090412820e-02 3.288872632785957961e+01
-8.336772210028973618e+00 -7.254533398736366656e-02 3.448488381042108131e+01
-1.219793575044874601e+01 4.907119077630948956e-02 3.597073212047878599e+01
-1.277155169697671155e+01 -1.739042898206843435e-01 3.594442852838266589e+01
-1.500613264680533021e+01 -6.922683216714627941e-01 3.596852147929408261e+01
-1.858816654511605648e+01 -1.601464438272703461e+00 3.563339883267796893e+01
-2.111406343352291515e+01 -2.317551964182911206e+00 3.482839705787368700e+01
-2.377506922755883423e+01 -3.020501395671446598e+00 3.263060012979772750e+01
-2.526757253858661301e+01 -3.490217576449237580e+00 3.203217022995408314e+01
-2.772174030519125765e+01 -4.069994669615950578e+00 3.407511035457755355e+01
-3.241509376019276090e+01 -5.332332512406430247e+00 3.617772424802099351e+01
-3.509187633812050677e+01 -5.995131184649784117e+00 3.519489982278307849e+01
-3.775965310292092170e+01 -6.835658951929193705e+00 3.335509131652249692e+01
-3.833295048548408346e+01 -6.857038573788540425e+00 3.329336327029897546e+01
-3.861939237049195839e+01 -7.399911587897562093e+00 3.366314552291357387e+01
-3.930383073302467523e+01 -9.865632401556176490e+00 3.289186506162082679e+01
-4.074923383517078435e+01 -1.341597765830863764e+01 3.220837468660937475e+01
-4.146492579521744659e+01 -1.583810606019612699e+01 3.290381952148297273e+01
-4.232407185844689934e+01 -1.813052704150924299e+01 3.421496676210475840e+01
-4.313193182287856331e+01 -2.032214624023219685e+01 3.527748283979222066e+01
-4.398539980183552700e+01 -2.264880420811481443e+01 3.460996647451336372e+01
-4.539690953823297548e+01 -2.625697761980843126e+01 3.355218499303294521e+01
-4.625870752176191303e+01 -2.865479487821520976e+01 3.215127635612417833e+01
-4.741008449867855035e+01 -3.176771871332018549e+01 3.213863524380916203e+01
-4.750287251238469111e+01 -3.208410391983761656e+01 3.203556054259227892e+01
-4.748526844936842650e+01 -3.413232058250015655e+01 3.258236838418037706e+01
-4.761903622262218505e+01 -3.669359464055802533e+01 3.181722708560042179e+01
-4.784608842946052931e+01 -4.038515424272521415e+01 3.058099049300091465e+01
-4.795359369310883579e+01 -4.279666512900341502e+01 2.887056976168843292e+01
-4.809978245301233812e+01 -4.541668705109447046e+01 2.549415631459550724e+01
-4.814141497162986383e+01 -4.668991527594886293e+01 2.552902928860746812e+01
