-2.950264715493915002e+00 3.229587242130543823e-02 3.309822154666568395e+01
-3.901583524903716516e+00 -1.001056400158523930e-05 3.311272520549248810e+01
-7.383749379427702486e+00 8.227455490249287184e-02 3.298261992660998487e+01
-1.261456546093662112e+01 -9.156865218091835013e-02 3.286418764491171629e+01
-1.484087102924079460e+01 -1.069773543509193514e+00 3.292695517825098506e+01
-1.545447356315893295e+01 -2.417762267379054975e-01 3.276777249680290538e+01
-1.493131991488519006e+01 -1.641845629920093641e+00 3.294742709771333722e+01
-1.364350087630635144e+01 -4.719663341069048279e+00 3.290925702733417069e+01
-1.263232627132614638e+01 -4.477429255091968763e+00 3.289983026964986834e+01
-1.026309188871113420e+01 -3.453015999996051022e+00 3.291452915639172261e+01
-1.155787367211719285e+01 -2.095607461084238454e-01 3.288820322944143015e+01
-1.017327994876020014e+01 6.101231585264882407e-01 3.287610724528030204e+01
-1.286100725702565306e+01 -5.694990565118025483e-01 3.289021634233655078e+01
-1.478723872214109925e+01 -1.251315344626720449e+00 3.281142144909374281e+01
-1.422308450763733489e+01 -3.106203964459095523e+00 3.296135867712002465e+01
-1.352176152190744851e+01 -4.660446145700672282e+00 3.295064856676454212e+01
-1.446225489757154037e+01 -5.367649603822417959e+00 3.272538890135494682e+01
-1.509551115579240310e+01 -5.875725791001072729e+00 3.273138107882132175e+01
-1.479248448507199853e+01 -5.661062350421932621e+00 3.299467793068695443e+01
-1.150441897357622167e+01 -4.273603196896571532e+00 3.304252807199795683e+01
-1.024595835827553003e+01 -3.761236588995540586e+00 3.297953659000109639e+01
-9.175198015015844533e+00 -5.079107503401742996e+00 3.307610664107854603e+01
-9.729865448617546875e+00 -3.762712755655720276e+00 3.291122802204670705e+01
-1.069963587951959738e+01 -1.740593509503116199e+00 3.304197047243395957e+01
-1.145749662628491805e+01 -1.664989183334793788e-01 3.286518222422511570e+01
-9.848822769594079318e+00 9.003013891429029192e-01 3.300654427443215866e+01
-1.189316059361452282e+01 -7.811524254115644050e-02 3.301054265440161828e+01
-1.420251661031449864e+01 -1.052637301635448663e+00 3.280310421888110284e+01
-1.481298625701596450e+01 -1.317676175518143644e+00 3.283009025506054712e+01
-1.385737601017997811e+01 -3.934275929347543777e+00 3.292629489928223308e+01
-1.356292509480366704e+01 -4.775222579789451416e+00 3.296658269941868014e+01
-1.405229198958572923e+01 -5.090018265563898581e+00 3.280888666883395643e+01
-1.511498119488042313e+01 -5.847074146938498806e+00 3.283624199517697662e+01
-1.273214221218569087e+01 -4.862472109294095901e+00 3.297247582127217669e+01
-1.038994963479858491e+01 -3.835903286792830880e+00 3.296686805666291065e+01
-1.012887250115708859e+01 -3.654378825006205034e+00 3.299615138061351161e+01
-1.065524699668563535e+01 -2.407732270918239603e+00 3.286782121775979704e+01
-1.149423399378308730e+01 -4.197213755484535680e-01 3.292895134955575287e+01
-1.404549269645403164e+01 -1.254710023773219385e+00 3.282701437116410403e+01
-1.470958729344891225e+01 -1.428045729421037802e+00 3.294031963732802382e+01
-1.512469687536191643e+01 -1.006224638868535415e+00 3.274009157233507494e+01
-1.595369503109150067e+01 1.434698129762057572e-01 3.271479348795726594e+01
-1.526383756312918827e+01 -1.255566701892653292e+00 3.282729169166080396e+01
-1.368227301153637576e+01 -4.761142690377129227e+00 3.294518387092823275e+01
-1.503379417402838669e+01 -5.761208421236259092e+00 3.270497399185666154e+01
-1.308168813045388390e+01 -5.005914040210570626e+00 3.285589549096317086e+01
-1.023985832894721071e+01 -3.575872673494641774e+00 3.302209719727910198e+01
-1.115760059054278486e+01 -7.700268567467639658e-01 3.306362919486455354e+01
-1.153412343936102857e+01 -2.632947994793352064e-01 3.287658021298690159e+01
-1.240948158344271413e+01 -6.226432063874930423e-01 3.282150353977820600e+01
-1.447829018125006684e+01 -1.423480281965090910e+00 3.289816390795508028e+01
-1.480974638815657229e+01 -1.558205735177760953e+00 3.280583594541845116e+01
-1.351481326196884503e+01 -4.759546192258206077e+00 3.284480366342398838e+01
-1.132532372341966642e+01 -3.912617408487826243e+00 3.307049401206434425e+01
-1.031091089361764901e+01 -3.633356192255566608e+00 3.305020668175960452e+01
-9.714509434701518842e+00 -4.315992917995243872e+00 3.307021409284372737e+01
-9.170225389247818271e+00 -5.127775270483422965e+00 3.298550067617717474e+01
-9.380212981517475512e+00 -4.753836970995291011e+00 3.311997917280618964e+01
-1.015652598235421600e+01 -2.948097652333720120e+00 3.303625930913703712e+01
-1.110389488330186758e+01 -8.640027759411387231e-01 3.306173337613152086e+01
-1.128750752810307389e+01 -3.011259526798699682e-01 3.302153373379875489e+01
-1.198214875851169303e+01 -4.855004419002174609e-01 3.290675422484212476e+01
-1.480685589610456177e+01 -1.549978473015491520e+00 3.279371768396808307e+01
-1.390804485781266031e+01 -3.942198025845364384e+00 3.280645068833770495e+01
-1.354742217339066279e+01 -4.759411800978184282e+00 3.295564007904590653e+01
-1.415593998953378119e+01 -5.180169662639481309e+00 3.279591547374577232e+01
-1.524592439191056670e+01 -5.848716138132562747e+00 3.283530551324618330e+01
-1.177507212281012272e+01 -4.252569564449950157e+00 3.303770718779382065e+01
-1.020586881536862478e+01 -3.716913273207963275e+00 3.306666323735267810e+01
-9.374638139309075413e+00 -5.056131417945487705e+00 3.308832524226877325e+01
-9.877184989580591434e+00 -3.762561709278460231e+00 3.291975661916100648e+01
-1.074407132266120612e+01 -1.607355714086758702e+00 3.295722344808752524e+01
-1.133240276087637710e+01 -2.051111975078342697e-01 3.287265240456913773e+01
-9.932176196624505238e+00 9.384158607729164991e-01 3.297223198377391640e+01
-1.377037352558706651e+01 -8.751372371323818955e-01 3.280759202384359696e+01
-1.487278220106136217e+01 -1.349038328355862904e+00 3.281850065308351105e+01
-1.595233165997160718e+01 1.074010998554475460e-01 3.274836610974968920e+01
-1.517765991259771674e+01 -1.529908064166581871e+00 3.280208585128009702e+01
-1.405498273580790247e+01 -3.962142700078767898e+00 3.286344332770068632e+01
-1.368692542666941492e+01 -4.767691613884486479e+00 3.283634993271994773e+01
-1.356783945698221849e+01 -3.805817307157846496e+00 3.294123418818175253e+01
-1.296593043566057268e+01 -3.283163686795732006e-01 3.285827178608084154e+01
-1.329045726488109125e+01 -5.271054729334297972e-01 3.277441028548489044e+01
-1.477281412072841071e+01 -1.163560011286088436e+00 3.280682433074690607e+01
-1.506933315544873508e+01 -1.072057171721517044e+00 3.288841330325293200e+01
-1.578429776119849670e+01 1.028145356930215554e-01 3.284395088731207579e+01
-1.490369126206270423e+01 -2.089112271567334034e+00 3.285079285874129340e+01
-1.361995259670423231e+01 -4.830858405633020602e+00 3.285688471132501576e+01
-1.087680159469559449e+01 -3.782073026338863997e+00 3.294000527654540633e+01
-1.019159621463373711e+01 -3.452442949909960035e+00 3.296516088381863341e+01
-9.285340492544525759e+00 -5.056782468780331996e+00 3.303269698940621169e+01
-1.122149538112288170e+01 -2.703791871404411240e-01 3.292924392417074131e+01
-1.330964803408939545e+01 -8.911669655061011941e-01 3.282602118742641295e+01
-1.483488432717591188e+01 -1.441460959803661623e+00 3.279075874731096718e+01
-1.582094596655280228e+01 2.614888248521314573e-02 3.276492036364317073e+01
-1.518553017461635868e+01 -1.496378325345589566e+00 3.293582647006679309e+01
-1.373982204841576760e+01 -4.827303073812531764e+00 3.283949807871030657e+01
-1.155045139036448631e+01 -4.109095550064391311e+00 3.301956691873762395e+01
-1.027921156806577230e+01 -3.453281388239640481e+00 3.299960370490254036e+01
-9.474186024237354786e+00 -4.538453292232023095e+00 3.311031318740351992e+01
-9.095202377358093671e+00 -4.983858114332383238e+00 3.308908279832999000e+01
-9.849722784578997192e+00 -3.441947655369880898e+00 3.297186576035869621e+01
-1.133330329510620516e+01 -2.922432347190176416e-01 3.288407397199917170e+01
-1.328561924769369362e+01 -1.023704180933391328e+00 3.285624724174993361e+01
-1.471062571255914442e+01 -1.385644168099869900e+00 3.279286136978726773e+01
-1.534256118051932560e+01 -7.005711846915937402e-01 3.274411001112680708e+01
-1.585979201714129694e+01 5.303484764066283136e-02 3.288444060958758541e+01
-1.554011135377925790e+01 -4.841964377733843916e-01 3.286840550252014026e+01
-1.460247294957412656e+01 -2.574821095839566087e+00 3.294755188993353556e+01
-1.365588960980014122e+01 -4.834737744909345381e+00 3.296013644512991192e+01
-1.325759924286821878e+01 -4.719384867509533343e+00 3.291340138383679204e+01
-1.086898412966628413e+01 -3.794588241259260641e+00 3.298189314356304180e+01
-1.034177024117884258e+01 -3.521313121243328403e+00 3.302228978261094738e+01
-9.234138781556421094e+00 -5.201927873253788803e+00 3.311272953707233313e+01
-9.499494832637648045e+00 -4.626664958473945433e+00 3.302511461890920685e+01
-1.065390102002131378e+01 -1.799884760225362701e+00 3.295685412976344963e+01
-1.127529065462309354e+01 -2.154233760249441021e-01 3.291533989106794422e+01
-9.859942460208026560e+00 8.411868882102000455e-01 3.295212296160810439e+01
-1.201109252812040218e+01 -1.944371499043476004e-01 3.297859481619041588e+01
-1.474815501112896676e+01 -1.313551928288863913e+00 3.295777648772408241e+01
-1.361952183528422289e+01 -4.850223818616467675e+00 3.287231882139655426e+01
-1.512509778536489868e+01 -5.836566717754059219e+00 3.283264648763819338e+01
-1.399591666187910377e+01 -5.237317519944549638e+00 3.306676247995296336e+01
-1.129236487700473290e+01 -4.062366075178831082e+00 3.288078651480511638e+01
-1.017666023844120637e+01 -3.660906143687524761e+00 3.307557001469548652e+01
-9.366482894828553896e+00 -5.074454420487827910e+00 3.306389806342561855e+01
