-5.546414930008250366e+00 -9.124136573603459921e-02 3.446036139380950658e+01
-9.166021770504539035e+00 5.324758513522446363e-02 3.572519054937060190e+01
-1.291151334423008734e+01 9.145313474571864498e-02 3.622531086718328197e+01
-1.549004111236086167e+01 -3.420379497071129871e-02 3.591508706212725599e+01
-1.898685684189035072e+01 3.716047886964504721e-02 3.588540619593020864e+01
-2.147886654462648082e+01 -8.949949316670985366e-02 3.185356056893298771e+01
-2.521586844925464632e+01 9.551740743687067714e-02 3.040334200756839778e+01
-3.139264617663945955e+01 -2.554644439269478096e-02 3.103946972649793423e+01
-3.392360320922412598e+01 8.887239218400594387e-03 3.180865378834904433e+01
-3.780851144994439750e+01 7.840888567676372600e-02 3.107368986592015148e+01
-4.019492607219881108e+01 7.814183288281240092e-02 2.888501978990401042e+01
-4.407275148161784273e+01 -1.241358569714232519e-03 2.473275134661713537e+01
-4.612092296391905677e+01 6.508642167559897107e-02 2.482871989598440265e+01
-4.630743001839090311e+01 2.684637708168161385e+00 2.283426080647642564e+01
-4.658938460349293820e+01 6.517064919285465052e+00 2.033134564148791412e+01
-4.682444019486165843e+01 9.060137896042881778e+00 1.896282544329460862e+01
-4.734941932672710863e+01 1.409075138622778312e+01 1.830216518840529005e+01
-4.763735287416260178e+01 1.658282274216854901e+01 1.660940742324662267e+01
-4.792567935871110052e+01 2.015518092030749386e+01 1.719278341216252315e+01
-4.815719213055393055e+01 2.260429152657661689e+01 1.627169308524537428e+01
-4.842324980852398397e+01 2.673662974567706740e+01 1.613999291618950593e+01
-4.848063400335542639e+01 2.923515895955068089e+01 1.822018156446061710e+01
-4.838125374711481896e+01 3.168753787112451192e+01 2.098807747995148176e+01
-4.852960453188148904e+01 3.568061376494370052e+01 2.297731557003270453e+01
-4.846959281430964950e+01 3.820128413051421035e+01 2.547340510551786963e+01
-4.837337305327449855e+01 4.185276140717223115e+01 2.613125382541986852e+01
-4.849930506379360651e+01 4.444179393757605823e+01 2.466576593935338479e+01
-4.844553091228959119e+01 4.637734147162905884e+01 2.474386567474283538e+01
-4.683617990125996755e+01 4.683464173046419887e+01 2.513208237064560890e+01
-4.456468422827919085e+01 4.747748054102930837e+01 2.626480144279504714e+01
-4.146512596494913794e+01 4.846950379932025754e+01 2.716642472039528045e+01
-4.157489406588196346e+01 4.793355770876154054e+01 2.704398039926456576e+01
-4.254569709435289582e+01 4.536765393009290648e+01 2.704888719802590202e+01
-4.372844421334038145e+01 4.195676814905248619e+01 2.540608154574807998e+01
-4.410853453308214256e+01 4.051555373532786319e+01 2.527439383629626946e+01
