-2.927987440202728830e+00 2.202570117999838595e-02 3.227428838535320921e+01
-3.674769043434773508e+00 -2.227187712503430218e-03 3.225228704606160335e+01
-9.729783030708455627e+00 -3.377829248226253689e-02 3.490607290693201747e+01
-1.221817714030661328e+01 -3.180460795662358453e-02 3.601024823203498215e+01
-1.426388730036745578e+01 -3.046190585523647520e+00 3.536606570799729354e+01
-1.609367184335550505e+01 -6.185466501199537781e+00 3.582545380572268101e+01
-1.800217390273914830e+01 -8.538795104466899488e+00 3.670421477845926717e+01
-2.068007938125539980e+01 -1.210961856097707745e+01 3.954845207614772562e+01
-2.347150951942385788e+01 -1.649091007531323427e+01 4.383770738357629426e+01
-2.527369377264994910e+01 -1.915115619415487913e+01 4.616650663216567096e+01
-2.675348303589908738e+01 -2.115611396496429819e+01 4.680303540966328057e+01
-2.806513189787160556e+01 -2.309789591865764180e+01 4.706987069903798471e+01
-2.937755615613556515e+01 -2.523043203970437176e+01 4.605470178213818144e+01
-3.072678053838489731e+01 -2.727564164535176161e+01 4.502839609552202660e+01
-3.178245416032566695e+01 -2.881977626023380523e+01 4.538848565686923564e+01
-3.411786528484893921e+01 -3.170260401762015334e+01 4.574635102814915655e+01
-3.533503815976987283e+01 -3.341839354841207665e+01 4.567035547490935699e+01
-3.795721443868074374e+01 -3.610102110197141201e+01 4.330359108017211867e+01
-3.961912138396051120e+01 -3.817230285356178854e+01 4.115585212555787109e+01
-4.266191422670009104e+01 -4.160929043017896589e+01 3.845807629719146092e+01
-4.433316615947124006e+01 -4.342857585668720333e+01 3.486377721975079425e+01
-4.600933869558375022e+01 -4.512180611145224418e+01 3.033654008797738300e+01
-4.446448475898164077e+01 -4.639636483977519532e+01 3.057462221385283030e+01
-4.270012371490894054e+01 -4.782824333081207868e+01 3.006285951202023909e+01
-3.995166459465676922e+01 -4.834542479232028711e+01 3.081989032940785123e+01
-3.826526215607766090e+01 -4.858985411759231710e+01 3.089877616353813394e+01
-3.518829772848857118e+01 -4.892774263086517550e+01 3.146315488334863275e+01
-3.361307960014342200e+01 -4.889179381410155401e+01 3.173689645532152070e+01
-3.264114059620852970e+01 -4.895078439004004167e+01 3.189588236077813832e+01
-3.464875892899086551e+01 -4.587451082232731636e+01 3.435318093283936491e+01
-3.482926777872444291e+01 -4.362362730559690505e+01 3.848076699552256486e+01
-3.363127285559070856e+01 -4.431112663917986794e+01 3.738902431355268163e+01
-3.173229446139929166e+01 -4.582119246835129900e+01 3.508561714045641367e+01
-2.965086129869893483e+01 -4.737183019321660993e+01 3.195802546811444600e+01
-2.871029481166697650e+01 -4.789451057567433878e+01 3.031727772671029797e+01
-2.640278029101860824e+01 -4.856971214415486315e+01 2.941012222972175039e+01
-2.602007438091943570e+01 -4.857434487190273131e+01 2.935193375397108539e+01
-2.659215426009920336e+01 -4.720239499815429696e+01 3.421595733842409714e+01
-2.807199203893807038e+01 -4.292496718364004238e+01 3.742607762267181215e+01
-3.101798224283458438e+01 -4.048939762902404738e+01 4.380945714212180064e+01
-3.148203383994000504e+01 -4.013587668477593695e+01 4.430506029059836237e+01
-3.102227377636508976e+01 -3.930378605386266599e+01 4.544375854027995132e+01
-3.069458640448958064e+01 -3.833298413086614431e+01 4.533443519106630504e+01
-2.923211213996886570e+01 -3.828749503522852393e+01 4.315471331399906774e+01
-2.813625285786312702e+01 -3.833301152964342862e+01 4.258839551213901586e+01
-2.588152987373762670e+01 -3.995192385612800479e+01 3.946541464967894797e+01
-2.439886771552675171e+01 -4.171447436690002064e+01 3.427262327844102430e+01
-2.212328154002889136e+01 -4.586904812424955935e+01 3.061085566958043458e+01
-2.017034966768348880e+01 -4.714644858572367525e+01 2.965012787149054674e+01
-1.902371867854887100e+01 -4.773624858867876952e+01 2.896186706287210910e+01
-1.610257013017891126e+01 -4.854125895860726558e+01 2.772471444588254030e+01
-1.681611425525795767e+01 -4.590697720342023302e+01 3.167440258459112457e+01
-1.742818971814615381e+01 -4.332644189334536122e+01 3.424578744536924546e+01
-1.849457537893468384e+01 -4.109978248362725850e+01 3.701884452264602743e+01
-1.961503155135204679e+01 -3.883975545242709870e+01 3.929140766590712275e+01
-2.010755101288066271e+01 -3.791255715580356878e+01 3.985742058753226758e+01
-2.303092139791352366e+01 -3.601907491564803365e+01 4.203466944431328045e+01
-2.514147350883253651e+01 -3.471460017107844465e+01 4.278461153002343309e+01
-2.541077783486747776e+01 -3.441354985349318696e+01 4.267044174621537422e+01
-2.515895291873053452e+01 -3.353680531662188713e+01 4.334392484348247621e+01
-2.476356021587852396e+01 -3.038938761788822873e+01 4.590484416249420718e+01
-2.324226530468824237e+01 -3.068107196156488570e+01 4.684102207579520893e+01
-2.153361627716925142e+01 -3.120001603647074617e+01 4.565973710792059848e+01
-1.939982394062631954e+01 -3.212333193370889717e+01 4.567292931255244071e+01
-1.680003096806494511e+01 -3.450141160496477255e+01 4.416755850367766101e+01
-1.607259120560942023e+01 -3.487216660079061370e+01 4.343053755734390364e+01
-1.433579479937482049e+01 -3.811724278108182773e+01 3.727572800906810357e+01
-1.348648398278509397e+01 -3.989618712782469601e+01 3.418429189680050939e+01
-1.183336282460018829e+01 -4.472460383004473528e+01 2.941886622530545026e+01
-9.876531219772543224e+00 -4.625450373240200008e+01 2.610874714902068661e+01
-8.755851148881925283e+00 -4.711319183388130227e+01 2.365134594044853600e+01
-6.155289591651124326e+00 -4.807249014690457045e+01 2.231607875523932449e+01
-5.629938956378299331e+00 -4.827791770702127394e+01 2.203858614002016481e+01
-6.061291823250212651e+00 -4.600268924400981518e+01 2.396745732366375847e+01
-6.381553326612112720e+00 -4.362485235101610925e+01 2.539308654314828573e+01
-6.598942595015285129e+00 -4.253530931614776733e+01 2.810063520011344806e+01
-7.359176960083791741e+00 -4.052152764114815398e+01 2.963977451338559632e+01
-8.518616721317481932e+00 -3.808075171125087621e+01 3.333340462752808264e+01
-1.069796814689297015e+01 -3.456603640137713995e+01 4.012921974297630356e+01
-1.364845055671374574e+01 -3.048369701993920344e+01 4.629289045886108056e+01
-1.488901711342464473e+01 -2.877601997960239899e+01 4.727371152905264751e+01
-1.711683740865887060e+01 -2.763588689925004616e+01 4.818337341455218592e+01
-1.923829072663665229e+01 -2.640020950649968512e+01 4.759004676184067506e+01
-1.932083242057933603e+01 -2.560045017670427470e+01 4.643804402428068556e+01
-1.895600001262613787e+01 -2.342966876411157884e+01 4.588070109852455403e+01
-1.632066399014599156e+01 -2.301056339197334211e+01 4.676116724943413772e+01
-1.670667533446517794e+01 -2.052794172763633540e+01 4.455175472638814682e+01
-1.682508131588848599e+01 -2.012989848722976660e+01 4.447646928398665267e+01
-1.564280884892629153e+01 -2.062858439399607846e+01 4.518335450394970110e+01
-1.352011020708028077e+01 -2.210163635620302358e+01 4.488323892598191378e+01
-1.234332056579502890e+01 -2.320457622044003543e+01 4.436672886378002545e+01
-1.078653828130996573e+01 -2.507055634961265156e+01 4.310605718415512655e+01
-9.121209434836661245e+00 -2.734046730981229700e+01 4.162927708276829719e+01
-7.610197515008315428e+00 -2.940085565840242765e+01 4.002183723597747189e+01
-6.183436210149414691e+00 -3.123463054005684469e+01 3.765829611312623371e+01
-4.922778469413301217e+00 -3.305963998717793828e+01 3.408458391853003633e+01
-4.547630863016142833e+00 -3.374138512912271182e+01 3.326325208549004486e+01
-3.310931309533876377e+00 -3.679598828231564056e+01 2.622868930654817632e+01
-2.162977455220171485e+00 -3.932525053341668553e+01 2.485345744130421863e+01
-1.928420374276925253e+00 -4.037631908624903332e+01 2.397116267052566485e+01
-1.477355645801058159e+00 -4.285016633820428922e+01 2.227846740499545319e+01
-9.423616032088657501e-01 -4.615865765804119292e+01 2.056959862072439904e+01
2.026883910298884928e+00 -4.734173475407925480e+01 1.922314209852974187e+01
5.014992814925403941e+00 -4.828146775030193538e+01 1.980009563652781068e+01
4.674197178433389332e+00 -4.684100602852637252e+01 2.070029961482362424e+01
4.206252086636405707e+00 -4.446741358095339791e+01 2.184139615649516131e+01
3.719213131256989158e+00 -4.149770521625023889e+01 2.108673821501824008e+01
3.529053939273541829e+00 -4.025232960016455053e+01 2.076741070066191952e+01
3.242030170739376604e+00 -3.855287486115783224e+01 2.110790744746602954e+01
2.220107822535517528e+00 -3.560626821011983623e+01 2.431979270795242343e+01
1.238565468474780218e+00 -3.261694850017772751e+01 2.868518016051646313e+01
7.459925264297685432e-01 -3.199496769157690323e+01 2.955337734737830147e+01
-6.625536965694995839e-01 -2.995678442809423458e+01 3.113628704541015324e+01
-1.938011047618900085e+00 -2.760033745524713922e+01 3.123275572073782413e+01
-3.313379417550703199e+00 -2.569261473044013755e+01 3.231780400495323136e+01
-4.851402489822719488e+00 -2.366884681133376844e+01 3.296026104290668712e+01
-6.108180554947233887e+00 -2.210304456758137448e+01 3.587099747305810382e+01
-9.469517311242524826e+00 -1.859155960087000992e+01 3.759751032273838689e+01
-1.304640195289965021e+01 -1.634162104669564997e+01 4.258713584877866509e+01
-1.313319931382042860e+01 -1.594287801700617457e+01 4.138961071151931748e+01
-1.324179622060400696e+01 -1.418873947335982066e+01 4.082660787026614457e+01
-1.218992553617817798e+01 -1.225318519564438091e+01 3.861683853325363458e+01
-1.188122932079244976e+01 -1.137452449516259101e+01 3.765880524073187274e+01
-8.155181840980196384e+00 -1.302572064089351223e+01 3.539201625617313596e+01
-7.363783207312232015e+00 -1.368906201441648562e+01 3.418632117500455792e+01
-5.436989441104979726e+00 -1.577659323982253525e+01 3.204036504261461005e+01
-3.694800600579114302e+00 -1.735924541665490750e+01 3.175769392980903660e+01
-1.728742814565875863e+00 -1.913330329853938494e+01 3.163988242676507312e+01
-1.502568559934753245e-01 -2.084225747398900097e+01 3.129377229931614934e+01
1.533688574559172624e+00 -2.270383609819060311e+01 3.132871618790310464e+01
1.659222453650229356e+00 -2.299614060265129467e+01 3.122613656529606629e+01
2.602893294190673501e+00 -2.458339651524850211e+01 3.013935882632123153e+01
4.030537651519064291e+00 -2.670970857585471592e+01 2.914786277432850525e+01
5.256161996797539260e+00 -2.863882272276634566e+01 2.880308085665422269e+01
5.423840118801106058e+00 -2.904659415764303176e+01 2.854106399502149927e+01
7.603717845353350491e+00 -3.445361143030467588e+01 2.316991886139987145e+01
7.607340076641573745e+00 -3.482346415758250657e+01 2.208312311128931071e+01
8.417244459973556303e+00 -3.835495083402856409e+01 2.201090263354776866e+01
8.819289783397456617e+00 -4.013874593026759641e+01 2.278718008401940409e+01
9.272580961456197812e+00 -4.320745971270690688e+01 2.244977934628867189e+01
1.008135444261698765e+01 -4.672408037539729975e+01 2.122333209523037567e+01
1.015773762977014272e+01 -4.713201308792847755e+01 2.085195654749305305e+01
1.360823751076542898e+01 -4.833334939580289813e+01 1.920112846306964727e+01
1.393267225344683347e+01 -4.846262855650935109e+01 1.918084068317054758e+01
1.460147278705303542e+01 -4.588550550079295220e+01 2.116437052994317369e+01
1.472093420789608409e+01 -4.553901807216301023e+01 2.141476426141334244e+01
1.471730086129563375e+01 -4.318543960955896921e+01 2.351158432910506946e+01
1.465157662002087591e+01 -4.267472674441161473e+01 2.415599121313501385e+01
1.415767830983383391e+01 -4.024008897264547358e+01 2.454473129878611459e+01
1.369626624116508395e+01 -3.822192134886666537e+01 2.490439970993147867e+01
1.324744010853936871e+01 -3.517095625839443329e+01 2.575080329415645508e+01
1.302223378244334739e+01 -3.382296132190913340e+01 2.689078387955745697e+01
1.242211868159787258e+01 -3.179878065418946775e+01 2.836319022059940664e+01
1.228826596749092914e+01 -3.135004106358982412e+01 2.845691274925795256e+01
1.113592419445742898e+01 -2.906724108059480116e+01 2.938757440361942130e+01
1.103904193309864290e+01 -2.867399919052503421e+01 2.966412758202301703e+01
9.724552102677620269e+00 -2.622489768492418349e+01 3.056020673635334006e+01
8.252337355946480102e+00 -2.366471646262649742e+01 3.072977254414304582e+01
7.335196869714788903e+00 -2.202973517190035579e+01 3.096952158903989982e+01
6.137481016046214322e+00 -1.992128267664404007e+01 3.196700116415005510e+01
4.806951029856897151e+00 -1.790441208713897581e+01 3.341846801399894673e+01
4.413750554519041636e+00 -1.743671847616620596e+01 3.472805553680035473e+01
2.707315097925631076e+00 -1.555256429967633736e+01 3.503529255970521916e+01
8.749075982561886899e-01 -1.364064076247432844e+01 3.479831303000396758e+01
-8.074778242658393612e-01 -1.196045451966076101e+01 3.384411716056082042e+01
-3.564066071453940943e+00 -9.575207894067004233e+00 3.136951240429472421e+01
-4.372201241777958991e+00 -8.613298015460721047e+00 3.072065382579715376e+01
-6.001435520563750181e+00 -7.886213513864515967e+00 2.994660249063351998e+01
-7.095909720530173104e+00 -7.302674501772183469e+00 2.989621559474059964e+01
-5.921219608949886748e+00 -7.271390670267100731e+00 3.064690379316950342e+01
-3.564118209626225386e+00 -7.230772349733402216e+00 3.251048933810677966e+01
1.142020948349010967e-01 -6.942132793015743708e+00 3.381499958973682141e+01
2.654641402893529456e+00 -8.577578996175290627e+00 3.501903555669954926e+01
4.193500666669750743e+00 -9.774821236490177867e+00 3.557339821228607946e+01
6.331460868228055539e+00 -1.127861974618737229e+01 3.664301000784111295e+01
6.756497669715397336e+00 -1.160619370656307581e+01 3.685492104540505665e+01
8.614299884491602555e+00 -1.387127054256476022e+01 3.530040047517042012e+01
1.028088327030696014e+01 -1.594179270393755843e+01 3.395403353887026299e+01
1.089840927869579268e+01 -1.656929791642145844e+01 3.392082141097658621e+01
1.119426487098385259e+01 -1.720092145771271319e+01 3.369561468437736096e+01
1.286567219680181573e+01 -2.053515131221350387e+01 3.494204645807432996e+01
1.387459937471939497e+01 -2.227986205367628259e+01 3.517024815834732010e+01
1.558023190437329575e+01 -2.561279427558740096e+01 3.477291330468179353e+01
1.619213222902258664e+01 -2.673499125649497188e+01 3.402210715139712960e+01
1.644737313973970316e+01 -2.740156445868916535e+01 3.330283555510405336e+01
1.753252587527015294e+01 -3.096026333101447747e+01 3.162286238123984461e+01
1.802015596892166727e+01 -3.240429145629763497e+01 3.040832595483346168e+01
1.825870790495017459e+01 -3.325169039731861886e+01 2.794881532195266871e+01
1.897229945706414611e+01 -3.684293367047210666e+01 2.669234416250479214e+01
1.921938890343367845e+01 -3.778027892346020167e+01 2.653232056715226861e+01
1.920738561361441654e+01 -3.832819613243542989e+01 2.615144534675210508e+01
1.944835975711335863e+01 -4.087796645770752235e+01 2.460219508367892161e+01
1.956743411329548721e+01 -4.414284625281366203e+01 2.320798449190036195e+01
1.945828177852584417e+01 -4.524864730708318206e+01 2.098826851133501137e+01
1.949770399377120711e+01 -4.645494625517745391e+01 2.104719889975002900e+01
2.049655722552128267e+01 -4.700801348935513602e+01 2.113140875857803636e+01
2.284039782167463528e+01 -4.819266267776068702e+01 2.168555581945523514e+01
2.309251787980471349e+01 -4.719340652544788384e+01 2.282976892707727146e+01
2.379505484906833956e+01 -4.469317143331706887e+01 2.284994525317538461e+01
2.400154311533853146e+01 -4.350748027761760284e+01 2.284337478993673187e+01
2.421258744699397525e+01 -4.169742676263922476e+01 2.335271795499777525e+01
2.436163462065480090e+01 -4.070840025601060574e+01 2.386636549332988722e+01
2.544954231472106798e+01 -4.274769198119069102e+01 2.223545268928263141e+01
2.694290461227762989e+01 -4.493235666261937666e+01 2.080632276576505646e+01
2.798500302322634425e+01 -4.681106220055379197e+01 1.922119072986264143e+01
3.092790936954786218e+01 -4.777790545570725556e+01 1.681238714648779720e+01
3.069421669088114868e+01 -4.504751499171194951e+01 1.998293956332750909e+01
3.042474922202151433e+01 -4.169128432514033022e+01 2.008910701244837327e+01
2.991189228859653326e+01 -4.099979024228353097e+01 2.056540755941843912e+01
2.822938323498203417e+01 -3.937355611283319234e+01 2.166509936032932870e+01
2.554781181189024508e+01 -3.677993114735414792e+01 2.288211723310044476e+01
2.418943988075411156e+01 -3.373947824301826870e+01 2.605518358970633486e+01
2.374448348069265435e+01 -3.321978300103308612e+01 2.628923623691857614e+01
2.333452547005805400e+01 -3.078270077297699103e+01 2.837253794847164201e+01
2.284668164343197105e+01 -2.949554684769714186e+01 2.990707325093234914e+01
2.221725840650122663e+01 -2.791469842962447956e+01 3.076567195493441531e+01
2.196596471545162998e+01 -2.649278346790565308e+01 3.177305070100439366e+01
2.135762103262902301e+01 -2.414503281406709334e+01 3.411093972145178554e+01
2.109844544257783028e+01 -2.354816788280253803e+01 3.414514571898000383e+01
2.056735457263518185e+01 -2.234055586419719575e+01 3.480635275162649833e+01
1.952294468417204598e+01 -2.031355285947980605e+01 3.530769271790972397e+01
1.746850440360988443e+01 -1.729447361305548725e+01 3.678353354966662891e+01
1.725506282334695740e+01 -1.676440045895291320e+01 3.668448502937646083e+01
1.645025411261435977e+01 -1.538847299593411222e+01 3.486421925895705698e+01
1.469229600638758093e+01 -1.301783997841996410e+01 3.403581148296034087e+01
1.300241901385400567e+01 -1.091735052719423393e+01 3.464139436564973806e+01
1.144777562728974907e+01 -8.871579853341074795e+00 3.539751345835291829e+01
1.059807636242125639e+01 -7.853946070467068274e+00 3.519709509494003186e+01
7.981651020940060626e+00 -5.795961322770541102e+00 3.324690308011769702e+01
6.865294198033295991e+00 -5.021700226945465140e+00 3.323238014911441951e+01
5.714469224223703847e+00 -4.205631653833714623e+00 3.369251948464583535e+01
3.534362704736409899e+00 -2.959346571773503243e+00 3.434523627573289417e+01
2.603190144943680728e+00 -1.124265612351903476e-01 3.211773097485960449e+01
2.462239147771456693e+00 2.139882849550526767e-01 3.186100937458021320e+01
1.000520154132048811e-01 1.726371058535852709e+00 3.179666103814280120e+01
-1.922073926583081738e+00 2.956684903244913620e+00 3.098312619460143935e+01
-3.233155096373033999e+00 3.933722207685143690e+00 3.059238747174521933e+01
-4.367344080904686621e+00 4.036854959623688899e+00 3.110331596774546270e+01
-6.880439250765900461e+00 4.445779271537388055e+00 3.393162517201553641e+01
-8.898469219892128024e+00 4.677126134929594059e+00 3.474858532454605609e+01
-1.375175613126777030e+01 4.751008313342677702e+00 3.743612410981623384e+01
-1.451012480868183196e+01 4.001732468285066346e+00 3.733521377003813058e+01
-1.627565655122723598e+01 2.338733796629738571e+00 3.615056695265553799e+01
-1.804949794703012245e+01 4.707063690268776801e-01 3.604551027163780930e+01
-1.995880193930418400e+01 -1.099122423281792882e+00 3.558677974429053137e+01
-2.175321002792118108e+01 -2.615585878186273749e+00 3.412458392104174010e+01
-2.347774203310877539e+01 -4.123688582424904325e+00 3.369478121585841279e+01
-2.519863772074895536e+01 -5.718479747472554386e+00 3.432365450740034873e+01
-2.662800827502258016e+01 -7.446958067917026192e+00 3.723181504083246551e+01
-2.860330524409404518e+01 -9.333758460843665006e+00 4.105659179864023400e+01
-2.998854291454071941e+01 -1.122687054960880815e+01 4.368972771982303271e+01
-3.241363052991241744e+01 -1.418461529639095708e+01 4.334487499911034547e+01
-3.307867025757100521e+01 -1.506216251263772854e+01 4.345060120422130723e+01
-3.353396298777534668e+01 -1.603986250925112245e+01 4.350715962373244849e+01
-3.491447537522661548e+01 -1.809566150298851639e+01 4.302081854706015918e+01
-3.610399531745058255e+01 -2.024614121489463514e+01 4.240156701079248336e+01
-3.679755430780272007e+01 -2.125485854436414712e+01 4.172855560988428181e+01
-3.894239969879404129e+01 -2.440653084664025485e+01 3.997339701865733730e+01
-4.013042736822819023e+01 -2.636349582632686861e+01 4.005737765780055071e+01
-4.061959860741085748e+01 -2.700481003429105087e+01 4.027417765949157769e+01
-4.217255327812636523e+01 -2.916516730839428462e+01 3.879285962678085298e+01
-4.440357046346554171e+01 -3.227361775788283893e+01 3.691356114761361340e+01
-4.581017217509255346e+01 -3.404237445291695963e+01 3.473877913121886962e+01
-4.782936567909591474e+01 -3.716820728111449768e+01 3.224495097222859386e+01
-4.863741222562915567e+01 -3.146254419006857717e+01 3.116376660973420698e+01
-4.878594666354951670e+01 -2.929816162470806873e+01 3.108652493720555299e+01
-4.891603751948827039e+01 -2.847125641526160322e+01 3.120739941752256641e+01
-4.892949001745470383e+01 -2.636745363086183147e+01 3.144570806987066547e+01
-4.904400866290745853e+01 -2.443752913569382557e+01 3.069617386742464404e+01
-4.902695356166356078e+01 -2.362768587748200488e+01 3.053752923501088645e+01
-4.890922885802370956e+01 -2.048980930549075552e+01 2.893486821896193817e+01
-4.818358756829543665e+01 -2.081224976636407575e+01 2.949048523759314477e+01
-4.590430143146100050e+01 -2.116750438374971210e+01 3.173080187707775579e+01
-4.661268644233123126e+01 -1.994171376592687750e+01 2.843337289383008937e+01
-4.816915790139363907e+01 -1.739955787805870102e+01 2.740444280111292841e+01
-4.861625062874837511e+01 -1.414168947500557039e+01 2.554157349786947862e+01
-4.751273776891562051e+01 -1.457066071333624180e+01 2.915976016662428094e+01
-4.393683660530285096e+01 -1.551965587416293246e+01 3.046201432335337600e+01
-4.361928618614679465e+01 -1.568974451593224373e+01 3.045176877608543364e+01
-4.468725774365628212e+01 -1.427209015779166812e+01 2.747430888681163452e+01
-4.633527449849876945e+01 -1.216860639352292495e+01 2.501412254263319568e+01
-4.725182563124606361e+01 -1.088581415545850462e+01 2.490119502373191906e+01
-4.420621374389145330e+01 -1.177523139353332660e+01 2.882757314566189777e+01
-4.082748508964719747e+01 -1.257467534119800234e+01 3.260123232354136036e+01
-4.050851388044561219e+01 -1.280160697945523118e+01 3.259637609249483603e+01
-4.324053574543139433e+01 -9.774757132198711673e+00 2.743559492067821637e+01
-4.491049207964996270e+01 -8.057848777703217280e+00 2.603847864062747774e+01
-4.567801766843976452e+01 -7.308260609531492591e+00 2.596197131690768956e+01
-4.752343065780871711e+01 -4.572468614122268349e+00 2.541790336899580538e+01
-4.712912821142084852e+01 -4.613956520967953168e+00 2.655413164167359596e+01
-4.332108347102954582e+01 -4.782585792431309990e+00 2.898265492450699199e+01
-4.152605825894246294e+01 -4.903188796061225929e+00 2.923547954240880742e+01
-4.096973923596346623e+01 -5.372428982190904811e+00 3.136060616451005600e+01
-3.730499751664419961e+01 -8.225025917516330054e+00 3.503295365293911345e+01
-3.832484165012423460e+01 -6.129068922891977245e+00 3.158670481779084227e+01
-3.933200074398009605e+01 -3.911862150357786394e+00 3.034571288151670743e+01
-4.039650085690043824e+01 -1.713996261555413403e+00 3.025527754362325794e+01
-4.233990819283227580e+01 -1.225165791233396861e+00 2.785510067547503610e+01
-4.614757285925212926e+01 2.501520445077209942e-02 2.482668639299668811e+01
-4.684931618224095473e+01 2.031052832776665706e+00 2.242169252837754811e+01
-4.729839217530650330e+01 3.101038106021682506e+00 2.188545115839909272e+01
-4.815828082790854836e+01 5.145965522249943191e+00 2.112890625519534638e+01
-4.758566347307559852e+01 5.065275164679313491e+00 2.131921128211990180e+01
-4.515760024028400466e+01 4.941944208881248635e+00 2.319218820191112229e+01
-4.407606452163535948e+01 4.884853762676833355e+00 2.412764103645223557e+01
-4.226330954557187880e+01 4.409097214686280353e+00 2.869081761397178099e+01
-4.110978835801558517e+01 3.943852774663749283e+00 2.874490548986395666e+01
-3.954610044354270570e+01 3.163651262895581073e+00 3.063495777783861129e+01
-3.737295848997008108e+01 1.808186478562328281e+00 3.133717861134798710e+01
-3.592344299254246920e+01 9.615277348169566363e-01 3.147567967926101673e+01
-3.550899328432402768e+01 1.431328247788968833e-01 3.263211482521591478e+01
-3.390073985647956079e+01 -2.026375161855033191e+00 3.386879405204883398e+01
-3.348435291088216559e+01 -2.694206259701104500e+00 3.382270225552071707e+01
-3.101117909615787127e+01 -1.951978932375049602e+00 3.187676977609134354e+01
-3.070793694871879254e+01 -1.722919579323143324e+00 3.169676400041381115e+01
-3.040509017624476940e+01 1.036927038911364507e+00 3.020900617484450024e+01
-3.285271613368014698e+01 3.689163605487293385e+00 2.930575223959210618e+01
-3.436040648275623255e+01 5.727127664080733815e+00 2.883478349075858915e+01
-3.495516709271667111e+01 6.296690645196615144e+00 2.881069686825598453e+01
-3.555554696834489903e+01 6.633793318413245821e+00 2.874162595571155521e+01
-3.792231002345316426e+01 7.557798567405841439e+00 2.721252536541020817e+01
-4.077596641900676389e+01 9.038170927496596008e+00 2.409927968901362760e+01
-4.226263113678613337e+01 9.317759591163358834e+00 2.165340725672314548e+01
-4.488952339245621204e+01 9.594061209686751468e+00 2.006861878926341447e+01
-4.654656544600985058e+01 9.997944589144516669e+00 1.997620494192544527e+01
-4.731231507237538381e+01 1.200023654104204418e+01 1.858392249980518329e+01
-4.768146910787898918e+01 1.282835513485571255e+01 1.834440272474166633e+01
-4.849023099641163981e+01 1.485824529790730431e+01 1.759921284240216011e+01
-4.655734818206641989e+01 1.472133606615262735e+01 1.845313330464977142e+01
-4.458209896984848086e+01 1.465370621187979872e+01 1.990102272315949961e+01
-4.363846079639602493e+01 1.466626071594351899e+01 2.062372629704609395e+01
-4.158561337014877068e+01 1.451965450584270911e+01 2.187506575525807762e+01
-3.928738052384260726e+01 1.356495554874859266e+01 2.187108240944661475e+01
-3.764906861358831236e+01 1.298402034367089541e+01 2.195601297803979435e+01
-3.673298736284971255e+01 1.239374375129227523e+01 2.251753338536583371e+01
-3.339991399598239497e+01 1.071174820882348300e+01 2.581255540927788061e+01
-3.106997597039498160e+01 9.617746679515089880e+00 2.775790640155239686e+01
-3.066708636136849719e+01 9.081330805648891058e+00 2.867967131249005419e+01
-2.917661188763318947e+01 7.124810859517400452e+00 2.997586057551163208e+01
-2.674124684558284670e+01 3.997953330358431590e+00 3.104670376884338623e+01
-2.486770458158869701e+01 4.637207261610205578e+00 3.289710542110874059e+01
-2.393105952471935538e+01 4.882727077595760079e+00 3.375720091899853514e+01
-2.388312317303299537e+01 7.329275099343527167e+00 3.426903739887819000e+01
-2.428701700930825069e+01 8.451764899575884726e+00 3.278863000783972126e+01
-2.487840528362321990e+01 1.041031156890687903e+01 3.273223412354057871e+01
-2.518386996695704383e+01 1.128936758278758568e+01 3.224214922813713713e+01
-2.748873131756918653e+01 1.278410007521900660e+01 2.909152728121476983e+01
-3.027968368031023516e+01 1.453790325724988008e+01 2.562860414858332447e+01
-3.102139900650606918e+01 1.504302508275818440e+01 2.295337885443532500e+01
-3.406112494484317210e+01 1.723210326625693867e+01 2.068414732028695013e+01
-3.467766330399169306e+01 1.761492273535029085e+01 2.052427635996187760e+01
-3.577821155816432963e+01 1.783868812511481394e+01 2.079333906925858599e+01
-3.962826486371256607e+01 1.870105764635329848e+01 1.998606293388736077e+01
-4.170960667816432021e+01 1.915441369234592628e+01 1.947016741503793114e+01
-4.567578252380523907e+01 1.936974247007663408e+01 1.718622282127220302e+01
-4.650618197304017087e+01 1.954488378394527714e+01 1.681653139697449362e+01
