-9.552288668422613538e-02 1.542996429614365561e-02 3.314232063643161297e+01
-1.347997797123823949e+00 6.946052371252429969e-02 3.283517407475360272e+01
-3.840062522316324056e+00 2.581026126571955544e-04 3.219143048607139690e+01
-6.262752624737260021e+00 6.486744490016178866e-02 3.264424551535788055e+01
-8.635733811760877288e+00 7.273394631268051413e-02 3.396011578367071593e+01
-1.016498421041818290e+01 1.940703268358706310e-02 3.566913938847968524e+01
-1.264804324939814784e+01 7.657101533589617814e-02 3.627091438339489571e+01
-1.538200650440766992e+01 -4.847881110884122435e-02 3.608514336018266988e+01
-1.901477282469255670e+01 -1.701091643486462440e-02 3.554232223010193081e+01
-2.151056425318487442e+01 -2.863927405401691523e-02 3.426411313810996262e+01
-2.529057781575064823e+01 6.888631980027210000e-02 3.084023839858716087e+01
-2.720776993966503809e+01 4.266550708675520553e-02 3.033267065981934607e+01
-2.937753575149987384e+01 -3.237583006031283239e-02 3.091588715869481874e+01
-3.309174871265106077e+01 1.596005037721659470e-01 3.152345402366903926e+01
-3.578729165879478558e+01 1.118365179827144340e-01 3.195499956264942298e+01
-3.673229410711294918e+01 2.114190988927867387e+00 3.100200756801796231e+01
-3.940874281826466330e+01 7.449757712721832625e+00 2.664696116208475729e+01
-4.126758597451751598e+01 1.081430163217683749e+01 2.216889491910209031e+01
-4.239557852966115803e+01 1.300741724132426391e+01 2.126019769293227668e+01
-4.352876551113598680e+01 1.520663193981092931e+01 1.962512202242741211e+01
-4.510444575402635081e+01 1.851659748309820230e+01 1.725398954714334465e+01
-4.622345053545204507e+01 2.066938342631506131e+01 1.744456839353201616e+01
-4.740045416705144987e+01 2.302435614913071760e+01 1.744970112042456023e+01
-4.806074544524274472e+01 2.414823084308662970e+01 1.732823914875631743e+01
-4.804616014261241475e+01 2.634191599498514691e+01 1.633836720495073180e+01
-4.827438118474438511e+01 3.015830356514124944e+01 1.716054208445573082e+01
-4.836999402276506999e+01 3.262665581692090910e+01 1.895702002591436042e+01
-4.837722983423604717e+01 3.513959121493932258e+01 2.179636070686732552e+01
-4.840552840547996993e+01 3.887917187313352940e+01 2.386709058260589700e+01
-4.844817813233193249e+01 4.136654137300406120e+01 2.660646940207494282e+01
-4.850513128710353072e+01 4.363408753459209777e+01 2.546796828836093596e+01
-4.858895448828626229e+01 4.608012991355003862e+01 2.490558298091145062e+01
-4.680623984090986056e+01 4.647323929375836826e+01 2.500207685627841414e+01
-4.440039167180238877e+01 4.719778177625857296e+01 2.636369258985001451e+01
-4.078827363468331413e+01 4.820196890185657423e+01 2.759213814746866689e+01
-4.114830650878116813e+01 4.784746063858241172e+01 2.702427447588921439e+01
-4.285003426731473297e+01 4.602436766210269781e+01 2.700376434953924587e+01
-4.538355690371448503e+01 4.321310593818131451e+01 2.689854583398004095e+01
-4.618388122553930231e+01 4.215963600503286557e+01 2.666662643006770850e+01
-4.518827139558189998e+01 4.290837022599222195e+01 2.694793127047307024e+01
