-2.982837044152133466e+00 -4.985993117540463843e-02 3.245044578629916288e+01
-5.228465316851070632e+00 2.219890964783797355e-02 3.268001027394971203e+01
-8.988046729988962369e+00 4.582332398061399886e-02 3.509874840657337103e+01
-1.262587369923080338e+01 -7.105791667189766125e-02 3.598151492170466526e+01
-1.660184190794601022e+01 -8.657212140377587573e-02 3.619875351145518749e+01
-1.758262670082454093e+01 -1.382842461663649658e+00 3.602353172855668362e+01
-1.976134955700381468e+01 -4.408777060132488046e+00 3.566969163372446161e+01
-2.346176059343383713e+01 -9.307493026853437712e+00 3.708733710327498301e+01
-2.579239956705698233e+01 -1.219741982134750380e+01 4.418028745154476411e+01
-2.721596795938534541e+01 -1.430552396051891151e+01 4.631643941202182191e+01
-2.956837326079435968e+01 -1.744960188857769623e+01 4.621826840100722222e+01
-3.154123221381697206e+01 -1.948266820951926803e+01 4.608304828652629226e+01
-3.435753420249707801e+01 -2.229922266477190362e+01 4.478242164322043806e+01
-3.601827980861651213e+01 -2.389364785967306659e+01 4.250465857655815682e+01
-3.783300351251725147e+01 -2.564402124958193951e+01 4.077737383087222867e+01
-3.934627794187055372e+01 -2.739010567983348565e+01 4.149858021221251647e+01
-4.146515403589831550e+01 -3.018236072463830055e+01 4.123904910242667654e+01
-4.315444784136045797e+01 -3.236222296448512026e+01 3.890035966948003221e+01
-4.538901566436314994e+01 -3.514935602465487108e+01 3.581753336534607968e+01
-4.552545513973598901e+01 -3.604445533075182340e+01 3.505594490537009023e+01
-4.639246768317573810e+01 -3.977973450906956288e+01 3.277703300343888770e+01
-4.682257600184411217e+01 -4.201821940887462148e+01 3.018658764134842798e+01
-4.777815982708101217e+01 -4.573436493513609236e+01 2.718472858202477127e+01
-4.652874183804640040e+01 -4.647518096051156533e+01 2.771569176119066569e+01
-4.433070838020138638e+01 -4.778298287256211552e+01 2.897609614517559606e+01
-4.146815295556152137e+01 -4.814908991477405920e+01 3.030480259564978951e+01
-3.911248015322549065e+01 -4.867702780191241629e+01 3.083692068849926571e+01
-3.961711906738226929e+01 -4.786945491508814854e+01 3.135113982540553224e+01
-4.113955892350718813e+01 -4.448063519087653361e+01 3.670572133299029360e+01
-4.064523481811423267e+01 -4.484003379060882821e+01 3.617368841623106590e+01
-3.863287874696010249e+01 -4.607491482002762240e+01 3.262903802278997745e+01
-3.587080804332389761e+01 -4.797553969066729707e+01 3.151056295729775769e+01
