-2.957745492233275098e+00 8.478483106921980150e-02 3.228104541552099249e+01
-5.341130088452768376e+00 -4.394955257242497138e-02 3.333066785286680300e+01
-7.935071055941749663e+00 5.134029100920380756e-02 3.569780259818409007e+01
-1.149476519547970810e+01 -5.957968347193398281e-03 3.615311420655378782e+01
-1.411959394555271352e+01 -8.845756122691708634e-02 3.609078897466009295e+01
-1.775470688141859910e+01 -1.232587681910415622e-01 3.584042966304981803e+01
-2.405784094765041914e+01 -1.791499076555736480e-01 3.184125878998970549e+01
-2.905037822507561884e+01 -5.835324501540500863e-02 3.086072172349767584e+01
-3.175950779708760763e+01 -2.549047480057610171e-01 3.204478987500796450e+01
-3.669691371164357463e+01 -1.566227924473953537e-01 3.196265378865259876e+01
-3.894098583539098968e+01 -2.582961626999857319e-01 3.096306214422261860e+01
-4.142446599146170172e+01 -1.277458051996075150e-01 2.973413628883511350e+01
-4.398948796239853465e+01 -2.600127346491221125e-01 2.742358129089442897e+01
-4.644400305539932106e+01 -1.368903961021911697e-01 2.465853418423131771e+01
-4.715720970245252630e+01 1.505014316145035780e+00 2.137506868911132685e+01
-4.824369727975963684e+01 4.587579843091512011e+00 2.102176394405977433e+01
-4.833543535889143072e+01 5.980777860453847516e+00 2.047200374472632234e+01
-4.870051845617194175e+01 1.149475564001197192e+01 1.870266436832947576e+01
-4.884798613692377955e+01 1.465762201510765728e+01 1.726272614286433082e+01
-4.882805940707864778e+01 1.934164018293296294e+01 1.600325275464670938e+01
-4.883462746060470749e+01 2.306368584342380146e+01 1.732428530477851325e+01
-4.871453116579219511e+01 2.551796187440329433e+01 1.664712916586102409e+01
-4.884648245856371318e+01 2.803802315977349124e+01 1.630077404721027889e+01
-4.889848029583499311e+01 3.148511402380151125e+01 1.813166955808767966e+01
-4.886416199750816958e+01 3.409951076968975769e+01 2.090129394722030298e+01
-4.891217692415546026e+01 3.642539127626108098e+01 2.171453185699049016e+01
-4.889247838730469908e+01 3.997068733982565192e+01 2.495783216194996257e+01
-4.887466332914875977e+01 4.358598261486127967e+01 2.651579091462595983e+01
-4.889316179276493557e+01 4.407203602049804658e+01 2.630263800900284465e+01
-4.581863878629289388e+01 4.675080440599292331e+01 2.530907339591392358e+01
-4.231058250332009152e+01 4.813030299449270899e+01 2.672937010760626819e+01
-4.199742435177032007e+01 4.808982681129244696e+01 2.707055701739922782e+01
-4.429239583250338796e+01 4.739034385110831948e+01 2.573075922668779825e+01
-4.723319773302593205e+01 4.652102302314555260e+01 2.491717113992330823e+01
-4.629473459269364355e+01 4.682594151881304612e+01 2.562378705197239981e+01
-4.253325723148440574e+01 4.806252201087420417e+01 2.665525365542402980e+01
-4.354269383331460830e+01 4.754594895416188649e+01 2.575690150019829971e+01
-4.700283839116631412e+01 4.608329436600953244e+01 2.533076830428230153e+01
