-3.097596190215875289e+00 2.767362850776414196e-02 3.308880310155716842e+01
-6.747050437944517753e+00 -2.611281762221653868e-02 3.293048166164292212e+01
-1.050690280421235023e+01 4.316808419011306658e-02 3.280460298615134462e+01
-1.295389561565804648e+01 -3.360874283327729140e-03 3.284773252617976880e+01
-1.544801975195267829e+01 -7.612298332108830001e-02 3.273898190500285921e+01
-1.882834919278141328e+01 -1.158654907056159589e+00 3.267419909901732922e+01
-2.071107056179760164e+01 -1.836772399496105601e+00 3.273039707044045343e+01
-2.105577307657186026e+01 -1.151573053498072152e+00 3.256545849388650993e+01
-2.187084079362868039e+01 5.931502875811547337e-01 3.257573084500225491e+01
-2.072872900030191090e+01 1.233146759568050088e+00 3.272108848143461302e+01
-1.932560629510220096e+01 1.691307300568122951e+00 3.259097047345404974e+01
-1.987919330303043353e+01 2.566761971744576432e+00 3.268328583230555751e+01
-2.101323465011232017e+01 4.657332330296319434e+00 3.249512935575996408e+01
-2.161208929318393501e+01 5.915624826278830461e+00 3.245710170535031125e+01
-2.277403452347730095e+01 5.139080413198598762e+00 3.251929587553244971e+01
-2.592388547355509232e+01 3.527009038386006434e+00 3.243659232120794655e+01
-2.456539769060608336e+01 4.993382629464901967e+00 3.246945270924651084e+01
-2.370801876135917041e+01 6.073040354749478453e+00 3.255973355046513262e+01
-2.132706200305443289e+01 4.573001320620362797e+00 3.252401817970485354e+01
-1.929480600750179065e+01 3.501925533884011177e+00 3.269237085147754840e+01
-1.961606181134296989e+01 3.884581598368320954e+00 3.264090823855311641e+01
-2.132621819825297038e+01 5.981158445833020032e+00 3.254393585035786174e+01
-1.894418163794650312e+01 3.800406920548899947e+00 3.259991680796805014e+01
-2.116758771698181008e+01 6.204146473805704609e+00 3.250002317261245111e+01
-2.218156394771060036e+01 4.122781164421028266e-01 3.263162354629356798e+01
-2.232856422261293616e+01 -5.373894535168796116e-01 3.263337022833822942e+01
-2.098402777404649910e+01 -1.076212976847010783e+00 3.266059512854420888e+01
-1.929554796380433146e+01 -1.666688739893257054e+00 3.261054117724076207e+01
-1.955071861549435752e+01 -2.100685338647392708e+00 3.268457494504174576e+01
-2.059636690480816412e+01 -4.152475095044936282e+00 3.254390761075724470e+01
-2.155050315769303637e+01 -5.838532552169745315e+00 3.255745662199030477e+01
-2.290003951924712666e+01 -5.099676697015663507e+00 3.245396594044864713e+01
-2.578279475195384052e+01 -3.533873553971526249e+00 3.247096212782576430e+01
-2.434507613610579924e+01 -5.409127699759288532e+00 3.257660270079581721e+01
-2.387517120759338596e+01 -6.039776178738523349e+00 3.258712317159261573e+01
-2.259817846620705950e+01 -6.360437348082486508e+00 3.248293839971142916e+01
-2.012033239969607479e+01 -6.790982347164472799e+00 3.262697713010730638e+01
-1.941548970301857580e+01 -7.113527283438353166e+00 3.262433164648182782e+01
-2.100625350472762776e+01 -9.661471462354242590e+00 3.260363350165266638e+01
-2.161442259852526959e+01 -1.079068766190839845e+01 3.243806028707300726e+01
-2.274475183849460436e+01 -1.031464411324530062e+01 3.235173653273787409e+01
-2.478384810170998520e+01 -9.085947688284655044e+00 3.231661439583066908e+01
-2.584309604455924614e+01 -8.401962812365210809e+00 3.241753347403340513e+01
-2.674692764732893124e+01 -5.398732820833242130e+00 3.249257308742958372e+01
-2.704872108904388028e+01 -4.293002627579380892e+00 3.248712426296236799e+01
-2.850907933149126450e+01 -5.172373214659290674e+00 3.229626964293719027e+01
-3.093967439278392817e+01 -6.597691232914859150e+00 3.219933749084400176e+01
-3.178240316310877489e+01 -9.407195416219629180e+00 3.215349404278784817e+01
-3.218187273793343905e+01 -1.064728932598692523e+01 3.218194697592556253e+01
-3.232694462401271096e+01 -1.331726857990219237e+01 3.196791129915172647e+01
-3.243419192757338720e+01 -1.570393447069036341e+01 3.195551629090590140e+01
-3.253323443229317036e+01 -1.689832104795647894e+01 3.180751183201334342e+01
-3.253866033588244022e+01 -2.072899710741724277e+01 3.182124387450697256e+01
-2.968498530923750067e+01 -2.175958596155820146e+01 3.192015421320158097e+01
-2.942692404530543726e+01 -2.197157133974537047e+01 3.192589250702814141e+01
-2.923502778030089999e+01 -2.256683271465869112e+01 3.178768107543612942e+01
-2.833564296348553313e+01 -2.506982893087842612e+01 3.175018956304037943e+01
-2.820263394097152698e+01 -2.567977342800896068e+01 3.167979173058311559e+01
-2.663415519868390291e+01 -2.626952400411624211e+01 3.183813151618074144e+01
-2.443107384495617396e+01 -2.704183975741857182e+01 3.188014321944067930e+01
-2.385869200765998599e+01 -2.893896947147777610e+01 3.178576993557839003e+01
-2.317089413175364498e+01 -3.067905745527986383e+01 3.174004061862219217e+01
-1.935844824637561246e+01 -3.202575639381893780e+01 3.192184701180870832e+01
-1.837957808614012478e+01 -3.497388628550188372e+01 3.187369472157080708e+01
-1.819204701390612300e+01 -3.574138003281555598e+01 3.189639107753536251e+01
-1.739938339827473612e+01 -3.597933708538885611e+01 3.196866040974957812e+01
-1.498213956690164395e+01 -3.669885162255147293e+01 3.217467642549267026e+01
-1.444982158491450441e+01 -3.692665769767063466e+01 3.205594499292074318e+01
-1.163012230024708771e+01 -3.729993746376868557e+01 3.234758111911676082e+01
-9.539022852915492123e+00 -3.744024456290804892e+01 3.239524311650482247e+01
-8.945688479031861817e+00 -3.781550211850814236e+01 3.237681355120768956e+01
-6.783193995096889140e+00 -3.927727915927254543e+01 3.245404227436474542e+01
-4.059543243110538491e+00 -4.140897568279206098e+01 3.272523400873109267e+01
-3.991638308811155778e+00 -4.194143737348166923e+01 3.273090565458139878e+01
-3.023733525118433629e+00 -4.583957039631480512e+01 3.272985285050381776e+01
-5.232511397555231758e-01 -4.656419878395087864e+01 3.286000780298175528e+01
6.597045155550990136e-01 -4.696513938279636591e+01 3.311998226909430798e+01
-5.479433423514228352e-01 -4.897076535832610489e+01 3.297610037019800444e+01
-1.610840224577534174e+00 -5.098700251069458034e+01 3.306294148461098104e+01
-2.241020415377659170e+00 -5.581133933391419077e+01 3.296064643045888687e+01
-2.381033828799239416e+00 -6.027633378657436225e+01 3.320958208264216438e+01
-2.511849790787737735e+00 -6.070500795373997960e+01 3.306723699243745784e+01
-4.346383001238596222e+00 -6.206208947616713800e+01 3.311158685975676264e+01
-6.212824529297313880e+00 -6.335178981972718759e+01 3.292058731775454561e+01
-8.569096655353449776e+00 -6.491062049713305271e+01 3.275622152719403601e+01
-1.096835686623395922e+01 -6.665274336543640743e+01 3.294306574861387560e+01
-1.241821144439379587e+01 -6.793430451016867266e+01 3.277368958982825831e+01
-1.524932068286877040e+01 -7.068446661169909362e+01 3.285801435656725289e+01
-1.729782422837693545e+01 -7.264337192749796657e+01 3.275934653211860592e+01
-1.952766878528280614e+01 -7.485124874918575699e+01 3.279711909986700391e+01
-2.116674484616848062e+01 -7.628569236946349008e+01 3.266482197130898868e+01
-2.126011720347493039e+01 -7.845182433730272464e+01 3.297680861868456503e+01
-2.174198219057616654e+01 -8.176907918015241705e+01 3.289415122264576752e+01
-2.193099130490298521e+01 -8.417958518575331084e+01 3.308197224859267038e+01
-2.226670397827359693e+01 -8.910862148792629966e+01 3.326608363967125825e+01
-2.232124614974899401e+01 -9.107747146739360744e+01 3.316426504166493316e+01
-1.901172573683045286e+01 -9.364621783318449388e+01 3.372646654376566744e+01
-1.717559884603891263e+01 -9.499979687930451178e+01 3.398613296755629420e+01
-1.219801396389977910e+01 -9.914412143945466482e+01 3.422958418720843810e+01
-9.770612241292067068e+00 -1.011469463515198584e+02 3.441845558886491574e+01
-8.992913877361180752e+00 -1.015929053809667835e+02 3.452455812224552290e+01
-8.640562574215589819e+00 -1.033898871305662652e+02 3.441472408242043457e+01
-8.011598220833807460e+00 -1.060233499782968352e+02 3.458622740837488863e+01
-8.763849638179644685e+00 -1.069558738776290880e+02 3.444324279300563774e+01
-1.045224813997426416e+01 -1.091896692087729974e+02 3.424722337199611388e+01
-1.192865546823809098e+01 -1.109812834540733775e+02 3.415038551376444786e+01
-1.431234126300186738e+01 -1.138936198793724657e+02 3.389912874740125659e+01
-1.611071023771103938e+01 -1.161178620892743822e+02 3.397156470458899946e+01
-1.643122130100713463e+01 -1.163260592754477187e+02 3.384571041285441595e+01
-1.742688325060916199e+01 -1.175611629467125141e+02 3.373215918848450201e+01
-2.015704523834757822e+01 -1.202132756083999396e+02 3.354904467203457585e+01
-2.288070527840869062e+01 -1.230901247936472060e+02 3.331795865051058314e+01
-2.554151201834587681e+01 -1.257101107869197421e+02 3.301669450985806975e+01
-2.623438039838600133e+01 -1.265689629185878857e+02 3.314309201671890293e+01
-2.845345059811939947e+01 -1.268323718038269305e+02 3.276396820898978035e+01
-3.272015856943909284e+01 -1.272057611321777983e+02 3.261761245311698332e+01
-3.550268810549466281e+01 -1.275414704339403897e+02 3.255237523455622295e+01
-3.716729830038904936e+01 -1.276447667520686338e+02 3.264886024665102582e+01
-4.099926648732763113e+01 -1.276840066090783239e+02 3.259930723641488015e+01
-4.576822159170115611e+01 -1.277784390386545965e+02 3.249921869656124329e+01
-4.770840619310433794e+01 -1.261797815974718446e+02 3.258227581370542225e+01
-5.272467502257002536e+01 -1.221236641322776819e+02 3.264779656653672646e+01
-5.437337114606652477e+01 -1.206293823304278021e+02 3.266985654980255305e+01
-5.614080357284270661e+01 -1.192043934321069401e+02 3.254799640460268506e+01
-5.952497712920805384e+01 -1.187575991205845725e+02 3.276325255610556297e+01
-6.339110061949381958e+01 -1.185319266649419916e+02 3.301951913197877531e+01
-6.584819694483090302e+01 -1.182861844029414726e+02 3.314437671711511513e+01
-6.969470244330149455e+01 -1.181519550021652520e+02 3.327874704117601112e+01
-7.065864241172806715e+01 -1.179518389309903341e+02 3.341815300183042581e+01
-7.207537347541800443e+01 -1.199493423659726545e+02 3.399998425651366318e+01
-7.404416095256307528e+01 -1.227001568460352416e+02 3.401500980501042903e+01
-7.638861380159471537e+01 -1.260026745945868925e+02 3.439420696409517575e+01
-7.666274950242558361e+01 -1.263191561734159052e+02 3.443675636755174452e+01
-7.723996148331099221e+01 -1.294588499259515970e+02 3.442280918158051151e+01
-7.749338552756408660e+01 -1.309940664591367181e+02 3.439902345897575486e+01
-7.943668536538000069e+01 -1.333545461664514278e+02 3.495288814682406553e+01
-8.205440019284642972e+01 -1.362191222970282354e+02 3.518647344418496914e+01
-8.370429041508549517e+01 -1.382386199204776460e+02 3.544681590088550394e+01
-8.568916130232184969e+01 -1.405875846491333903e+02 3.558967452867366177e+01
-8.645360264731189659e+01 -1.414101154711024435e+02 3.573961745584369254e+01
-9.036290799488968162e+01 -1.402940709217892277e+02 3.657142717208201788e+01
-9.381100810355600572e+01 -1.390685108181404814e+02 3.697049667636821368e+01
-9.590250024650200089e+01 -1.384599729599040359e+02 3.712447383774953380e+01
-9.681374685056174201e+01 -1.380883653591569384e+02 3.733119257303640381e+01
-1.004192355267291106e+02 -1.364400373600340117e+02 3.783323026905735276e+01
-1.037526388392945904e+02 -1.347349029416597546e+02 3.823914478210703294e+01
-1.059470732581052630e+02 -1.337115326353950593e+02 3.825510020236755082e+01
-1.061393211181087253e+02 -1.332659198982045439e+02 3.823790691801244179e+01
-1.063037454885221962e+02 -1.309994028586687875e+02 3.801077102446082279e+01
-1.065388436864818686e+02 -1.288259714131336580e+02 3.801226601023063267e+01
-1.068103690722592205e+02 -1.263767021276598541e+02 3.768351048356903732e+01
-1.071434459837161626e+02 -1.237910519674065455e+02 3.732733372731885169e+01
-1.073406072508988842e+02 -1.213361052975819234e+02 3.719857644517768591e+01
-1.075791089942140530e+02 -1.197126590076437225e+02 3.702337989026461429e+01
-1.076560803881658757e+02 -1.157082856888273170e+02 3.674362548182453736e+01
-1.077247176799802730e+02 -1.121853585033054088e+02 3.616102685690845675e+01
-1.077967565398566023e+02 -1.096646838599405527e+02 3.587931846544563541e+01
-1.078135838883689388e+02 -1.070801209396948934e+02 3.548401016922468187e+01
-1.078265890078573221e+02 -1.049036917977273617e+02 3.551886301033869842e+01
-1.104226209152408131e+02 -1.025749800314813882e+02 3.528305415532239664e+01
-1.125043570968641120e+02 -1.009559338443518470e+02 3.518586601593160168e+01
-1.146317257246960821e+02 -9.934726042194536433e+01 3.516936791929799710e+01
-1.174651760423992783e+02 -9.707409396500048615e+01 3.504053118707917491e+01
-1.214197929345057787e+02 -9.394099162228570776e+01 3.485880645255248567e+01
-1.255682231409778211e+02 -9.534005393664160977e+01 3.534750835879461306e+01
-1.280654719645477542e+02 -9.619466509980807700e+01 3.560492548036037164e+01
-1.304390330010851358e+02 -9.695983037775970104e+01 3.581634373494932078e+01
-1.309998913782234808e+02 -9.722890375563726195e+01 3.592150432250421943e+01
-1.318195698705641803e+02 -9.757022301400462538e+01 3.589824811476846378e+01
-1.374384827856400477e+02 -1.001568753737247022e+02 3.642183455015867821e+01
-1.399570814285179381e+02 -1.013271018327900066e+02 3.651309112663438583e+01
-1.410627553578994196e+02 -1.019483422692703982e+02 3.672033653290769450e+01
-1.416039284849137516e+02 -1.022572492550792873e+02 3.670041780879761006e+01
-1.435751373176219090e+02 -1.039440108537896350e+02 3.687591157120846930e+01
-1.452456810581026332e+02 -1.054582525007635212e+02 3.727488071629091593e+01
-1.465346901824415795e+02 -1.065181945113330926e+02 3.728391592603352933e+01
-1.478180238308833907e+02 -1.078074008772236425e+02 3.737461474526864436e+01
-1.503972101013632425e+02 -1.103861187068847869e+02 3.772081801559924230e+01
-1.523403396311812799e+02 -1.122311175067931401e+02 3.783612088041388688e+01
-1.550875433476648197e+02 -1.149841041526108256e+02 3.822040859135008617e+01
-1.566482128280948700e+02 -1.165259653701794207e+02 3.858669768977770786e+01
-1.590331138265543132e+02 -1.145513648889732963e+02 3.808066521807237592e+01
-1.611818886356604139e+02 -1.129529728573835143e+02 3.790848511054085179e+01
-1.631072809204180771e+02 -1.115153925754665920e+02 3.798412771503565466e+01
-1.651287433484702376e+02 -1.099378330937944668e+02 3.776190172092229602e+01
-1.666002042925310320e+02 -1.089180027463485914e+02 3.763191339940495794e+01
-1.686178900906676290e+02 -1.068844925153568539e+02 3.727795309653023281e+01
-1.704724123443226063e+02 -1.052621649487304722e+02 3.728161761431191223e+01
-1.741088707570389147e+02 -1.015976707615158716e+02 3.699033860472175661e+01
-1.765900093767296823e+02 -9.915555221085367066e+01 3.692544287727376684e+01
-1.784586336076657176e+02 -9.726889506522260831e+01 3.661730681345800775e+01
-1.811638555815086988e+02 -9.469825752851730272e+01 3.656990708207761287e+01
-1.817200513165572602e+02 -9.410351652654010479e+01 3.655981721098426362e+01
-1.841775335772407800e+02 -9.401218341078019591e+01 3.647650790744395266e+01
-1.881400270602799196e+02 -9.365577605208231660e+01 3.642221685991921021e+01
-1.940825204744593293e+02 -9.317657987795388408e+01 3.643558941079709257e+01
-1.962322940502859296e+02 -9.290543014129976029e+01 3.647154122354661610e+01
-1.962270754658841838e+02 -9.326758964459068579e+01 3.643552817706355995e+01
-1.972530480833327147e+02 -9.573181971196117956e+01 3.653700292104490188e+01
-1.973490760237220343e+02 -9.608654672097215155e+01 3.669583323286224896e+01
-1.994213637875414520e+02 -9.812221690595197288e+01 3.696123065314002076e+01
-2.018518798911862007e+02 -1.010161189128313453e+02 3.713732617830564919e+01
-2.036516124691195557e+02 -1.030727669133391942e+02 3.724841792095809723e+01
-2.067614017185861996e+02 -1.063094604305509421e+02 3.745671874500997944e+01
-2.080873135839287045e+02 -1.089220803069675299e+02 3.787639925098839200e+01
-2.094200435307629391e+02 -1.108820096959803863e+02 3.815157913083663033e+01
-2.111857709318135505e+02 -1.143111447533632798e+02 3.862972023537042787e+01
-2.121238519342397808e+02 -1.161264479449732505e+02 3.854446910345190247e+01
-2.125898150742081043e+02 -1.225070612410326873e+02 3.944531034467982522e+01
-2.128267509279973524e+02 -1.260761337428249647e+02 3.993115686677726472e+01
-2.129061356200959665e+02 -1.286426115141000537e+02 4.038660818889274395e+01
-2.130282705169035751e+02 -1.310261499644243770e+02 4.040338381898956044e+01
-2.139466390239604152e+02 -1.310349116025127216e+02 4.045234299514132914e+01
-2.201060310069399009e+02 -1.315673693470596959e+02 4.070655827271285432e+01
-2.224953961514648597e+02 -1.319282864662398538e+02 4.073601145465990925e+01
-2.251120357592446908e+02 -1.321537295407151760e+02 4.076723808335741239e+01
-2.286807278001610655e+02 -1.324161565569246761e+02 4.091416718235453232e+01
-2.313027458402674768e+02 -1.327634073943008843e+02 4.087836383391275774e+01
-2.315212585844860200e+02 -1.325116937939611717e+02 4.090997352677195664e+01
-2.356399984339889215e+02 -1.301269050035464261e+02 4.102270458410775689e+01
-2.377508072238643422e+02 -1.288082308728612873e+02 4.098523919625017697e+01
-2.399787765288262449e+02 -1.277031425742364092e+02 4.093519661661681397e+01
-2.419826545645325666e+02 -1.263963914083078350e+02 4.092895962807148180e+01
-2.452906821281867167e+02 -1.247098153104485050e+02 4.088716481954163129e+01
-2.464303986079868878e+02 -1.238331480452617654e+02 4.092433154459761369e+01
-2.482884070172133590e+02 -1.214147304035687398e+02 4.059720558458709405e+01
-2.507704479659574304e+02 -1.181010863102803796e+02 4.056310106031271090e+01
-2.526400913292802386e+02 -1.155525880215544277e+02 4.038130421413779914e+01
-2.539516535137694575e+02 -1.136712873755109712e+02 4.026054548119621046e+01
-2.555324515725746721e+02 -1.115559172320604517e+02 3.994335413105592636e+01
-2.570229271702551728e+02 -1.096675490573169753e+02 4.004778008732707661e+01
-2.572003081764593730e+02 -1.093177599385576428e+02 3.993664652693752970e+01
-2.581501127235276272e+02 -1.101494812869232334e+02 4.041741223709274067e+01
-2.602415799545604500e+02 -1.119527706990796645e+02 4.061368225053180225e+01
-2.616416267748659834e+02 -1.132797141776547534e+02 4.093399169899367251e+01
-2.635902942594075853e+02 -1.149228301732518531e+02 4.155005494024225499e+01
-2.657156184422729552e+02 -1.166656990129135920e+02 4.180120553120001858e+01
-2.703927125111503074e+02 -1.204845310041164197e+02 4.274221235913221761e+01
-2.718422249081442601e+02 -1.217077906952552553e+02 4.290490102368753611e+01
-2.726242598250566971e+02 -1.241886392315692689e+02 4.360157506006250117e+01
-2.740806935729568181e+02 -1.288356753332195410e+02 4.384431169193265276e+01
-2.748801580676607728e+02 -1.314860220993265614e+02 4.418632413376837320e+01
-2.758590070684048783e+02 -1.348009294522177868e+02 4.469338255686039219e+01
-2.769776854456010824e+02 -1.381439839118216355e+02 4.482746196146892004e+01
-2.775518624341534633e+02 -1.405994481449798741e+02 4.488870353987405792e+01
-2.777691929165516171e+02 -1.410300928118715831e+02 4.496759484875581592e+01
-2.777806447709239706e+02 -1.421360781894151160e+02 4.516478744087221742e+01
-2.779223647138292108e+02 -1.482623788416891273e+02 4.545340932273386869e+01
-2.780449837450761947e+02 -1.508378938561405391e+02 4.575817756531315439e+01
-2.781271434678362198e+02 -1.532481541791578934e+02 4.588219149854634082e+01
-2.780353724516091347e+02 -1.558714470401324093e+02 4.603795440660736205e+01
-2.781802764773865988e+02 -1.596250684835042080e+02 4.598916269167123971e+01
-2.783332865139171872e+02 -1.611412564150109006e+02 4.611753248715114495e+01
-2.793377096797869399e+02 -1.614284107021610168e+02 4.609739563839823262e+01
-2.828203744150560510e+02 -1.626686489534750422e+02 4.627311755816945293e+01
-2.852682485098139296e+02 -1.635655690207294981e+02 4.622463131831777616e+01
-2.887623326893014450e+02 -1.646474042935775515e+02 4.629786976248557551e+01
-2.934897079131818032e+02 -1.663427760982609698e+02 4.615678247510121679e+01
-2.959050873338370593e+02 -1.670314109928110327e+02 4.614665799106625599e+01
-2.965733307854981149e+02 -1.674426790349999123e+02 4.614727522369697255e+01
-2.973799790860527423e+02 -1.674857922405469139e+02 4.602893882499649436e+01
-2.998814009552637003e+02 -1.675231902955292469e+02 4.608064280275770130e+01
-3.024067780329888251e+02 -1.674713689175981699e+02 4.582751939419716791e+01
-3.086564692804366814e+02 -1.678560987545718604e+02 4.565505588201033760e+01
-3.114714640903305849e+02 -1.678659420493354162e+02 4.558770486566598379e+01
-3.118983723310926166e+02 -1.676972487656559281e+02 4.544421275734849530e+01
-3.156802882036642472e+02 -1.661592665434022251e+02 4.521582468195837379e+01
-3.215087219456098637e+02 -1.638842484906754464e+02 4.491009935234874462e+01
-3.227849922769108275e+02 -1.621814794151592594e+02 4.457139081425539473e+01
-3.251001794241440734e+02 -1.591844088478885908e+02 4.445858364702365861e+01
-3.265668906430071843e+02 -1.572019725769426657e+02 4.418266281907061455e+01
-3.304316955382576566e+02 -1.519913554550652179e+02 4.379196109240958634e+01
-3.322645689148635029e+02 -1.494466400619674573e+02 4.344124421902304789e+01
-3.337136223738344256e+02 -1.487185260927384434e+02 4.320358554377840932e+01
-3.369841110486960929e+02 -1.467441614798121350e+02 4.266482281577432190e+01
-3.401268863933125886e+02 -1.449127230220511251e+02 4.222111446914849608e+01
-3.417862658262108653e+02 -1.438251576386799968e+02 4.213952485132163872e+01
-3.442669085334649708e+02 -1.437068549949134990e+02 4.185130766019876347e+01
-3.482245247501032850e+02 -1.436132213464263714e+02 4.148771207248292825e+01
-3.505603524936670397e+02 -1.434136205559548785e+02 4.125597113912951386e+01
-3.543513724024555813e+02 -1.432248356555594739e+02 4.073434798405504864e+01
-3.566069990761977806e+02 -1.429420974433555216e+02 4.041253331705589602e+01
-3.580194266341001139e+02 -1.389724617801574880e+02 3.974794550345050936e+01
-3.588694597978048364e+02 -1.365613934535400347e+02 3.925556161817609535e+01
-3.599777660404893709e+02 -1.332336977711809425e+02 3.910186091112876738e+01
-3.612650189609435643e+02 -1.296843301698992548e+02 3.877697725069959489e+01
-3.623741396423674246e+02 -1.261554186468142547e+02 3.851617516143243591e+01
-3.628760837343767207e+02 -1.246942868555169923e+02 3.819868153058380500e+01
-3.622031558921020178e+02 -1.231343139681984127e+02 3.818365317615009502e+01
-3.603393480159656974e+02 -1.197732924629389117e+02 3.832859849508257355e+01
-3.585210866086196120e+02 -1.164873952337930518e+02 3.838722386169285983e+01
-3.571646001205999710e+02 -1.141443286859801418e+02 3.834009554813868448e+01
-3.553557067274139172e+02 -1.111276941596743200e+02 3.828531135081209413e+01
-3.545118658250702879e+02 -1.096161705873704904e+02 3.843626038980613657e+01
-3.545304754969645273e+02 -1.088114173597687255e+02 3.829911336514495446e+01
-3.543412642173350946e+02 -1.039315956731920494e+02 3.836532277292791093e+01
-3.541657355868092054e+02 -1.017797392488210164e+02 3.829524998518771639e+01
-3.539922029926627829e+02 -9.845851932482628399e+01 3.799366886283581124e+01
-3.539228031833135901e+02 -9.465815996840859725e+01 3.792146756039306155e+01
-3.538306326020996835e+02 -9.202574117432084222e+01 3.770155420955206438e+01
-3.537281537152764486e+02 -8.976191044724876633e+01 3.760884913851511868e+01
-3.586046013078283181e+02 -8.803525164043756490e+01 3.701670124288837371e+01
-3.611812894103950384e+02 -8.716596821794662731e+01 3.669246370806082069e+01
-3.641585767284548751e+02 -8.600053073593490183e+01 3.650497751742606312e+01
-3.676816553478086007e+02 -8.485067006981283555e+01 3.603262762706908262e+01
-3.700066355692742377e+02 -8.408576093862799894e+01 3.573124925359454096e+01
-3.717614444838931149e+02 -8.338574611006802684e+01 3.573424236345942262e+01
-3.737780537047178200e+02 -8.327748576553736370e+01 3.551487494933255107e+01
-3.770922818005608974e+02 -8.328026773586545062e+01 3.501623024576994681e+01
-3.840758254656184931e+02 -8.297564317390943245e+01 3.482520016997928991e+01
-3.867136128391559851e+02 -8.302801702733967204e+01 3.449581510396724582e+01
-3.891956928131490940e+02 -8.275171825618608068e+01 3.407523621647626300e+01
-3.917545652579171929e+02 -8.286149830749610601e+01 3.380588412521342434e+01
-3.922081979407216750e+02 -8.131407498369996745e+01 3.365159691638066164e+01
-3.933757895340208961e+02 -7.839076991561618968e+01 3.355156104714346554e+01
-3.940930195701886305e+02 -7.587721606265580476e+01 3.324352970815569819e+01
-3.954896286482446044e+02 -7.207341527387777091e+01 3.301281542131609825e+01
-3.963415692882548456e+02 -6.979148499448677967e+01 3.262595243576773640e+01
-3.970789927769849328e+02 -6.724182596657995248e+01 3.241832835431806359e+01
-3.979959000438325916e+02 -6.484511926930935033e+01 3.204453039167773909e+01
-3.979757271309965176e+02 -6.450089376800870866e+01 3.210758350332110211e+01
-3.966057556425815847e+02 -6.107813147886194827e+01 3.203824776891660520e+01
-3.950802416447143059e+02 -5.763851994254738997e+01 3.202922210170693518e+01
-3.941531435679124229e+02 -5.551844807770461898e+01 3.218510490552828429e+01
-3.918376126586745158e+02 -4.991708131158907946e+01 3.220512534364832646e+01
-3.903635324970078386e+02 -4.667661765354078796e+01 3.204089298413343556e+01
-3.894561773761078030e+02 -4.451821832515662436e+01 3.206622703065082192e+01
-3.865815134713068346e+02 -4.144167625054409854e+01 3.227078720333123130e+01
-3.820204793692810767e+02 -3.663561831235700339e+01 3.257655140679086259e+01
-3.792500088020498197e+02 -3.367605526289830209e+01 3.272737345511885820e+01
-3.748714402607149623e+02 -2.897060551731815536e+01 3.284987720569326086e+01
-3.757037583499355264e+02 -2.766294011201304315e+01 3.275453471549583639e+01
-3.774140928921580098e+02 -2.447650801287282718e+01 3.260850660541103707e+01
-3.787478085718905163e+02 -2.187166425759293986e+01 3.239812755571529124e+01
-3.800239024850780538e+02 -1.933885330805514968e+01 3.210439334960630475e+01
-3.813532031326195693e+02 -1.693851271715591622e+01 3.186560745239993864e+01
-3.827436177850907484e+02 -1.429055141300359466e+01 3.166071240565556977e+01
-3.841331740584362251e+02 -1.258997242575930287e+01 3.158818825621601434e+01
-3.869654402724700049e+02 -9.709710523739916610e+00 3.141587523256094272e+01
-3.896563108643811688e+02 -7.062775275996763469e+00 3.127880015244239686e+01
-3.925418999358201404e+02 -4.093069443789293160e+00 3.105532874285259837e+01
-3.949589996672280563e+02 -1.492644182774298667e+00 3.089859385033643591e+01
-3.971822229451884709e+02 1.025818347442065681e+00 3.095263085975818029e+01
-3.967495391384739492e+02 4.516636921422319872e+00 3.097164268411109589e+01
-3.963617988863274491e+02 7.392989190160427881e+00 3.111428996226102228e+01
-3.952663742195336454e+02 1.337128752363482675e+01 3.113302575057400290e+01
-3.947457811557995910e+02 1.694851748847225181e+01 3.119674562725475653e+01
-3.939165729069785016e+02 2.067840903268047015e+01 3.102412877600832886e+01
-3.913222927590368840e+02 2.150280194385950239e+01 3.112408504046487678e+01
-3.877558732003362252e+02 2.278126349925755889e+01 3.117150884964792823e+01
-3.854689357194694708e+02 2.359026859013024691e+01 3.121114391616368877e+01
-3.834603519185250775e+02 2.432601570481711661e+01 3.105197901932570659e+01
-3.794097092650953869e+02 2.566369251023060372e+01 3.104730034974665287e+01
-3.755323395465604221e+02 2.689042324673943796e+01 3.082950797139406873e+01
-3.744283391151299156e+02 2.690292206664267738e+01 3.079235486303991820e+01
-3.720212461658911138e+02 2.696101014015054531e+01 3.072476831242644835e+01
-3.670945056456591260e+02 2.722096294262150806e+01 3.074075632460555951e+01
-3.649120389011369525e+02 2.717472580588615116e+01 3.055449562700218991e+01
-3.590749398000336328e+02 2.749761348589528254e+01 3.052379943846145238e+01
-3.564052571204614992e+02 2.739199459613122301e+01 3.039529070610315387e+01
-3.555585642397342667e+02 2.748029554743247260e+01 3.037019235812815410e+01
-3.542222526367016826e+02 2.743991058468936473e+01 3.024481953952982849e+01
-3.517073956159825912e+02 2.763111578418784120e+01 3.034036093828690284e+01
-3.455623676643393765e+02 2.751355770899630571e+01 3.016607776753773251e+01
-3.444890612017029525e+02 3.006868293264118819e+01 2.995936189417605533e+01
-3.436431609052879708e+02 3.272849521346521584e+01 2.990502516650225928e+01
-3.428168155042840226e+02 3.533345801002657538e+01 2.965874016114601019e+01
-3.413752246875428682e+02 3.941995067029917976e+01 2.956679180250660721e+01
-3.402688847354947370e+02 4.236098730659156786e+01 2.948909688529292694e+01
-3.395005396343806865e+02 4.489836153133565233e+01 2.927280264137584709e+01
-3.392097551776223554e+02 4.569716912321408842e+01 2.934590055247387141e+01
-3.397572011176454225e+02 4.683317024716148325e+01 2.921051187748878419e+01
-3.410885055552449785e+02 4.858462544132644467e+01 2.932293264062134952e+01
-3.426352285567149920e+02 5.101731940251588071e+01 2.906997540225224341e+01
-3.441372057373799862e+02 5.351579291045398890e+01 2.911833028240893384e+01
-3.461242230715012624e+02 5.659548359694143471e+01 2.906960364458266355e+01
-3.484885553230802770e+02 5.997051707685761812e+01 2.878987444726910994e+01
-3.498332680329570508e+02 6.215272581924221384e+01 2.883335946414409889e+01
-3.512009186423712777e+02 6.401421843014186663e+01 2.870033227191062863e+01
-3.523887387630325065e+02 6.601248677032059220e+01 2.865632762054104887e+01
-3.521597348434460173e+02 6.655547465889796399e+01 2.862129724923050844e+01
-3.511595948914737733e+02 6.819739874680183789e+01 2.845003754265626483e+01
-3.495296683685285188e+02 7.057997027138658552e+01 2.830456493657943895e+01
-3.484139894169280751e+02 7.238426777815892876e+01 2.801825452470484024e+01
-3.465976399705180597e+02 7.521234808780640435e+01 2.804967355450154542e+01
-3.455631356660836673e+02 7.693636128853742662e+01 2.785080147148919494e+01
-3.417970478903349090e+02 8.261760185879546725e+01 2.755409006077673340e+01
-3.395255451202999097e+02 8.613343269358234977e+01 2.748741010456519618e+01
-3.371668984494727965e+02 8.792450913728465878e+01 2.733733310039932718e+01
-3.347523196968772368e+02 8.970786054230654827e+01 2.729727384903259235e+01
-3.298153749725350394e+02 9.316718426020415222e+01 2.735556335346383960e+01
-3.276633524304459684e+02 9.485055435382368216e+01 2.732763415709055721e+01
-3.250847094182298065e+02 9.670459043471034022e+01 2.727058801939492128e+01
-3.262194535460672569e+02 9.820401229641113616e+01 2.715103895678157642e+01
-3.279590629702882438e+02 1.011456115627528476e+02 2.686373458419222970e+01
-3.291801821082812012e+02 1.032173283027125592e+02 2.662387558018784262e+01
-3.307916720580536207e+02 1.055921362150101857e+02 2.618726608861588545e+01
-3.321173509804742707e+02 1.077822657832085014e+02 2.618175905519149538e+01
-3.338674370181893778e+02 1.105739667598920732e+02 2.579953468676083617e+01
-3.352945548990408611e+02 1.126023282730038915e+02 2.525650502484643312e+01
-3.374734032338600969e+02 1.160880214436988638e+02 2.528709505688159354e+01
-3.399612669120645023e+02 1.189461058299501843e+02 2.485593865264418056e+01
-3.418488944747644496e+02 1.208494896794192357e+02 2.471660659941677807e+01
-3.435739358596404145e+02 1.226378629282311294e+02 2.419053433405962750e+01
-3.456489871677878227e+02 1.247750637079522704e+02 2.396575461111229188e+01
-3.475161669669031426e+02 1.267347132059996113e+02 2.375476424636543982e+01
-3.497580317181348164e+02 1.289928084010627174e+02 2.338678785793732473e+01
-3.515385403653855292e+02 1.306599728776621703e+02 2.312025485999710384e+01
-3.521781160067116048e+02 1.315631202508376703e+02 2.320109544410733449e+01
-3.503096329161419362e+02 1.362389278626780538e+02 2.292525064510043720e+01
-3.492182727950553840e+02 1.386958013569474417e+02 2.279708116299585896e+01
-3.477217829390432939e+02 1.424350300449820566e+02 2.258180500636439092e+01
-3.452847402794372442e+02 1.484477945408353889e+02 2.249354177476115524e+01
-3.443312557507547353e+02 1.509466154847884809e+02 2.221119946021230263e+01
-3.427233016060538375e+02 1.553650928712374366e+02 2.206893492843426330e+01
-3.406993037214016908e+02 1.619024292102879201e+02 2.191282974808692074e+01
-3.398444862837012010e+02 1.641503220923608239e+02 2.192349040028407003e+01
-3.391014045991273633e+02 1.662149136036298671e+02 2.195079755117104980e+01
-3.328385276595778350e+02 1.666252512736385540e+02 2.214922077144766277e+01
-3.293754018365447109e+02 1.669941751613517056e+02 2.255359451130153658e+01
-3.259296525569555456e+02 1.673387700651547334e+02 2.293873589714602090e+01
-3.221866670193086293e+02 1.676866169924884105e+02 2.333588472658348323e+01
-3.202949224704930202e+02 1.677939497668125455e+02 2.325337548081107997e+01
-3.177666174522572078e+02 1.678424418302935237e+02 2.362950228561470567e+01
-3.140026802667347283e+02 1.678807829019120845e+02 2.387291717772937361e+01
-3.099673726104767866e+02 1.679789042143733866e+02 2.447030331642230649e+01
-3.076314686099589153e+02 1.678989322755680860e+02 2.472935818402296704e+01
-3.034848145575328431e+02 1.679863229628996919e+02 2.486895639399373081e+01
-3.006803814378982906e+02 1.680556901843925175e+02 2.507135054638338545e+01
-3.002143426012021337e+02 1.680650149695694893e+02 2.506532349807898541e+01
-2.996690485522839822e+02 1.689414849435549115e+02 2.508301350698299714e+01
-2.983692799478986899e+02 1.711464312692652641e+02 2.522169239876672009e+01
-2.962178456673878486e+02 1.745925712265787411e+02 2.502029806915901133e+01
-2.950918952144394893e+02 1.767443777212154998e+02 2.477826705635728644e+01
-2.933386489374628354e+02 1.796072504180436340e+02 2.478970527210667996e+01
-2.916452727292714826e+02 1.824139706846889908e+02 2.461187442778116719e+01
-2.892937230425803250e+02 1.864423975001303404e+02 2.470897443900420143e+01
-2.896524728620584597e+02 1.881907781626674989e+02 2.437318483219852183e+01
-2.900112821764266755e+02 1.918157460230242748e+02 2.386193379622366351e+01
-2.904798305191579288e+02 1.944176774463023776e+02 2.389623978986262287e+01
-2.907896873066245576e+02 1.963416851049625222e+02 2.351776973745130306e+01
-2.917545756219713553e+02 2.033145868893078614e+02 2.335903547770668354e+01
-2.921321732592743956e+02 2.056693287494894946e+02 2.338988787876505526e+01
-2.927216517452537801e+02 2.088053861345208873e+02 2.323652679895937823e+01
-2.931742603359141981e+02 2.114635818208616627e+02 2.312492643370359602e+01
-2.928135699039222573e+02 2.114259478812137445e+02 2.342653656178085697e+01
-2.859553116949892910e+02 2.132862820921861555e+02 2.387327235995357100e+01
-2.836416487194661613e+02 2.140131380597179316e+02 2.412797572778139710e+01
-2.757459642408674085e+02 2.161670671272949846e+02 2.498271022775643502e+01
-2.720415397914572395e+02 2.172080383588202892e+02 2.529308552704248214e+01
-2.699202446524410561e+02 2.176652855061879563e+02 2.543871842347990153e+01
-2.692174621589148842e+02 2.197547335302308511e+02 2.556171143705682525e+01
-2.688028955973637153e+02 2.212818273633909314e+02 2.555863691228370627e+01
-2.684235006987132692e+02 2.210780863336839843e+02 2.601572885689478909e+01
-2.645177370897689570e+02 2.191871923952771795e+02 2.609229025066814245e+01
-2.623627341032885170e+02 2.180484876311071503e+02 2.626156645227671049e+01
-2.600433188660838937e+02 2.168170590238710247e+02 2.663045678054310272e+01
-2.554202081147360843e+02 2.142959267001716057e+02 2.694784731255527177e+01
-2.521110452748698947e+02 2.127711753520958951e+02 2.756544129680553823e+01
-2.497726834898984407e+02 2.114766285505264705e+02 2.793669585603202421e+01
-2.471546309018206955e+02 2.101913937221922311e+02 2.825502358955791848e+01
-2.448109516082119512e+02 2.090417560758717457e+02 2.822936303115246659e+01
-2.445316368032632965e+02 2.083972763647087731e+02 2.856506274865306594e+01
-2.430241992218312532e+02 2.065028483052649051e+02 2.881469251460391234e+01
-2.412872078049826712e+02 2.045007337348764906e+02 2.909190385036479043e+01
-2.397981067923695377e+02 2.026224817164188607e+02 2.948443972796348334e+01
-2.375808677636257755e+02 1.997979557113447129e+02 2.981754536771197195e+01
-2.360722938362994512e+02 1.979167863950744959e+02 3.019806314557251881e+01
-2.329919691088364857e+02 1.940747383559480852e+02 3.087743078557059206e+01
-2.312993359994189575e+02 1.918694210414456620e+02 3.109131717769036385e+01
-2.293492185832097618e+02 1.895763166120403014e+02 3.133139626484269513e+01
-2.268962313423773764e+02 1.905578790961242248e+02 3.151383451050922346e+01
-2.233755820227086417e+02 1.919970761222450335e+02 3.177671141028275770e+01
-2.170915000545400062e+02 1.945753859319279400e+02 3.203211101927917070e+01
-2.136722281677174067e+02 1.958941732397327939e+02 3.206667939107117604e+01
-2.098683098303006886e+02 1.974262644109276721e+02 3.225906648305536351e+01
-2.081145753668526766e+02 2.000501991156427835e+02 3.180012076258550380e+01
-2.048833965997814062e+02 2.049938247980036294e+02 3.146599582441950105e+01
-2.037670080051232446e+02 2.068227127202915199e+02 3.143328286685014206e+01
-2.023050884649707370e+02 2.088547046504382365e+02 3.128136957589980227e+01
-2.008592543870641123e+02 2.111526565493154237e+02 3.085962965144620540e+01
-1.994515462148993947e+02 2.133658169854685127e+02 3.061159917051783808e+01
-1.972487460526564576e+02 2.167337937855916437e+02 3.048560403093213012e+01
-1.949894291755833251e+02 2.202456387872420862e+02 3.003700095018239580e+01
-1.940489921502340849e+02 2.215210212825487872e+02 3.013162302371066659e+01
-1.899157056453388464e+02 2.210188025265694307e+02 3.019228356680734038e+01
-1.824097045067981924e+02 2.200347793481034273e+02 3.041134407950853813e+01
-1.793637318379566636e+02 2.196795045817177368e+02 3.055287993247754130e+01
-1.731062938082530991e+02 2.187834655765660727e+02 3.082328729783962018e+01
-1.698877527598193922e+02 2.183520827387809788e+02 3.095920727934640126e+01
-1.694626612930612453e+02 2.171860735999083261e+02 3.117559098572796472e+01
-1.687582177232758340e+02 2.149752441623463710e+02 3.111642764332983546e+01
-1.666757655064175481e+02 2.127011685662083949e+02 3.176813383072343200e+01
-1.636054223361986715e+02 2.095085480655536401e+02 3.199022081694688779e+01
-1.612587634938439862e+02 2.068976403339890737e+02 3.254475034022540569e+01
-1.586882415382664817e+02 2.043434491485191984e+02 3.278547385449925855e+01
-1.561422838877322476e+02 2.016359670519953795e+02 3.282353546494925212e+01
-1.534513547462867962e+02 1.988480466988944215e+02 3.315569304172854714e+01
-1.505304558330833800e+02 1.959565629002801757e+02 3.341970772874102380e+01
-1.491907935233087983e+02 1.944250613406538548e+02 3.334071779796710899e+01
-1.477102602337294854e+02 1.946123619323224432e+02 3.330992440120941467e+01
-1.448914839896133913e+02 1.949807554422277178e+02 3.345143903341438119e+01
-1.416303915809214686e+02 1.955015626373591147e+02 3.353766316239442347e+01
-1.369430712382374793e+02 1.960898501471536974e+02 3.338271439406798891e+01
-1.341156632442892374e+02 1.965118003765837784e+02 3.342655829459206984e+01
-1.315825778856957413e+02 1.969073032545933017e+02 3.337861319453640618e+01
-1.288270512941104471e+02 1.971892237583948599e+02 3.337598721685996139e+01
-1.262309020788602822e+02 1.976614065379390297e+02 3.322506941189434571e+01
-1.248590306773984651e+02 1.977892518511367257e+02 3.329884672200845586e+01
-1.223506293229034867e+02 2.007776218480081809e+02 3.322171450098478829e+01
-1.199445385299375886e+02 2.036707750431712896e+02 3.298517701304025707e+01
-1.181153687894678797e+02 2.057442672957989771e+02 3.282382455697766233e+01
-1.157574923421368140e+02 2.086040135551465369e+02 3.272590698641394624e+01
-1.141330709864848956e+02 2.105414309744443528e+02 3.268327380761122924e+01
-1.124973860354204760e+02 2.125952233436686356e+02 3.263364322128142447e+01
-1.105380455856556807e+02 2.149220399368173275e+02 3.246360628082849331e+01
-1.090670763737613100e+02 2.166550923454209112e+02 3.258396911720573996e+01
-1.085307560825933280e+02 2.182445898227526584e+02 3.242191839705901657e+01
-1.075401095426003195e+02 2.203924731884976325e+02 3.259123145404225141e+01
-1.059692322792206198e+02 2.237474997676767430e+02 3.250571695050133769e+01
-1.047454678657180835e+02 2.269480631095420051e+02 3.244379193314467358e+01
-1.031787707750014391e+02 2.306801631502361261e+02 3.222669974125873438e+01
-1.019985193816652611e+02 2.333482671701028721e+02 3.214093217417646997e+01
-1.003690391558178874e+02 2.370501513936914080e+02 3.219899865507622394e+01
-9.930853637543103218e+01 2.397106540403213160e+02 3.205744485235467067e+01
-9.851092178505395225e+01 2.413997486179172824e+02 3.209260560485382996e+01
-9.615187858733857240e+01 2.411473950966011444e+02 3.195873083994713326e+01
-9.335387443005880925e+01 2.408384118219934464e+02 3.148778981707813074e+01
-8.934830052626809049e+01 2.402579942298409321e+02 3.140417257433082554e+01
-8.688614704884805917e+01 2.400595474920347385e+02 3.115973721747421621e+01
-8.412754438161098847e+01 2.396041379869444938e+02 3.092146760025334373e+01
-8.008737925826015669e+01 2.391822010096234123e+02 3.042457304697582288e+01
-7.732854738113542226e+01 2.387669911589070182e+02 3.042632998305833425e+01
-7.481601142843980767e+01 2.385321557043572511e+02 3.021261843124552726e+01
-7.164903078134537395e+01 2.373854099186248732e+02 2.995537329861320686e+01
-6.919785781390083912e+01 2.364005444473972091e+02 2.957175752532964097e+01
-6.663463151834987741e+01 2.354707156927556468e+02 2.946822650568769220e+01
-6.356688188428417163e+01 2.342486181225193036e+02 2.881660065306832053e+01
-6.112027825035963247e+01 2.334782637275393427e+02 2.849426573309428079e+01
-5.803480253569772884e+01 2.321793517495427750e+02 2.843652041245163176e+01
-5.431321900599599672e+01 2.306800597790214056e+02 2.822910796491996521e+01
-5.220359117391196691e+01 2.298738069197012521e+02 2.790677390650143508e+01
-4.944994578581793121e+01 2.288583826002559931e+02 2.767726992072900316e+01
-4.678756662604936167e+01 2.300256537039604154e+02 2.721239707473232272e+01
-4.441908781734776568e+01 2.310413118725234654e+02 2.672669819916406908e+01
-3.931216450234931159e+01 2.333086773905973814e+02 2.542823370831105123e+01
-3.685756250499309061e+01 2.344916784736550710e+02 2.477883615271310802e+01
-3.338113407034676783e+01 2.361898041623766176e+02 2.439886544781998268e+01
-3.005801527459628986e+01 2.376056208463342045e+02 2.348450948013449846e+01
-2.817873369084540158e+01 2.383394955913027218e+02 2.295808187334731443e+01
-2.594902317390383217e+01 2.394251667760280782e+02 2.252967036664661649e+01
-2.212718587093739586e+01 2.410995963004177725e+02 2.174103294933805941e+01
-1.930970495082467764e+01 2.424975943804876124e+02 2.128684772645335599e+01
-1.814364948063554550e+01 2.444051755600497131e+02 2.063297544370673720e+01
-1.698598699236236698e+01 2.459514621454044914e+02 1.987817745823421944e+01
-1.555977162504857247e+01 2.482354739954791114e+02 1.938845632285568144e+01
-1.423059173603693139e+01 2.502184935024946526e+02 1.895183577986264467e+01
-1.228868763775775896e+01 2.533121862955428583e+02 1.847930541633999368e+01
-1.094448423289592753e+01 2.554093189003085058e+02 1.792459250715897667e+01
-9.611202215074968080e+00 2.573777582217473423e+02 1.735457910525012082e+01
-7.582146776756847117e+00 2.605290157135355571e+02 1.690172234009932950e+01
-4.769075648780773058e+00 2.648559329779606060e+02 1.631645397322188273e+01
-3.589597461584365323e+00 2.667278728220041444e+02 1.618101256929121590e+01
-4.227764558438288134e+00 2.675204839177574172e+02 1.610452007809819719e+01
-6.326331151719660539e+00 2.708906760131724241e+02 1.597702767701374249e+01
-8.289294903464433872e+00 2.739745730119404925e+02 1.612533690283020604e+01
-1.026271246377007529e+01 2.769493504575298743e+02 1.611075900301161923e+01
-1.160783365950717361e+01 2.790980160156423722e+02 1.615228333112251136e+01
-1.297686507102825182e+01 2.812667744983924081e+02 1.616527552932989309e+01
-1.523670618073181870e+01 2.846868605034575239e+02 1.626653427408598063e+01
-1.623255711562627113e+01 2.863604344586046295e+02 1.600659546696641300e+01
-1.659489302834419178e+01 2.868400153229052307e+02 1.595841729160754952e+01
-1.684995958584318743e+01 2.874031179503893441e+02 1.609740000995974896e+01
-1.851284728567038229e+01 2.907039759031989092e+02 1.610399505156327038e+01
-1.981410349279046201e+01 2.933874200425541972e+02 1.621128150224810227e+01
-2.142176002711405403e+01 2.963071437356381352e+02 1.615088006423452427e+01
-2.252975194240239176e+01 2.984798106967564877e+02 1.625451178002926511e+01
-2.439084067101396869e+01 3.021402640648230431e+02 1.633183482534955999e+01
-2.544428970863549111e+01 3.042581590813684329e+02 1.620035882264410176e+01
-2.708435511203439106e+01 3.074801331526671788e+02 1.636920325368372886e+01
-2.903578495340505938e+01 3.113515375489430426e+02 1.623088127694408911e+01
-3.038210239266189561e+01 3.140098339535982745e+02 1.633992937253805167e+01
-3.157382745968476812e+01 3.161836007336102625e+02 1.645290195091874352e+01
-3.177766589310430234e+01 3.168591293277299883e+02 1.635779319549408939e+01
-3.112094889613742765e+01 3.177549478334751711e+02 1.620559515983281074e+01
-2.929804917068971548e+01 3.197313203193795630e+02 1.578572014736912799e+01
-2.768408577462277975e+01 3.216362780518698514e+02 1.511605525446024600e+01
-2.573729329689143697e+01 3.237898295714006167e+02 1.461218483347743025e+01
-2.413526344735373641e+01 3.254879330255392347e+02 1.438167969942990432e+01
-2.160004345523358182e+01 3.284213630366273833e+02 1.373269354105935491e+01
-1.952658046997817820e+01 3.309104765807336435e+02 1.326438260242771427e+01
-1.815640127023509365e+01 3.323328042902207926e+02 1.289489181882798086e+01
-1.668108692708824847e+01 3.338249953617083179e+02 1.255164610622546739e+01
-1.547660425847829124e+01 3.352831761400196342e+02 1.211299255679363007e+01
-1.378661367784045488e+01 3.371260034646848567e+02 1.215208840835729731e+01
-1.246761633049992035e+01 3.374530175264672494e+02 1.151445580953737391e+01
-7.041231695877728569e+00 3.392505572383382173e+02 1.077786929389948334e+01
-5.007411968574412953e+00 3.399339505679423610e+02 1.051095948462690721e+01
-7.630284709306978108e-01 3.412564651891171366e+02 9.940960601020679022e+00
4.724742697748882669e+00 3.428936359149788586e+02 9.277753337228970665e+00
8.008558667802772035e+00 3.439819776986185502e+02 8.909410317281620806e+00
1.081867499758276274e+01 3.447929968938806269e+02 8.550720604592521923e+00
1.397615674000180697e+01 3.456548150087292015e+02 8.247838826983274529e+00
1.691153912777942736e+01 3.467464237883429519e+02 8.080842441790643704e+00
1.999944428241798633e+01 3.478355320237831734e+02 7.887194639733260182e+00
2.078409449090776917e+01 3.480071278600997289e+02 7.879231989084776622e+00
2.082598413673520810e+01 3.500515782197086878e+02 7.758037478255651820e+00
2.115500698813692537e+01 3.545136048307399506e+02 7.668103231715552859e+00
2.122822807196692452e+01 3.573026344750974204e+02 7.437095712095094235e+00
2.141881510239940312e+01 3.609674627073716238e+02 7.222957576941171354e+00
2.142437374349599466e+01 3.632567578359684717e+02 7.117820257443924881e+00
2.171937549730121120e+01 3.658141945681867924e+02 6.944864196610797791e+00
2.173694979819098450e+01 3.700266553444630517e+02 6.779062022290259115e+00
2.189324259691880314e+01 3.730930145964608755e+02 6.558250578178956403e+00
2.231461581274905726e+01 3.772927850276752793e+02 6.566543087441570670e+00
2.243714353495677116e+01 3.800154973854487821e+02 6.316666196726933968e+00
2.241860428314453557e+01 3.817358185944113416e+02 6.360766266632619015e+00
2.158972587394406162e+01 3.823827892812048503e+02 6.295733736733621022e+00
1.967898283144091920e+01 3.840738622826377195e+02 6.208095246708957404e+00
1.803636688799967658e+01 3.857441585153502501e+02 6.190530869665913372e+00
1.610424506158279101e+01 3.874767462517656895e+02 6.189673865314852641e+00
1.360811734207556967e+01 3.897234734878141467e+02 6.103660349290277232e+00
1.192739472186766747e+01 3.912482721875575180e+02 6.017081953635843306e+00
1.024435018015818599e+01 3.928183094183994513e+02 6.066781108355245422e+00
8.467658827463608873e+00 3.943515848014943117e+02 6.027044874644448491e+00
5.494319571338769137e+00 3.970252077183475308e+02 6.035051890223130044e+00
7.882331113918240595e-01 4.013262735984080223e+02 5.992612451618291480e+00
-1.872688076464234186e+00 4.037484416676375076e+02 6.059402334986115690e+00
-4.564075389323421383e+00 4.062568644744797552e+02 5.948227620699083396e+00
-5.997187815175935022e+00 4.073678768137252177e+02 6.068261223740994303e+00
-4.446050161274803791e+00 4.107178747831172814e+02 6.283107712140297174e+00
-2.573797130607558437e+00 4.141869680951208466e+02 6.341836863491644216e+00
-1.674558211861940427e+00 4.163243461533440950e+02 6.414247616136758978e+00
-1.137003653742767184e-01 4.193232353018565846e+02 6.721464657301405410e+00
1.317341012109318088e+00 4.217492511400921558e+02 6.992154672094261336e+00
2.878914448318516950e+00 4.251079218399192996e+02 7.260318071308254240e+00
4.465233021623515874e+00 4.282405438417733308e+02 7.460244546634795526e+00
6.192319563330703325e+00 4.315843067561680186e+02 7.942198210548768067e+00
7.326696495597327718e+00 4.335971171893014571e+02 7.939400499611783957e+00
8.472635292994375789e+00 4.359238613012259407e+02 8.221343096664265104e+00
9.564121999303884181e+00 4.380880003429973613e+02 8.349990989654726192e+00
1.144457339262435802e+01 4.418690299851242003e+02 8.665196167215988510e+00
1.159360764577588476e+01 4.421405742215041528e+02 8.602205161978583092e+00
1.302062780649115048e+01 4.427201183707730934e+02 8.879927763185005318e+00
1.530900982117673692e+01 4.438552947544789617e+02 8.934810210918582740e+00
1.796300258874218514e+01 4.451574071370428101e+02 9.098911467745766757e+00
2.144241450670427085e+01 4.466545043164870208e+02 9.476747979697481838e+00
2.343382899741940406e+01 4.476235997629083840e+02 9.527502027850117017e+00
2.668124930132630013e+01 4.493191222280447619e+02 9.666523183503208827e+00
2.923106350993377234e+01 4.503358325918261471e+02 9.926417137432633098e+00
3.357646556721154951e+01 4.524789397595128548e+02 1.015783917954801829e+01
3.624000222695450901e+01 4.537020630961659435e+02 1.011226999371966073e+01
3.853183002883231012e+01 4.546763092342264940e+02 1.029974849797497249e+01
4.236067427741027558e+01 4.565664008765580775e+02 1.027920154395700614e+01
4.585971370281347248e+01 4.580901162015478008e+02 1.033215752955242728e+01
4.624187165895095575e+01 4.580358463274112637e+02 1.036064338600783685e+01
4.911849325831630608e+01 4.581081946140326977e+02 1.024338979390383386e+01
5.307799947729537848e+01 4.581419984478273477e+02 9.915393219747192788e+00
5.658955867213311564e+01 4.581530440870924394e+02 9.916724863080816021e+00
6.148035615093149886e+01 4.582443658000935329e+02 9.765391295327853882e+00
6.527628704114388825e+01 4.583106066709123070e+02 9.437810777053027067e+00
6.755467502773223032e+01 4.585181218926287556e+02 9.475995687917947663e+00
7.010655385386739624e+01 4.584066422318723539e+02 9.305033449132848133e+00
7.353444073423918326e+01 4.586706780783941326e+02 9.297659595020341783e+00
7.607934644910959321e+01 4.585998076056722539e+02 9.186800148427430202e+00
7.855729772133361166e+01 4.586267313184164323e+02 9.221573333641851278e+00
8.392055827769104326e+01 4.587138920359257099e+02 9.157519297500927635e+00
8.586357925422008464e+01 4.588166209862260416e+02 9.170065210062428918e+00
8.607002713088506596e+01 4.620105289525821490e+02 9.489277088648851333e+00
8.617336083508348565e+01 4.648036169202555357e+02 9.475902966523211290e+00
8.656975297018742310e+01 4.696826121169812609e+02 9.741349898009199038e+00
8.678769183393262665e+01 4.723172586559768433e+02 9.926790494314490232e+00
8.687790608099167855e+01 4.747025949204344215e+02 1.006589192442183389e+01
8.698450478924803519e+01 4.770771183897664400e+02 1.015946092637873122e+01
8.725577950299954466e+01 4.821554135626270181e+02 1.041216537826400490e+01
8.773051324944813700e+01 4.871408171669987155e+02 1.041144757834035595e+01
8.944580433342419212e+01 4.871827575202300409e+02 1.058615569958754143e+01
9.273686080492129236e+01 4.871986421967546335e+02 1.061538634472957376e+01
9.533719310506718614e+01 4.874460756137498265e+02 1.068329914060667818e+01
9.782873323704578183e+01 4.873958473526866442e+02 1.091108467658353298e+01
1.003665809153239934e+02 4.876649235540236873e+02 1.104475697940173085e+01
1.040862307605357273e+02 4.876877134533215212e+02 1.111417340118758368e+01
1.064136700689927721e+02 4.878541813285947342e+02 1.123408453188737255e+01
1.086669483038885033e+02 4.880022841807980285e+02 1.119919001650137069e+01
1.110673677005975435e+02 4.879950705101308586e+02 1.119456575346912786e+01
1.134988367334444774e+02 4.881898476908429529e+02 1.139378314217382915e+01
1.161306504071653336e+02 4.882695866572607883e+02 1.126854495542517398e+01
1.187327382969995142e+02 4.883797726934118373e+02 1.132226518457874320e+01
1.212838296865627683e+02 4.883465719089771255e+02 1.137594714763220161e+01
1.250133221631604385e+02 4.885654638349600987e+02 1.117884898538286009e+01
1.275149146450052058e+02 4.885723715992334633e+02 1.123197734856924512e+01
1.302007523812665113e+02 4.886527760597567180e+02 1.106198046872268570e+01
1.324252748654076584e+02 4.887219086046429197e+02 1.094433838188754748e+01
1.349603173140721140e+02 4.889245122106013923e+02 1.100481858713215999e+01
1.360697931217807479e+02 4.889913364143955050e+02 1.087177557506397818e+01
1.364248707268268674e+02 4.885116940369121039e+02 1.092361661445450771e+01
1.383500788347848527e+02 4.866853607015546572e+02 1.055741322699617157e+01
1.411344344065249743e+02 4.841037353062071702e+02 1.037423839547980542e+01
1.430410438792940511e+02 4.824556148830513962e+02 1.018130637922765125e+01
1.448591613829810285e+02 4.806703056102432470e+02 9.970990141982193578e+00
1.474671491806532799e+02 4.782392521888036185e+02 9.690206448213817936e+00
1.494883976142145627e+02 4.764166437843309154e+02 9.516807613908303765e+00
1.512370365200197853e+02 4.747613120214552396e+02 9.202827802531034607e+00
1.540899704330311408e+02 4.721472807383401005e+02 8.738008937171310109e+00
1.569049237478662633e+02 4.696581870463105588e+02 8.532277841193769419e+00
1.586229301256690292e+02 4.680530342671075346e+02 8.426575707141996219e+00
1.603600457789464144e+02 4.662018511096908924e+02 8.102122266711253573e+00
1.616496209656682197e+02 4.652383327354248763e+02 8.240900151192509071e+00
1.627279750487691956e+02 4.655842342522078638e+02 8.278187704099130073e+00
1.651394599290194378e+02 4.665453331884455110e+02 8.144594341251460534e+00
1.674644025959152316e+02 4.673890781785244712e+02 8.075834093643049272e+00
1.712677151890234768e+02 4.688346622491039852e+02 8.099436982979641542e+00
1.776387191984304650e+02 4.712618629904544605e+02 8.081632377130338440e+00
1.799593497270222713e+02 4.720406196553917653e+02 7.992483877034678663e+00
1.835247388940023825e+02 4.734872966235042782e+02 8.136278120569059524e+00
1.883578723759840159e+02 4.752348339711334688e+02 8.025315038425349101e+00
1.907755791718990963e+02 4.762192542369610351e+02 7.923786901851255671e+00
1.932104282889735032e+02 4.770655092061409164e+02 7.936522132498517124e+00
1.956016065915929403e+02 4.779864403101744301e+02 7.946023195739138956e+00
1.962572545435537847e+02 4.783081655374392085e+02 7.979804165868029209e+00
1.977393686112253306e+02 4.747186146634668944e+02 7.677787525951538683e+00
1.992876862939018565e+02 4.712290775343627729e+02 7.655320380640792344e+00
2.015639825864159036e+02 4.658553564675685266e+02 7.304993028915205855e+00
2.027164491161875333e+02 4.634924060048533647e+02 7.319069680186150784e+00
2.036121069067255007e+02 4.612024964461473928e+02 7.332900890288511775e+00
2.046047736164582034e+02 4.589310427617225514e+02 7.163620373012157927e+00
2.060592458805686249e+02 4.556433238753397177e+02 7.122589025029783194e+00
2.069491213387794346e+02 4.532884149964866651e+02 7.049340915254185269e+00
2.083673980469488072e+02 4.498621801450206021e+02 6.970817537175379996e+00
2.092565395813532803e+02 4.478894920672674402e+02 6.832917047979727876e+00
2.102013245941017487e+02 4.454592621098831273e+02 6.667950460629957554e+00
2.117452597170140791e+02 4.419774832605530150e+02 6.582169193573160548e+00
2.124303015865427540e+02 4.406363919566116465e+02 6.597642879929823678e+00
2.122315758455841888e+02 4.383973815962384037e+02 6.389199847741624083e+00
2.116393417047204650e+02 4.344668546142597734e+02 6.290420949373467963e+00
2.114705215516337091e+02 4.320096869727939861e+02 6.167125768426704902e+00
2.109483034715956364e+02 4.282141278423065387e+02 6.052660885608955432e+00
2.103588380724229410e+02 4.233996359971282004e+02 5.886587568152891414e+00
2.101421463941441345e+02 4.207806177782557029e+02 5.521555257091860902e+00
2.097099660578323608e+02 4.182241233078171945e+02 5.560360301725988386e+00
2.093535786067774040e+02 4.148093651410523535e+02 5.416708820476436870e+00
2.089550602371856201e+02 4.109519084631215833e+02 5.186824240122036578e+00
2.087219224344757720e+02 4.082431716430306778e+02 4.772478150771207517e+00
2.083945235686736055e+02 4.057879400624031518e+02 4.689576057410913101e+00
2.101681884528152864e+02 4.035464023916142651e+02 3.958997518474148603e+00
2.125821117913929186e+02 4.010347078945611656e+02 3.694647686089752803e+00
2.144169733510993296e+02 3.991032702964558325e+02 3.083047698131670789e+00
2.160932122935251414e+02 3.971056778226259212e+02 2.764085057359004782e+00
2.188182853074949037e+02 3.943021373328165282e+02 2.339542589783172755e+00
2.205957537219582321e+02 3.925087653037306268e+02 1.870595355523048786e+00
2.221537588498008517e+02 3.907335957471871666e+02 1.158224518159718386e+00
2.245792706067429094e+02 3.880295928236698160e+02 8.304567700717995216e-01
2.273803751986323505e+02 3.849449883492688400e+02 -3.393247763064669020e-01
2.316252588162915629e+02 3.803467092894106258e+02 -5.530991666502400594e-01
2.318973868158907976e+02 3.800477653612314839e+02 -6.646504684529798146e-01
2.327317874520869907e+02 3.800098720417392997e+02 -7.564877998474287546e-01
2.350851236039494552e+02 3.798938359315853859e+02 -1.280971622262410126e+00
2.375534989476137469e+02 3.798002892378545994e+02 -1.506814532565058373e+00
2.401108554720764232e+02 3.797971469149296126e+02 -1.819060393100875084e+00
2.438128304548145593e+02 3.796003731722752264e+02 -2.216906950183601399e+00
2.463229238897563960e+02 3.793962719862628319e+02 -2.566570031666448592e+00
2.488343053744163171e+02 3.792576372529985065e+02 -3.226947415175488665e+00
2.525690950324739390e+02 3.791614364470069063e+02 -3.522701789832233032e+00
2.550816967857067254e+02 3.791180812421899304e+02 -3.616081303266526437e+00
2.574741046588522408e+02 3.791006084587984333e+02 -3.915600744622830476e+00
2.600737687801234870e+02 3.789970622762053267e+02 -3.985594777080122331e+00
2.650143069479973974e+02 3.786788558310549320e+02 -4.394245556700834499e+00
2.662357434487197452e+02 3.786752829008453887e+02 -4.339291720769855587e+00
2.710798922269639206e+02 3.797847270693376345e+02 -4.571811152460564465e+00
2.734883800926265280e+02 3.802605832870709719e+02 -4.852652948284057466e+00
2.795869690952205815e+02 3.814670758647216644e+02 -4.887050109277462973e+00
2.819571975217760951e+02 3.819373696350133400e+02 -5.071837612029065134e+00
2.843382753430039429e+02 3.825327046713370009e+02 -4.839590602368205374e+00
2.870221876385097630e+02 3.830931156935455419e+02 -4.934071724738259945e+00
2.894518402825148655e+02 3.835451169529558797e+02 -5.000863523259490684e+00
2.918354506929939589e+02 3.841654006112760271e+02 -4.959381047036468537e+00
2.956928585168735708e+02 3.849047273731459313e+02 -5.005947421908946815e+00
2.978770116998423418e+02 3.853597778627792536e+02 -5.181732214101182343e+00
3.003715557712963005e+02 3.860286083994332671e+02 -5.112487737512850572e+00
3.029548656245603411e+02 3.865590602293457891e+02 -5.143037888430229465e+00
3.054775214264457190e+02 3.869934409610577291e+02 -5.080890875730582401e+00
3.114325109988351983e+02 3.883318048900550252e+02 -4.988903893340145501e+00
3.130464675274726005e+02 3.869960801362570351e+02 -5.208884998583397596e+00
3.148730294394262614e+02 3.852421684937248187e+02 -5.482151837072354539e+00
3.175046414331876008e+02 3.827753540146846376e+02 -6.077080900382025419e+00
3.194658763518642672e+02 3.811214617320145521e+02 -6.279416243125349517e+00
3.223453950165023798e+02 3.785076091556480833e+02 -6.390481736750120767e+00
3.241416393239449576e+02 3.768446619812289669e+02 -6.769208337308148415e+00
3.259985519110244923e+02 3.751901948490790346e+02 -6.970024740025837495e+00
3.287222919718303160e+02 3.726947874337528788e+02 -7.434916217798807736e+00
3.314102527250198591e+02 3.702038555643870836e+02 -7.502516897789655914e+00
3.332515951313150708e+02 3.684326523700898974e+02 -7.633512809115358344e+00
3.358871342036506462e+02 3.659194339123393434e+02 -7.788958289821837688e+00
3.370101759867949340e+02 3.650057190669576244e+02 -7.682902207472016798e+00
3.391276674420183781e+02 3.661307599378754958e+02 -7.800320282192385157e+00
3.414035624820233465e+02 3.672890538609423743e+02 -7.736753116496895011e+00
3.435298637166017670e+02 3.686668632743990770e+02 -7.594972889762728663e+00
3.468557879192417204e+02 3.704727892836335172e+02 -7.523442917983475198e+00
3.491092378656480832e+02 3.716900355666863902e+02 -7.285311543500063713e+00
3.512093867423595839e+02 3.729471868792023770e+02 -7.339586943399728725e+00
3.555468597136656399e+02 3.753225857919898658e+02 -7.249943101587446925e+00
3.589649351410714644e+02 3.770099252824791165e+02 -6.906300614652503000e+00
3.610266256149160427e+02 3.782967552606914410e+02 -6.696708665659143911e+00
3.630096496752921666e+02 3.795020945943623474e+02 -6.316977288102935795e+00
3.663399418952189421e+02 3.812520640409628072e+02 -6.204803812841530153e+00
3.685786463406574285e+02 3.824920671736003897e+02 -6.170470456045857865e+00
3.720499943387198982e+02 3.844225259467696105e+02 -5.765378614169682336e+00
3.742665031760459442e+02 3.855700504996185032e+02 -5.608115505223280728e+00
3.763776939990814299e+02 3.867915128247219627e+02 -5.424939487646224023e+00
3.796838710602524998e+02 3.885935047293726825e+02 -4.703055644788951994e+00
3.819056846715217830e+02 3.899642006784070531e+02 -4.581097149348391184e+00
3.840806242373082000e+02 3.910804633996166331e+02 -4.102812541673289459e+00
3.868816282220537914e+02 3.926517383353483410e+02 -4.006402149727813722e+00
3.870571436020823626e+02 3.929269416600841964e+02 -3.648497359176985810e+00
3.883344338741322304e+02 3.963834045177211465e+02 -3.128477201547307018e+00
3.893036017339631485e+02 3.986427852460619192e+02 -2.849220740759287107e+00
3.915966808980742826e+02 4.046544573989771152e+02 -2.146769697850607006e+00
3.930123706471165974e+02 4.081445779967360750e+02 -1.557219072676520710e+00
3.938781699499230626e+02 4.105743074941777309e+02 -1.001863308869797020e+00
3.949130057025411134e+02 4.128533628675621117e+02 -5.886567517020804274e-01
3.960886108176626408e+02 4.164559747396878038e+02 -2.811034245066052484e-01
3.970247366369565043e+02 4.186867760342541374e+02 1.462034113730729668e-01
3.983343309928041549e+02 4.222086050390306582e+02 1.000672946056763379e+00
4.002486026933765970e+02 4.268895565489283399e+02 1.363067702139720172e+00
4.010155957944216425e+02 4.291890435814078728e+02 1.567993937257558867e+00
4.020444798604327161e+02 4.316392874625448712e+02 1.942508672029175765e+00
4.028595408491849525e+02 4.340544351442145512e+02 2.285528969200421034e+00
4.037548152514175968e+02 4.363208281977624665e+02 2.485964831599549285e+00
4.047252947283027424e+02 4.386123281480476521e+02 2.857950052999067125e+00
4.056664071147019968e+02 4.409377990970049837e+02 3.235364816608786498e+00
4.077887378139834027e+02 4.466047619259247767e+02 3.683131074991179421e+00
4.080615947366150067e+02 4.471352036819347404e+02 3.581187833135228704e+00
4.094132348757296995e+02 4.473122173831120563e+02 3.919470210254294429e+00
4.120843630925610910e+02 4.476039277101418179e+02 4.339183439921096230e+00
4.144768174483746748e+02 4.479413519499032077e+02 4.545779882812138517e+00
4.182240015178818453e+02 4.482643480417681872e+02 4.693187965655017280e+00
4.219625407113545634e+02 4.487004910007343597e+02 4.890822194007491852e+00
4.244764060966373904e+02 4.490885708399790701e+02 5.168312711427606843e+00
4.280079583006581174e+02 4.495138789826050356e+02 5.271883195398300970e+00
4.303744736016771526e+02 4.498603006121322210e+02 5.649586926488685990e+00
4.330267009143569226e+02 4.501750656355550291e+02 5.801037491795589141e+00
4.367362965089711224e+02 4.506321782317248790e+02 6.257032239244980865e+00
4.391592359741545124e+02 4.509089929920659756e+02 6.279269249913642881e+00
4.428037296297841863e+02 4.513838521285013030e+02 6.368718068941446653e+00
4.453601677117239888e+02 4.516256072066788647e+02 6.626328496675673918e+00
4.493521068701873560e+02 4.522395764257024666e+02 6.792820639109669933e+00
4.514852414641544556e+02 4.525016637129273818e+02 7.440222013497094444e+00
4.567442886110504219e+02 4.530590779450757282e+02 7.732358037826148056e+00
4.593701597415699780e+02 4.533348389690627869e+02 7.932551789697273925e+00
4.619803837971610960e+02 4.535890898363517749e+02 8.073346279215625643e+00
