4.932091057605797468e-02 7.777842231624351732e-02 3.317113702071350900e+01
-1.558707021875840759e+00 -2.863637343418018455e-02 3.270483534167556172e+01
-5.294559954916493005e+00 8.823157035507483981e-02 3.269701036680013573e+01
-7.645257574156969049e+00 9.318645482911959432e-02 3.445572855826355863e+01
-1.018199924792372180e+01 -4.614538740041500969e-02 3.516966099266640100e+01
-1.058543612109603771e+01 -1.519933832362141968e-01 3.504970132335907351e+01
-1.308421294051916028e+01 -9.173731460147559469e-01 3.556663123276456417e+01
-1.554693557251147418e+01 -1.641826743594745786e+00 3.576782803289543722e+01
-1.801850572263953865e+01 -2.471620684960408099e+00 3.593209872490598400e+01
-2.022821116523633123e+01 -3.394417029014338283e+00 3.495733423376780991e+01
-2.361903139889721714e+01 -4.483488113792400753e+00 3.375519244189466406e+01
-2.594670751549897147e+01 -5.203390642004032784e+00 3.332494537678494595e+01
-2.828497891197879355e+01 -5.901842203932595510e+00 3.660279913455406131e+01
-3.058213168571586138e+01 -6.768461814814205724e+00 3.804510484836767858e+01
-3.294897162245182187e+01 -7.332416920255164783e+00 3.737460063156684953e+01
-3.599745928406211704e+01 -8.495218442228940958e+00 3.638072061176953298e+01
-3.754273631647002674e+01 -9.864801602325478314e+00 3.483474619288283236e+01
-3.938265371746879850e+01 -1.175061099774921836e+01 3.288020999844570014e+01
-4.107343471107052579e+01 -1.349267472228730291e+01 3.119015018785216853e+01
-4.456813066899338338e+01 -1.695359977060738998e+01 3.029034465585128189e+01
-4.637947422412411669e+01 -1.885117370608561416e+01 2.967415914217701101e+01
-4.731278657146388156e+01 -1.975446023007694407e+01 2.936572640010886914e+01
-4.700405453063916639e+01 -2.061744929596720866e+01 3.033647529356919748e+01
-4.625008480116495235e+01 -2.314327506048670458e+01 3.284057956272835810e+01
-4.494860039135026142e+01 -2.677726100148719013e+01 3.507002112366187419e+01
-4.419961137593800515e+01 -2.905451196984313000e+01 3.737888294235765585e+01
-4.307400046893332757e+01 -3.275434822488662689e+01 4.039985182801543573e+01
-4.237672931537945686e+01 -3.528421981211763381e+01 4.079057024948159693e+01
-4.120553848454743218e+01 -3.813432612297260249e+01 4.080872173108646450e+01
-4.363267154934251835e+01 -4.106813738508692779e+01 3.721478807568386316e+01
-4.519855302546974229e+01 -4.288789344294058736e+01 3.362074953133477351e+01
-4.644694484752309904e+01 -4.477929137676543547e+01 2.971277627009562039e+01
-4.721908733238654321e+01 -4.568832757266329025e+01 2.800263042140876379e+01
-4.755366010020000545e+01 -4.595040609385802099e+01 2.713505992881006179e+01
-4.572226304515314155e+01 -4.653439839600321193e+01 3.017943169862539321e+01
-4.114156158813317887e+01 -4.772030512793671164e+01 3.088249833190290161e+01
-3.912714390765873418e+01 -4.825345473154724374e+01 3.111312684326021483e+01
-4.001600784801063782e+01 -4.774300153082148057e+01 3.237915489324208806e+01
-4.188269635563755600e+01 -4.612253329717652406e+01 3.379744615741400082e+01
-4.377576094443443111e+01 -4.480346848037151375e+01 3.384300575457023541e+01
-4.629182267346282487e+01 -4.272357331392215229e+01 3.215841270804090613e+01
-4.709170560708644615e+01 -4.217995881444814898e+01 3.158231449396589952e+01
-4.630299636566118693e+01 -4.283575606837793970e+01 3.347390017059395007e+01
-4.417145516293047081e+01 -4.407535941019335013e+01 3.439466917691365921e+01
-4.202835498354777144e+01 -4.557436182342907927e+01 3.372425666249520049e+01
-3.891436868031912155e+01 -4.742079985114925478e+01 3.162459622185039620e+01
-3.861284989635043274e+01 -4.755900378335450540e+01 3.174144615052609453e+01
-3.886395358390058163e+01 -4.774719528110606603e+01 3.175518082503538153e+01
-4.140203999829871861e+01 -4.783448266844255414e+01 3.038298649533743756e+01
-4.395455682609503612e+01 -4.814271677394017246e+01 2.845715489961677136e+01
-4.560497135718015471e+01 -4.813269480859379712e+01 2.689806165178070074e+01
-4.695103502411058116e+01 -4.829827807402054418e+01 2.511139032252443570e+01
-4.725551509955825225e+01 -4.568322529800789766e+01 2.822853090446355395e+01
-4.779720830597720038e+01 -4.195352524956234674e+01 3.113015226909760713e+01
-4.798317054673596971e+01 -4.049932183728023460e+01 3.105028000882106554e+01
-4.700477938780431941e+01 -4.134998292912163009e+01 3.292345013178397295e+01
-4.451894540146808765e+01 -4.417775201810196961e+01 3.356402295717877138e+01
-4.204650085388973935e+01 -4.675133189388866128e+01 3.196991130353005417e+01
-4.176029716744185549e+01 -4.712048388149207767e+01 3.146555067909747194e+01
-4.249823029745716951e+01 -4.616741263689836927e+01 3.377716218414339266e+01
-4.433156326454525953e+01 -4.381408400349987176e+01 3.400578533618816834e+01
-4.603674933005692793e+01 -4.186412337138867912e+01 3.258038616173151780e+01
-4.710055467942395069e+01 -4.048190431638084164e+01 3.223163742974617918e+01
-4.656410318735211007e+01 -4.102754230831660465e+01 3.296846727606362748e+01
-4.486183411719630953e+01 -4.283577903879983495e+01 3.469210341011784493e+01
-4.305949142816506026e+01 -4.468004056074651942e+01 3.459804587348428129e+01
-4.092904191195608377e+01 -4.680893134789507570e+01 3.227021340116791492e+01
-4.030712296069032163e+01 -4.755212546185975242e+01 3.156804038427229742e+01
-4.182986635341335102e+01 -4.619167684841670507e+01 3.332033548200706008e+01
-4.608571585508193635e+01 -4.209435991620128448e+01 3.267963263398726070e+01
-4.690037022541588385e+01 -4.152632758351149533e+01 3.205572324527725669e+01
