-9.863249634312345471e-01 -8.573602607518902852e-02 3.288674349301064836e+01
-1.733425070550124403e+00 2.768821329800536576e-03 3.273819081451546253e+01
-4.087652792775420707e+00 -4.424195460075954628e-02 3.215717555550709505e+01
-6.662092109849981014e+00 6.956537934507517860e-03 3.267624565609671095e+01
-9.076905263284441361e+00 -3.918945346637733168e-02 3.437187161693529447e+01
-1.295521876391829252e+01 -9.418175775161738983e-01 3.568466528884974309e+01
-1.548545189587204618e+01 -1.634015007962270838e+00 3.597668284542518080e+01
-1.761212080243297251e+01 -2.240534116481354587e+00 3.589763859109846322e+01
-2.192917126596099564e+01 -3.501116053038189069e+00 3.466729733192848073e+01
-2.438652574402709305e+01 -4.038957517296934974e+00 3.317900763525932462e+01
-2.683965830654419804e+01 -4.879029760777451763e+00 3.290333381479754848e+01
-2.941265294208366043e+01 -5.380344085380130537e+00 3.560746881706746336e+01
-3.133272023874046042e+01 -5.914623452178493501e+00 3.718226190800757536e+01
-3.219670530031432776e+01 -6.245809633459755261e+00 3.703803474690978703e+01
-3.289006011097986004e+01 -6.386719160688844710e+00 3.695449621047276167e+01
-3.543373016214095372e+01 -6.911341751350629892e+00 3.592665644126620350e+01
-3.907763432501132428e+01 -7.643079898927254590e+00 2.979574974344257399e+01
-4.274647603590960898e+01 -8.335333793116850742e+00 2.778867359706304541e+01
-4.400968679135424111e+01 -8.578186484449336291e+00 2.766253062423265163e+01
-4.436024702766425776e+01 -1.020647245280253301e+01 2.829220881569069945e+01
-4.472275976039724554e+01 -1.262171116125928272e+01 2.843795086463519084e+01
-4.536084252345081325e+01 -1.602383693755821881e+01 2.905966777540896828e+01
-4.567631368331919361e+01 -1.855720419775546759e+01 3.023913488633879609e+01
-4.621561138926340107e+01 -2.084256948716663160e+01 3.147459079299215645e+01
-4.668631254077043025e+01 -2.451488861288158816e+01 3.260217459153282960e+01
-4.730477593554989113e+01 -2.787282241859491450e+01 3.222079673266977551e+01
-4.761945317412688894e+01 -3.034881135688459608e+01 3.156030440783191438e+01
-4.814379828526019622e+01 -3.270519987367195824e+01 3.175845928420409336e+01
-4.850399065232983986e+01 -3.485006641750190681e+01 3.176379579771121797e+01
-4.844339897845645737e+01 -3.647361096834960392e+01 3.204191725352991682e+01
-4.843599267273827280e+01 -3.884323101602746675e+01 3.084946432355536672e+01
-4.854291108690129875e+01 -4.137937707038933155e+01 2.956164331356355390e+01
-4.840406964581994487e+01 -4.366238925158300077e+01 2.757455933857052344e+01
-4.850869322209469203e+01 -4.656342407480405399e+01 2.560236740976686676e+01
-4.846903148386866889e+01 -4.690905447909288029e+01 2.503094861777980285e+01
-4.630812479178260332e+01 -4.730415600900064987e+01 2.792050349525743513e+01
-4.430625431756153887e+01 -4.764693739815875517e+01 2.968854181646460333e+01
-4.211520783194972495e+01 -4.811698966545878875e+01 3.059905125742496779e+01
-4.070430562033125454e+01 -4.837882522956219589e+01 3.062911110002788106e+01
-3.797957180754571027e+01 -4.847274402345556865e+01 3.099519551949319762e+01
-3.522431696676615331e+01 -4.853157877368384021e+01 3.156853125351106826e+01
-3.402964755517475481e+01 -4.863380571407723352e+01 3.170574490857777761e+01
-3.167070430622119304e+01 -4.855233284389583304e+01 3.184491678974626439e+01
-2.895604657191881515e+01 -4.862926337943859068e+01 3.040622196073654138e+01
-2.718845846033166325e+01 -4.859342582088812890e+01 3.005209634534057983e+01
-2.867454780201520137e+01 -4.721520823248457788e+01 3.337147536497821676e+01
-3.063863922216761537e+01 -4.554639891442660371e+01 3.706084038365295896e+01
-3.270559490991613671e+01 -4.384660294087817789e+01 4.001102070494744112e+01
-3.421419060295585268e+01 -4.240660298800370498e+01 4.026936967960239144e+01
-3.380515366273582600e+01 -4.255045050360269698e+01 4.016753443545372448e+01
-3.138273984434123420e+01 -4.354901032254053916e+01 3.897971058628540675e+01
-2.818822683762218873e+01 -4.484710396407955102e+01 3.449055752428331800e+01
-2.564916505167931504e+01 -4.575257882905447104e+01 3.131532491403558538e+01
-2.233285747501550489e+01 -4.694964761289606514e+01 2.920319223303411604e+01
-2.026288354795006441e+01 -4.781006472546352626e+01 2.917271035971461046e+01
-1.859103624661419829e+01 -4.792335560343149581e+01 2.847095328246702550e+01
-1.405875468796243766e+01 -4.843288183652096990e+01 2.760888135992853165e+01
-1.224471882716443005e+01 -4.863597244133612207e+01 2.687763012501261528e+01
-9.753045338866622060e+00 -4.864217281627720979e+01 2.451669320566546162e+01
-7.255440729389768251e+00 -4.854759214793609345e+01 2.213552107477136488e+01
-4.736260328403739450e+00 -4.858943731768250274e+01 2.108731166004773883e+01
1.138125767589573956e-01 -4.861322317512560431e+01 1.887185448280768085e+01
2.533276745278210118e+00 -4.846563681281459424e+01 1.936018559250525328e+01
5.142552507601845235e+00 -4.848019880552885752e+01 2.000079515258505580e+01
9.087701833400533502e+00 -4.839164535108596965e+01 2.005932304896504448e+01
1.156577971001717309e+01 -4.848122472369712455e+01 1.985084272564732188e+01
1.191450662591058496e+01 -4.843826586923309208e+01 1.979960310365492404e+01
1.224263670183093211e+01 -4.840139758607502074e+01 1.925345763729767512e+01
1.491151133354267166e+01 -4.843085304169701288e+01 1.841565191878326502e+01
1.834278195863174332e+01 -4.853058248908948258e+01 1.893376464146526317e+01
1.993750636513168217e+01 -4.837725187632237578e+01 1.976408473695409640e+01
2.241778972707344053e+01 -4.839135914119001569e+01 2.138145979510955286e+01
2.618399943525560047e+01 -4.841534233957360556e+01 2.040287602100202591e+01
2.887436620064793047e+01 -4.842360217698615799e+01 1.793824611277779013e+01
3.253380585341221121e+01 -4.836624874343325331e+01 1.683831121512228890e+01
3.750747013250666129e+01 -4.852415072098877147e+01 1.711174856653386200e+01
4.005976959606203991e+01 -4.855846784314561404e+01 1.753661676005517478e+01
4.266792575273783683e+01 -4.849794884458388111e+01 1.790558533521476647e+01
4.513741015936610523e+01 -4.849482216323556827e+01 1.655998862042745046e+01
4.660578798216575791e+01 -4.856006046462030667e+01 1.648470757901361594e+01
4.732119760244965079e+01 -4.508838856225472824e+01 1.704516016137560541e+01
4.826356819408998433e+01 -4.154678454943103105e+01 1.677871683674011294e+01
4.836316307646377766e+01 -4.102439958751370597e+01 1.672280916982910881e+01
4.367046268334116377e+01 -4.252244549066783463e+01 1.669028291787411433e+01
4.146489630910819812e+01 -4.326683272033877614e+01 1.721295164508403985e+01
4.045721454885477897e+01 -4.357660200599919875e+01 1.737227162161486760e+01
4.336238236791668754e+01 -4.118048482190364723e+01 1.618414894575137808e+01
4.525917588793929269e+01 -3.965746725748346790e+01 1.579470609372414991e+01
4.691846650864029300e+01 -3.825930611486030841e+01 1.632500769650604866e+01
4.734543761340049883e+01 -3.771590016353230368e+01 1.622951217591940321e+01
4.744998864038430497e+01 -3.659226690306563512e+01 1.610475829395908676e+01
4.750611141205074972e+01 -3.424084301213355275e+01 1.589067412253628575e+01
4.748438348873295922e+01 -3.182421682284514475e+01 1.519954853217411461e+01
4.747466803643441580e+01 -3.031817988001251862e+01 1.519043555813765600e+01
4.754835146928548539e+01 -2.784809275375499027e+01 1.497298777213219445e+01
4.782173738524351592e+01 -2.542063502241563100e+01 1.541343351502795045e+01
4.793825298700892290e+01 -2.375401802407472474e+01 1.546404778035565641e+01
4.588916437830162920e+01 -2.531005504708919673e+01 1.484358900146473026e+01
4.402556121794125943e+01 -2.691769358907391307e+01 1.446310276640725512e+01
4.213416232788324578e+01 -2.843371648181302191e+01 1.508902898423530559e+01
3.921587400363814169e+01 -3.068805781406529221e+01 1.766013267962350142e+01
3.659584160787507301e+01 -3.275255216807382652e+01 1.890185107280527532e+01
3.464595858197755973e+01 -3.439200448857117465e+01 2.007104962810190329e+01
3.073474355167794769e+01 -3.767859798968682838e+01 2.029887543838005470e+01
2.879939988357434189e+01 -3.922704887341885183e+01 2.075190457757430451e+01
2.837425624197489782e+01 -3.943031741364223564e+01 2.085320652055858304e+01
2.580647252622360455e+01 -3.990720508379089893e+01 2.296130449486623348e+01
2.333949856551338797e+01 -4.024814832028928180e+01 2.453673301030847398e+01
2.080377737419805229e+01 -4.044126830737664591e+01 2.536731722438245029e+01
1.818084901012773003e+01 -4.038045909074099171e+01 2.598295661833985548e+01
1.430982518718087348e+01 -4.014979869660265877e+01 2.365211480365721641e+01
1.041688129511241456e+01 -3.995962680956778001e+01 2.225362822408909125e+01
6.834751032695448814e+00 -3.977670876565532865e+01 2.045979393490005194e+01
4.587797586211570966e+00 -3.954880504776389216e+01 2.070272610715308659e+01
2.388815699278690197e+00 -3.945203787726223510e+01 2.316074082282816349e+01
-2.476712612681982062e+00 -3.928770162493158580e+01 2.511287695739517289e+01
-4.302064631472919842e+00 -3.916490011416897943e+01 2.781416229174189425e+01
-5.274904311117266431e+00 -3.904449836655842176e+01 2.769661704917733402e+01
-7.413108096606335629e+00 -3.777304616686326710e+01 3.445045347354007248e+01
-9.498133333371896470e+00 -3.638094383100213491e+01 3.857229759755902876e+01
-1.243169174098419028e+01 -3.469200491340738779e+01 4.182546227719843301e+01
-1.558041492045174081e+01 -3.283993966461726899e+01 4.577918908969810730e+01
-1.781302535979839874e+01 -3.148091983083604362e+01 4.665228269310485132e+01
-1.916431728210584140e+01 -3.068728490971077960e+01 4.679436168599731616e+01
