-1.123545981676030037e+00 -1.094232252590421860e-02 3.253089633053829743e+01
-3.739833259822242351e+00 5.666714920477173428e-02 3.240917542208941171e+01
-7.545696872605160976e+00 5.714126445713910846e-02 3.397656114930116189e+01
-1.119050617226276678e+01 -2.345142943223690879e-02 3.569149043496357621e+01
-1.354715251360781103e+01 -6.432468529824126868e-01 3.578761162423160869e+01
-1.595290811961529442e+01 -1.437857062338345759e+00 3.594459867274236586e+01
-1.735692641712355666e+01 -1.910299060161178231e+00 3.585908018065591563e+01
-2.085556624086953903e+01 -3.136369321618678985e+00 3.411569593243481080e+01
-2.309137325223496973e+01 -3.902536655582798275e+00 3.318465171086042176e+01
-2.893120890241391052e+01 -5.815976882859470010e+00 3.650589969240913035e+01
-3.275571527120486337e+01 -6.930852900583237997e+00 3.666827120177971722e+01
-3.504623898091543310e+01 -7.815939209230672979e+00 3.667165988456373071e+01
-3.562475130654571132e+01 -8.308522499754133150e+00 3.629071239207693367e+01
-3.785083910320425815e+01 -1.060992727607285246e+01 3.472724694861798866e+01
-4.050339017127592456e+01 -1.328509344385121871e+01 3.191839616869309992e+01
-4.132106564057231424e+01 -1.408481907781162512e+01 3.190621806223004953e+01
-4.303485570450681763e+01 -1.577456304675114396e+01 3.072689473784388170e+01
-4.542092847169733005e+01 -1.808679554109803078e+01 2.987625090494467273e+01
-4.713843766564313853e+01 -1.993263124724801472e+01 2.965779275118037717e+01
-4.666099646937157530e+01 -2.231084583033855751e+01 3.336794958191637761e+01
-4.591670619193191527e+01 -2.601823780037521772e+01 3.432627799170598593e+01
-4.536238466661435353e+01 -2.842147088910788000e+01 3.574030942997580240e+01
-4.461847797214387157e+01 -3.204203158577796273e+01 3.774261071754573038e+01
-4.378886853373956711e+01 -3.562796615587667759e+01 3.841771445451787059e+01
-4.324028487302791746e+01 -3.814758500951703724e+01 3.886853731607735796e+01
-4.251958465098500994e+01 -4.185009974603435978e+01 3.651754510512931517e+01
-4.187194044820272154e+01 -4.444047154896725971e+01 3.591179357369380654e+01
-4.455224318164415109e+01 -4.163510925126097817e+01 3.547097462333253759e+01
-4.598106852109135190e+01 -3.989620288095667178e+01 3.318151603890959223e+01
-4.729156506340330424e+01 -3.850794206774053663e+01 3.260123795777403188e+01
-4.653095829769160474e+01 -3.971407905236821989e+01 3.400408364957667118e+01
-4.596929040788443643e+01 -4.078636999130193175e+01 3.456411855098760810e+01
-4.313104110272554692e+01 -4.591068400341632838e+01 3.297175013185137260e+01
-4.232939741147984591e+01 -4.715339269815326162e+01 3.104572197121421340e+01
-4.305343900674581903e+01 -4.593198823031931255e+01 3.449144354981257976e+01
-4.476616219040782596e+01 -4.274216580999856774e+01 3.428174637394381818e+01
-4.637999699239320250e+01 -3.946957025567900246e+01 3.351643523964906990e+01
-4.704629963361261247e+01 -3.808588583832754182e+01 3.291717874350324280e+01
-4.661823850450866047e+01 -3.946119451933619615e+01 3.367798015096545328e+01
-4.534690473829439838e+01 -4.325191043157516191e+01 3.314261762225428498e+01
-4.486214529357447844e+01 -4.454308170547302126e+01 3.052241396971784582e+01
-4.395332435133118310e+01 -4.709413346186401839e+01 2.984837360388558380e+01
-4.495675270510849231e+01 -4.541313571038997310e+01 3.221934798062267191e+01
-4.611569271307853057e+01 -4.330203589497038763e+01 3.146502638768808424e+01
-4.729736356266189290e+01 -4.116895236509099476e+01 3.161394237984371713e+01
-4.788802380036764816e+01 -4.004923376668134694e+01 3.108878787076618977e+01
-4.561396512713276508e+01 -4.305313538758603187e+01 3.326164631200508381e+01
-4.464565350537705513e+01 -4.417038927943817583e+01 3.325889351188853027e+01
-4.322023025617956904e+01 -4.608983991888375442e+01 3.167361467194800539e+01
-4.222653218339102921e+01 -4.737999000224072432e+01 3.066298333063213022e+01
-4.347345543450177274e+01 -4.543216055266483266e+01 3.372554502421726141e+01
-4.493826211493921363e+01 -4.337784692095203809e+01 3.412952164415641221e+01
-4.629984414269363668e+01 -4.134060043763923176e+01 3.264975443334351723e+01
-4.761838241947567951e+01 -3.934134495877223969e+01 3.181707278185965748e+01
