-2.969008367031675810e+00 -6.571836190136742806e-02 3.209076391988707400e+01
-6.645174096777386019e+00 -1.330501335323812200e-02 3.320276956823973080e+01
-8.916775241798534424e+00 -6.917670589100868850e-02 3.560157723353510306e+01
-1.145398348645227493e+01 5.117746575979709167e-02 3.567974163762119133e+01
-1.204707282478449137e+01 -5.031290262120208245e-01 3.510015011245216243e+01
-1.663131818492118086e+01 -5.005496204558680162e+00 3.584459980392558975e+01
-1.937969006020757945e+01 -7.635610409271123444e+00 3.581913497701069815e+01
-2.150371547364762037e+01 -1.010389515802910054e+01 4.007437661794291017e+01
-2.302248815153932426e+01 -1.212640518100824849e+01 4.455142495259689639e+01
-2.710708578198458696e+01 -1.695576340248677738e+01 4.670037817256489632e+01
-2.861748041225954609e+01 -1.848296163342373077e+01 4.683214775163226307e+01
-3.040683929815616082e+01 -2.027559905527436257e+01 4.650583103210011160e+01
-3.308450397890820938e+01 -2.294414382034497280e+01 4.410777888797567670e+01
-3.489861318619055908e+01 -2.458422888656158278e+01 4.291823528442505875e+01
-3.639811406975792352e+01 -2.690979531564634897e+01 4.274326818793834804e+01
-3.820645456995287503e+01 -3.022610932411110696e+01 4.448324857927634213e+01
-3.956569664121782637e+01 -3.233083602060680306e+01 4.392528113643490428e+01
-4.105708286504962246e+01 -3.496550159605065744e+01 4.155257817693743050e+01
-4.234473217257399824e+01 -3.689946303601827537e+01 3.914663448087036812e+01
-4.429690425905148743e+01 -4.011430750872612094e+01 3.439671652694141102e+01
-4.641988672949655381e+01 -4.318978950236728309e+01 3.115086395032861688e+01
-4.662786953597283457e+01 -4.358791538071720595e+01 3.119941080409487100e+01
-4.489670207476063268e+01 -4.556887437880867253e+01 2.999734552363496576e+01
-4.328667723560991476e+01 -4.750845091242921114e+01 2.993521152945172403e+01
-4.233605888253958938e+01 -4.763278740220794560e+01 3.064903151101248469e+01
-3.866663652198121071e+01 -4.840913121823445664e+01 3.084718982088869765e+01
-3.535116717802862496e+01 -4.881987795695411592e+01 3.142054960068577074e+01
-3.501238619546331421e+01 -4.874415849241188425e+01 3.140108611883934842e+01
-3.721324180778534441e+01 -4.502577721956335211e+01 3.669873103908569334e+01
-3.746994612148819215e+01 -4.464339212161252846e+01 3.656355278315962920e+01
-3.490088164533852222e+01 -4.593993575204738278e+01 3.371018692229263536e+01
-3.163899527686339042e+01 -4.752131441053010263e+01 3.263394648575953028e+01
-3.298689851446331289e+01 -4.514818591031093575e+01 4.069515451262524408e+01
-3.494353449169449988e+01 -4.197771823265016877e+01 4.139206808063739373e+01
-3.520861714531017128e+01 -4.163347239871631444e+01 4.141374541362964123e+01
-3.457355998021629517e+01 -4.212140142064730952e+01 3.989555761940057721e+01
-3.257965257092203615e+01 -4.372604213273238116e+01 3.728454854623055326e+01
-2.966514716843992616e+01 -4.608746177532010080e+01 3.306860953018532001e+01
-2.949521052852373870e+01 -4.650892527210540095e+01 3.311490531402098014e+01
-3.040164234048435432e+01 -4.440445420520806863e+01 3.874811443184687221e+01
-3.154063427056063418e+01 -4.236789414927154951e+01 4.408390023864299678e+01
-3.335165368093235116e+01 -3.911806867757290007e+01 4.552907227062190998e+01
-3.343807829844628543e+01 -3.875352823773807387e+01 4.551949897808599133e+01
-3.170351989863468134e+01 -4.076939361038377996e+01 4.011237426723234734e+01
-2.923405809139949696e+01 -4.360812885934456062e+01 3.539319124205842826e+01
-2.758780521665586605e+01 -4.559224313650508265e+01 3.007877485917794047e+01
-2.579222192190794871e+01 -4.755721515005926392e+01 3.000545845457642358e+01
-2.597504534667852027e+01 -4.560960574234956511e+01 3.357144008075135133e+01
-2.608788109200668259e+01 -4.304413197714202965e+01 3.906335017889868055e+01
-2.631481511137896234e+01 -4.069810714178375122e+01 3.913070561378228263e+01
-2.853900050989893344e+01 -3.831827004113868895e+01 4.571707516487969514e+01
-3.134866971556730775e+01 -3.577003956872506052e+01 4.668188047351082304e+01
-3.157363730148172820e+01 -3.550683740166530811e+01 4.651332300398028252e+01
-3.001297823475495008e+01 -3.697673427783907840e+01 4.440491554452779610e+01
-2.821499981149230507e+01 -3.846464929523843779e+01 3.960510905020881012e+01
-2.538763183616854135e+01 -4.104479692655898759e+01 3.585935568897444625e+01
-2.363541363184263844e+01 -4.276120098502997280e+01 3.271197517676735345e+01
-2.245796379787610064e+01 -4.481739680058174713e+01 3.045395590466266711e+01
-2.146225150277701132e+01 -4.719391590984233886e+01 2.960453159348317698e+01
-2.023264682256027669e+01 -4.752388791059196649e+01 2.917815188575504948e+01
-1.665035698563443134e+01 -4.803039655429611798e+01 2.817385878625759688e+01
-1.721347327046713716e+01 -4.697841410801541429e+01 3.148682725747469746e+01
-1.973225817357323209e+01 -4.271560654056921891e+01 3.437496382382015270e+01
-2.146544253567606120e+01 -3.942986546003113801e+01 4.001620136631569835e+01
-2.249140777844417016e+01 -3.752138091074886006e+01 4.111656816149415050e+01
-2.401402797321062366e+01 -3.629913351382187869e+01 4.249316046437381544e+01
-2.593491690161147289e+01 -3.471281257479571991e+01 4.413063486189377471e+01
-2.777486079818269715e+01 -3.309415171939748035e+01 4.550679235170564141e+01
-2.931714889412134539e+01 -3.170377066760880069e+01 4.603136016622233484e+01
-3.026844763007891359e+01 -3.125637646582904594e+01 4.559885300043899292e+01
-3.263677466796109883e+01 -3.001212060326673736e+01 4.356814206321653415e+01
-3.579196950479327199e+01 -2.835038795584309668e+01 4.088265412203603688e+01
-3.910642931379347687e+01 -2.668869561856248751e+01 4.037551200803152085e+01
-4.055578798741095881e+01 -2.729844938483975625e+01 4.021375433402762667e+01
-4.316678323454220845e+01 -2.986038813406828396e+01 3.555680197517674657e+01
-4.498782920256726925e+01 -3.151038838497409955e+01 3.231181761979856759e+01
-4.769496732608870815e+01 -3.393500953763921046e+01 3.227903997404018810e+01
-4.805878507149912338e+01 -3.109241268958930604e+01 3.117578464659069581e+01
-4.862459606351679753e+01 -2.801569939074670756e+01 3.141091463943686790e+01
-4.879520326336372449e+01 -2.665503710882531863e+01 3.073111869784604622e+01
-4.886983344743324409e+01 -2.420270325025448344e+01 3.032679561229402410e+01
-4.830511800155335322e+01 -2.304427074160657085e+01 3.158255773124925980e+01
-4.462028166912353555e+01 -2.204545364044080102e+01 3.436462980731564443e+01
-4.652622865732157464e+01 -1.899765593022940635e+01 2.851832778880661579e+01
-4.706659508929305957e+01 -1.825541820091629930e+01 2.862672243567463326e+01
-4.501644082544736136e+01 -1.864848747896360592e+01 3.494099940697852702e+01
-4.165589481494171764e+01 -1.915847447462986963e+01 3.494687095626398587e+01
-4.323851058663467484e+01 -1.769622784478797684e+01 3.041922368973752810e+01
-4.523028369643986935e+01 -1.620712485586239637e+01 2.792371631121719844e+01
-4.712749866666582932e+01 -1.451177478617075067e+01 2.658894198721969815e+01
-4.652883435494106834e+01 -1.472384952207082520e+01 2.988626092380370025e+01
-4.302855771325647538e+01 -1.600365282664076361e+01 3.236840716567807874e+01
-3.940267213638128396e+01 -1.712133451954162311e+01 3.767751068868159336e+01
-3.723219431616687558e+01 -1.841662683176839721e+01 4.239066113299532645e+01
-3.516706028991033861e+01 -1.994283113534620000e+01 4.487720812627500777e+01
-3.330047973359804558e+01 -2.142516887086639343e+01 4.681985074838853222e+01
-3.032216503083052928e+01 -2.381729947481192866e+01 4.669763562359204911e+01
-2.717674507588603205e+01 -2.588171374012958736e+01 4.595443586859344265e+01
-2.470251145691364769e+01 -2.816304165144686067e+01 4.728026467149509671e+01
-2.278171318117510324e+01 -2.978305691481244821e+01 4.690218964509854516e+01
-2.052851900881570657e+01 -3.272801057425505178e+01 4.511285033472169914e+01
-1.878972635535519231e+01 -3.480047172633437924e+01 4.087782965173115457e+01
-1.713029279520549508e+01 -3.755336724905794199e+01 3.764394690267903343e+01
-1.533377988884643983e+01 -4.082019463238919599e+01 3.241703541482650053e+01
-1.403406492060173782e+01 -4.328677987588065434e+01 2.949299118250112883e+01
-1.267464578226175753e+01 -4.538078000711045945e+01 2.953974700469818870e+01
-1.066119503595155393e+01 -4.655136221109035688e+01 2.672239092276927153e+01
-8.023230361708110436e+00 -4.811206975816064357e+01 2.334293817410937422e+01
-8.496381436647842733e+00 -4.577418074246573099e+01 2.607653408905418146e+01
-8.790433237709081027e+00 -4.339392391726801890e+01 2.879203980819416842e+01
-9.700148513881247325e+00 -4.067624328299511660e+01 3.330630466975125614e+01
-1.212092005188261901e+01 -3.591143632223632665e+01 4.174481180440363204e+01
-1.346898429319585944e+01 -3.372889893316359888e+01 4.605573316569152098e+01
-1.470860779066343760e+01 -3.155543291022168262e+01 4.592440974946642029e+01
-1.525153073846517238e+01 -3.082551621875665404e+01 4.712632366086237568e+01
-1.687938161091551592e+01 -2.855164235178062526e+01 4.790942843734947587e+01
-1.847308490802328507e+01 -2.647043652310817663e+01 4.784657428238806887e+01
-1.964723567030892326e+01 -2.439261194819617629e+01 4.559686091506246441e+01
-2.099184934251984913e+01 -2.242885301655759278e+01 4.487665990199698030e+01
-2.032949380947836460e+01 -2.268869484726119978e+01 4.648296672032073928e+01
-1.818865956074803591e+01 -2.399303538806481484e+01 4.789984525831207662e+01
-1.491328389541398103e+01 -2.583687705147123026e+01 4.640322395408649214e+01
-1.284626029095140964e+01 -2.712031115002851323e+01 4.463745698219066327e+01
-1.107153041140847094e+01 -2.863492421632810903e+01 4.303856676740918630e+01
-9.676586223226514960e+00 -3.072536788199701618e+01 3.687918054547317581e+01
-7.440165068675817395e+00 -3.384041409726061289e+01 3.529019549065754546e+01
-7.066543811093823457e+00 -3.431681110002578805e+01 3.154958282240293599e+01
-6.209214477483000039e+00 -3.677386735305456966e+01 2.827272436978880421e+01
-5.436910312431686876e+00 -3.915086142905695255e+01 2.473501732572643164e+01
-3.933901998242486098e+00 -4.401996879671543894e+01 2.211768169567258724e+01
-3.095785635909840128e+00 -4.560174231676803203e+01 2.112087051535875304e+01
-4.853758307265085836e-01 -4.766828624282880611e+01 1.946846806158091070e+01
7.286432087702762739e-02 -4.499270024737156604e+01 2.091317355042610160e+01
6.400002005838453245e-01 -4.254795166758847103e+01 2.203318450761829439e+01
2.557704296251532838e+00 -4.522387038316922059e+01 2.069803723791529748e+01
3.385255899551237846e+00 -4.626350656287488761e+01 2.065571175399037784e+01
3.005504430751993805e+00 -4.519331821078746003e+01 2.137375339166542787e+01
2.129121118607379071e+00 -4.289522167536351560e+01 2.248179536305258708e+01
5.727320559286811497e-01 -3.937493417559382181e+01 2.494752034155295561e+01
-2.949440144939602382e-01 -3.773073347471444805e+01 2.969862477769558140e+01
-1.781156907004417311e+00 -3.460782272944868510e+01 3.273418422736943967e+01
-3.622503484376660587e+00 -3.115829056122179708e+01 3.439108575655068734e+01
-4.343622714293355003e+00 -3.039162271905197343e+01 3.648722507286941408e+01
-6.826685727959587169e+00 -2.754425572767560126e+01 3.894776114346249329e+01
-9.429547243643151333e+00 -2.468404756722216575e+01 4.317307341002460674e+01
-1.188475947734604432e+01 -2.208522849562995560e+01 4.302605554465745286e+01
-1.515693390272542374e+01 -2.041243232923726580e+01 4.385449862718101599e+01
-1.746900966264929167e+01 -1.931303702122347943e+01 4.335528952251106460e+01
-1.844230857534147461e+01 -1.859286752996406022e+01 4.335335921936620451e+01
-1.715556584941896290e+01 -1.680368514273029490e+01 4.323839181831038303e+01
-1.552138042625456471e+01 -1.484563974371219253e+01 4.249802462085607146e+01
-1.735380456132147486e+01 -1.393936535490914252e+01 4.098770008304171597e+01
-2.096425283649378457e+01 -1.261665062496317979e+01 4.022727256550697916e+01
-2.324024496565170850e+01 -1.190040597752913598e+01 3.978062379131605297e+01
-2.564434903654484188e+01 -1.084523689992115258e+01 4.102560044073258894e+01
-2.705084446132853060e+01 -1.065367608208829431e+01 4.136710798975401104e+01
-3.098275396366284085e+01 -1.110059706786045020e+01 4.072100260716984366e+01
-3.452606196005604033e+01 -1.166301946569958936e+01 3.813996404760094094e+01
-3.685896607028006855e+01 -1.174491537908475003e+01 3.533449674610446323e+01
-3.927950313974704244e+01 -1.122112857576559186e+01 3.093103135451248420e+01
-4.181141198788877489e+01 -1.079316238749050605e+01 2.663072425851179048e+01
-4.537108321701337843e+01 -1.013788300748770865e+01 2.633022831660345275e+01
-4.587687091171921594e+01 -9.688602989382406605e+00 2.522654425244398269e+01
-4.704165348028725901e+01 -7.543230144698139128e+00 2.480740947836653731e+01
-4.799522404530323882e+01 -5.589198000689250989e+00 2.497546791076664974e+01
-4.406156985024727391e+01 -5.529809234721230204e+00 2.716984488505833539e+01
-4.310716645387139323e+01 -5.434400675040442330e+00 2.792316670907878162e+01
-4.693703932732128692e+01 -1.871310850775404599e+00 2.541419520244932428e+01
-4.597867539246646373e+01 -2.320479490540722445e+00 2.702225229221828684e+01
-4.026600613926394345e+01 -4.775081498753998233e+00 3.113545323439102575e+01
-3.796874762434840989e+01 -5.472658963820237865e+00 3.282811517670855750e+01
-3.554652712774248613e+01 -5.895251161997866696e+00 3.556986912166279069e+01
-3.515351112456290394e+01 -6.031203199398570192e+00 3.560251448703173338e+01
-3.718745529172073105e+01 -4.273322376255515032e+00 3.187305823189817033e+01
-3.936282875108935997e+01 -2.849792396442896614e+00 2.985534980064404564e+01
-4.236707176944754849e+01 -3.367999935329585304e-01 2.816594250772537578e+01
-4.496530073840128239e+01 1.681928573656139569e+00 2.516312425548811049e+01
-4.652491579036773572e+01 3.854281056709336628e+00 2.154600493539837913e+01
-4.792322116821883782e+01 5.730767780821818924e+00 2.102725025022083116e+01
-4.543987607207436241e+01 4.926234696546454295e+00 2.259650117376348177e+01
-4.303132596245996666e+01 4.033204854512085547e+00 2.810303164868231107e+01
-3.935846196766364358e+01 2.944158875207175008e+00 3.063120880826604875e+01
-3.717805479280377767e+01 1.234505743315552628e+00 3.163155361766085605e+01
-3.449628546162963971e+01 -1.366454381070397295e+00 3.435795648755833298e+01
-3.171777372256787331e+01 -3.932581839725987738e+00 3.454822844799581816e+01
-3.123771018092176988e+01 -4.453412592271188686e+00 3.362566015660824092e+01
-2.889334467087166303e+01 -4.860125132858545527e+00 3.345610408484026976e+01
-2.734012726490892931e+01 -5.118039365818146891e+00 3.339371038131302072e+01
-2.946379363600418699e+01 -1.482442544277238428e+00 3.073745315890076313e+01
-3.064561802976882277e+01 6.700143930986092178e-01 2.996650200940226583e+01
-3.129830011857486838e+01 1.703402978585316641e+00 2.991335219194888140e+01
-2.996492242211170876e+01 9.641281318253124288e-01 3.033070583171137002e+01
-2.778203368040302479e+01 -9.070238361123375559e-02 3.094081689344591979e+01
-2.563948812359619112e+01 -1.307588451469589685e+00 3.299703604915966793e+01
-2.428862105130431104e+01 -2.109134630718938475e+00 3.315533459590660925e+01
-2.552638224177996307e+01 -9.100804264618729267e-01 3.038223196010333282e+01
-2.820097490912333527e+01 1.683636308675503956e+00 2.951666495921438127e+01
-3.188296625214595181e+01 5.052556657750741032e+00 2.899511224303044798e+01
-3.397062701105694060e+01 5.968937006654516431e+00 2.879197334833411404e+01
-3.612834699593567223e+01 6.882935704641550245e+00 2.844632516642722564e+01
-3.814651641486699418e+01 7.468143425259112789e+00 2.649418994807755823e+01
-4.034332480721980119e+01 8.315475074246400311e+00 2.381799461010846031e+01
-4.281335574571293989e+01 8.944197716788792718e+00 2.073650800119729709e+01
-4.653721371320605016e+01 1.020756226361711860e+01 1.982811688295635477e+01
-4.761094492444932769e+01 1.344159454515077989e+01 1.776610525607832258e+01
-4.798251142854964968e+01 1.486650927811181866e+01 1.787719242447465717e+01
-4.672052142647716977e+01 1.468610494789519194e+01 2.029149014250632277e+01
-4.318840369502878929e+01 1.415705194684570323e+01 2.171983029543993027e+01
-3.960123920978588785e+01 1.322704984679970686e+01 2.193170272120203990e+01
-3.718030775936831134e+01 1.269769629562362745e+01 2.215197122103980121e+01
-3.526282739626920915e+01 1.160699028635301744e+01 2.613231636555258319e+01
-3.195300420625200388e+01 9.608609252046301563e+00 2.827322887091587233e+01
-2.963360446279929405e+01 8.550302297977314225e+00 3.037515128220210769e+01
-2.780213507710863041e+01 7.375115996003215990e+00 3.167317780052233189e+01
-2.551123345264963405e+01 5.789339209124393371e+00 3.328049664873955038e+01
-2.246583661701443901e+01 3.509093011831311948e+00 3.497249412466835850e+01
-2.125229050272942999e+01 2.620426435073666571e+00 3.519653106004678023e+01
-2.057103067458983503e+01 2.898715841015063965e+00 3.640583483992734415e+01
-1.813091271119243686e+01 3.890308083044090814e+00 3.658796680355509068e+01
-1.741931387188117952e+01 4.212255719873335913e+00 3.660517352755832832e+01
-1.688652440213157035e+01 2.938316425962669065e+00 3.626051510744592576e+01
-1.587175865029829325e+01 4.787343091573749154e-01 3.526918453200978121e+01
-1.443893626616227976e+01 -2.867088108481122166e+00 3.402088979512340217e+01
-1.323806455015285088e+01 -5.346349495932691376e+00 3.332356395682673877e+01
-1.262531359391432950e+01 -7.079463748290162783e+00 3.502443771149317087e+01
-1.205199870313128052e+01 -9.173124497278340783e+00 3.786529421325315781e+01
-1.126495456412957097e+01 -1.291494719022258586e+01 3.946799285281471015e+01
-1.073373336500372588e+01 -1.533411229755109950e+01 3.923152753887227107e+01
-9.976494209082181541e+00 -1.616333758498329232e+01 3.667434313750026575e+01
-8.274217170494633677e+00 -1.786017006389356965e+01 3.435009064035261872e+01
-6.458818632489985667e+00 -1.971719650141407953e+01 3.333112465768451926e+01
-5.066200752459943502e+00 -2.136998007020445556e+01 3.191406246380211797e+01
-3.510512015813594733e+00 -2.328130714505201482e+01 3.169820547262533950e+01
-3.069912858568462521e+00 -2.356569607929546351e+01 3.086322960048946840e+01
-2.108838237664281134e-01 -2.765365055307923825e+01 3.087131685617128340e+01
1.874605842550298274e+00 -3.079980909290608082e+01 2.942696765258651226e+01
2.684685171264908021e+00 -3.247503872926951374e+01 2.611259397283802386e+01
3.668935670833703089e+00 -3.452654449667906533e+01 2.238058140490074166e+01
4.510009800151157933e+00 -3.603366342412764567e+01 2.037252855746156399e+01
5.896438555588634500e+00 -3.961087455926238476e+01 2.140783422859638918e+01
6.705001344664043295e+00 -4.194070490223418091e+01 2.292118780660952027e+01
7.713418681945600319e+00 -4.471367469916678772e+01 2.262383866193668069e+01
8.372693131322687776e+00 -4.530477502370885645e+01 2.201556087863925981e+01
1.026959397263274987e+01 -4.678829676705988305e+01 2.040688855127324075e+01
1.161282783595954804e+01 -4.773710810303447261e+01 2.005399777549827434e+01
1.172470835751987295e+01 -4.288052631055075636e+01 2.249993029598133276e+01
1.173073322814031449e+01 -4.081073690872442938e+01 2.239938500555043532e+01
1.040994227327908206e+01 -3.736167357838293412e+01 2.309492742770219564e+01
9.870623884429939210e+00 -3.597329449019100878e+01 2.487055386212460206e+01
8.951208982937091108e+00 -3.273617942408673542e+01 2.489063455986038420e+01
7.232908319026725152e+00 -2.992051418888939551e+01 2.864490708895032256e+01
5.798041841338804403e+00 -2.756246702267852555e+01 2.859311985450053584e+01
3.373593890562138320e+00 -2.301616431267276042e+01 3.121660599969843375e+01
2.189218149679403425e+00 -2.146240739182323765e+01 3.134363083322474353e+01
-1.185884567225836544e-01 -1.875318519267301909e+01 3.200470752508006456e+01
-1.726065489376941597e+00 -1.672776584727074578e+01 3.211042674222916560e+01
-3.805423132417464771e+00 -1.405018824998852800e+01 3.241771230694007500e+01
-5.221023754126936645e+00 -1.192041668807438271e+01 3.190207888541974768e+01
-6.287787017775683829e+00 -9.722365740463530415e+00 3.161283819013850405e+01
-5.077347632232513064e+00 -1.025727280608743008e+01 3.303340826222461146e+01
-1.571486213912313801e+00 -1.172002688996107622e+01 3.445184682061324821e+01
5.275387236642499200e-01 -1.259302765386316025e+01 3.538639877206881579e+01
1.097972548038812945e+00 -1.301493167396870554e+01 3.548867620758809238e+01
2.889997579150358487e+00 -1.493762202449207166e+01 3.487634463657034445e+01
4.717157126355250973e+00 -1.666564261016143433e+01 3.306483734338388558e+01
6.926950263014358455e+00 -1.913299773846314977e+01 3.243291435075902029e+01
8.725422592011462086e+00 -2.187355043744148375e+01 3.180458168151765719e+01
1.072153955235096134e+01 -2.528378079581433369e+01 3.146355867545338825e+01
1.236296273398174250e+01 -2.878033010484849541e+01 3.018791770539610653e+01
1.346320793094178825e+01 -3.078424292921344474e+01 2.870589177156084304e+01
1.440391358630564156e+01 -3.258798372611439476e+01 2.756331205327678902e+01
1.493441332493575047e+01 -3.542601223363166696e+01 2.614752491770758880e+01
1.552674518811014970e+01 -3.793107382743136924e+01 2.572471141016425022e+01
1.602481611954469187e+01 -4.029034162387138451e+01 2.532732302077819497e+01
1.613996291170665032e+01 -4.116574071320005146e+01 2.244300388968083837e+01
1.658947917799077842e+01 -4.664977845067677720e+01 1.995967743718008336e+01
1.905441050749425713e+01 -4.780527491761861114e+01 1.990468904879038092e+01
1.990164894633641524e+01 -4.812610744804555196e+01 1.977321669454120467e+01
2.012481947832278095e+01 -4.698390419140915242e+01 2.285821819799888743e+01
2.063810168401376544e+01 -4.311717695916826898e+01 2.398307557368333320e+01
2.214117320421165047e+01 -4.479582132591415444e+01 2.238688510909405593e+01
2.466690294381378123e+01 -4.761349255340373787e+01 2.162190609213217840e+01
2.413275505337047733e+01 -4.631136767967218759e+01 2.295943661527180879e+01
2.271706937431184770e+01 -4.277475665317300724e+01 2.423218447209362481e+01
2.191073266810387921e+01 -4.021976105571292948e+01 2.524797025773818504e+01
2.081117174945423187e+01 -3.673695688151001093e+01 2.657366356878576497e+01
2.020136910420017529e+01 -3.459745491234530590e+01 2.866219244640836195e+01
1.897632925053183683e+01 -3.086251109329520403e+01 3.220992318334700855e+01
1.837876172808804043e+01 -2.899667528201447908e+01 3.282502611605340093e+01
1.730634321490540728e+01 -2.680200597855292344e+01 3.515942944401832193e+01
1.611026342779844356e+01 -2.440072290342905248e+01 3.582566507414612289e+01
1.473949377940595262e+01 -2.219430526131575476e+01 3.474363003298262242e+01
1.297671472987269148e+01 -1.901835435334881552e+01 3.419601214994747806e+01
1.133343087512517755e+01 -1.678911173072946639e+01 3.492541967531997926e+01
9.306885947450172836e+00 -1.387348125726893677e+01 3.634006314156271600e+01
9.027418564846946936e+00 -1.334631645991022530e+01 3.679457924628206911e+01
7.969517956746474674e+00 -1.261637497496914051e+01 3.645393498792991949e+01
5.895121205395754238e+00 -1.102684285968907396e+01 3.501996390215211363e+01
2.915402010739518879e+00 -8.739745452824189798e+00 3.465030584276242820e+01
1.526804033124205651e+00 -7.659916130907129528e+00 3.465296641677934275e+01
1.718115977807932460e+00 -3.994551094274938485e+00 3.424033056885668458e+01
3.032180145964677442e-01 -2.640842106568238812e+00 3.288403106851902891e+01
-1.547726160755753089e+00 -1.027239582549494878e+00 3.228596154652732508e+01
-3.485872760941877146e+00 6.762083594938530506e-01 3.199157749382697347e+01
-6.148496091739375835e+00 2.948324854496582326e+00 3.270174900801249152e+01
-8.334810392603271723e+00 4.310711437690383008e+00 3.478972470468306000e+01
-1.047657100395325713e+01 5.338821856230864249e+00 3.614839063676410547e+01
-1.628540307509898710e+01 8.074746868078824136e+00 3.687440939256988059e+01
-1.999149174425344455e+01 9.554573989967526160e+00 3.557083323139802644e+01
-2.112011345347651314e+01 1.005969981272083835e+01 3.524803653991682495e+01
-2.285064432414575819e+01 1.095038401740716338e+01 3.323692883405737319e+01
-2.635429484631948682e+01 1.287973921336371497e+01 2.978068981049287700e+01
-2.821954075823152763e+01 1.379260553765456621e+01 2.626737362812434995e+01
-3.099031338316693862e+01 1.511857159124596883e+01 2.196225839289578374e+01
-3.441837655072798441e+01 1.680168919062858279e+01 2.033962957356457935e+01
-3.541046250022374409e+01 1.738228314724716483e+01 2.043609557908498076e+01
-3.805787526386996689e+01 1.768971122355223002e+01 2.070117821455686880e+01
-4.051834060744324972e+01 1.814804957080962922e+01 1.996365458202864573e+01
-4.307844597181640722e+01 1.867801497736758876e+01 1.838919978325731108e+01
-4.548935473425676435e+01 1.912367415117569536e+01 1.711289791116151804e+01
-4.606530574424669311e+01 1.927107968679579741e+01 1.707293866842615060e+01
-4.728483637223700242e+01 2.168660643872745908e+01 1.727221672860919455e+01
-4.820835729282720195e+01 2.333839283034606282e+01 1.739594967588811159e+01
-4.672892975574027474e+01 2.341399627430836361e+01 1.886600075833695911e+01
-4.305330006020729172e+01 2.335494465292990540e+01 2.006759668507630678e+01
-4.211330631215458453e+01 2.338709357374792930e+01 2.101855994057161325e+01
-3.961335097365246583e+01 2.324733049893910675e+01 2.191721113429961321e+01
-3.819710150503881607e+01 2.312752393958584562e+01 2.212136823513822037e+01
-4.029709133040765323e+01 2.424476053168430312e+01 2.089095062857733964e+01
-4.587274725373426065e+01 2.709600635089713805e+01 1.677767262624490385e+01
-4.665042613000095173e+01 2.758098106129541449e+01 1.665111830704804419e+01
-4.214520127168454167e+01 2.564630715013007745e+01 2.071277802889231268e+01
-3.967535000636770803e+01 2.475864918870462716e+01 2.214207017324267213e+01
-3.733125576721798922e+01 2.382716905936929308e+01 2.232917479110630055e+01
-3.455381689121503541e+01 2.277065612510684289e+01 2.229056443959991896e+01
-3.399714829735284383e+01 2.256587385814370705e+01 2.211188036406416302e+01
-3.179995773823941718e+01 2.156728862923645451e+01 2.255870075742123859e+01
-2.967876509875966207e+01 2.081951090060597309e+01 2.249490838715559349e+01
-2.858304107421709617e+01 2.017253783639736398e+01 2.439936606377715123e+01
-2.536479032296767500e+01 1.819464557459851051e+01 2.964298945269143459e+01
-2.318537408512876752e+01 1.692373190323628052e+01 3.214827296448201110e+01
-2.265609109440648083e+01 1.660612722668937025e+01 3.320507573832881576e+01
-2.034158572284125910e+01 1.589496479813211494e+01 3.464752026114869921e+01
-1.757950990335343988e+01 1.482230607827135138e+01 3.467271943023688863e+01
-1.721576308957359203e+01 1.470057017889410211e+01 3.383583947049806540e+01
-1.511240894898885401e+01 1.354808377955373899e+01 3.321240306855276714e+01
-1.293893111869250134e+01 1.268679294227031917e+01 3.314444035095066710e+01
-1.126005416464979270e+01 1.191900574319054584e+01 3.247620879039183706e+01
-8.961127202419005400e+00 1.093576908333361253e+01 3.205398483981315394e+01
-7.170360012613024914e+00 1.016561494892114759e+01 3.182380103117960957e+01
-5.159815947294458027e+00 8.728613681138357450e+00 3.066315717930239160e+01
-3.266225052384886585e+00 7.152453746815640834e+00 2.945629648316729998e+01
6.590533536604117337e-01 3.425588709682165778e+00 2.991422012282939491e+01
2.402499815190638266e+00 1.571219082410587831e+00 3.046145770914786155e+01
4.876354013362919737e+00 -9.289317370770335813e-01 3.143630408532239784e+01
5.399529633598989520e+00 -1.642777423940918524e+00 3.166825139225388241e+01
6.883409572784277231e+00 -3.592874065150272855e+00 3.268707187152597982e+01
7.819509425520911883e+00 -4.838318728918291178e+00 3.308037558756266350e+01
8.811905661669424461e+00 -5.904207948588918065e+00 3.474151231784036753e+01
1.033394836904310665e+01 -7.531765656365786654e+00 3.534000286806799096e+01
1.279978457577349182e+01 -1.027861695911915518e+01 3.488035109853708349e+01
1.307716166175632999e+01 -1.060493019880615506e+01 3.400508345544285049e+01
1.461312547177168675e+01 -1.264415765965873106e+01 3.429968632793916328e+01
1.650571968424500113e+01 -1.514102230793352533e+01 3.593239607514423284e+01
