-3.034607431715917070e+00 -9.799693214953904274e-02 3.242799885084885148e+01
-5.117474719060484567e+00 -6.920952910743832787e-02 3.219000032190233185e+01
-9.038308480506765719e+00 -2.381993763951610263e-02 3.513405609065237911e+01
-1.399048281051748255e+01 -5.787602825471219181e-02 3.630569261605730702e+01
-1.492340702784880868e+01 -9.112185037097556561e-01 3.592394131215729658e+01
-1.737607313721667879e+01 -3.946013141812552139e+00 3.587163223864587991e+01
-1.889210516530083339e+01 -5.919087310607059393e+00 3.564008989612028699e+01
-2.043342514638756668e+01 -7.875073065449422316e+00 3.636584235701934631e+01
-2.201235344150306972e+01 -9.839521911196206005e+00 3.854577147088873090e+01
-2.371490060142398448e+01 -1.185569178473245877e+01 4.343701620701048682e+01
-2.594848933833944926e+01 -1.467237207446341074e+01 4.586863224777244596e+01
-2.751679153231964747e+01 -1.662797108138785873e+01 4.656033269012600329e+01
-2.995172463861847234e+01 -1.959986835211341116e+01 4.677782821533254776e+01
-3.236324794817348760e+01 -2.272855991554783373e+01 4.648974245504233238e+01
-3.383616968095176958e+01 -2.458206018994736297e+01 4.480833730807891158e+01
-3.604794900068276320e+01 -2.751950770477314023e+01 4.283993420939712138e+01
-3.847367742938505586e+01 -3.037184575339885484e+01 4.428851072305265291e+01
-4.008110523867155450e+01 -3.244574262511841312e+01 4.299954531002038749e+01
-4.150609656352246901e+01 -3.425041679683012319e+01 3.929961103159074298e+01
-4.335495794520441137e+01 -3.660530852915882605e+01 3.861440321295280143e+01
-4.217591287232312425e+01 -3.762219083792684415e+01 4.140064792270430871e+01
-3.916925558043278954e+01 -3.981209575974902037e+01 4.096867258316278537e+01
-3.716517938467492854e+01 -4.116555333687437468e+01 3.851362351714680443e+01
-3.358797902394677237e+01 -4.363283403474402888e+01 3.618839684900157039e+01
-3.069814971899693745e+01 -4.592683410397537358e+01 3.321490353683064001e+01
-2.861570147473955217e+01 -4.725700561109039199e+01 3.138453366938489708e+01
-2.773105200255976754e+01 -4.746138459771493245e+01 3.014708446152467047e+01
-2.508361253143962344e+01 -4.769714896484030220e+01 2.922497983745322969e+01
-2.261540093374679472e+01 -4.808549899518876458e+01 2.899398549128938996e+01
-1.881777062776333409e+01 -4.838897371910353229e+01 2.806603896992954006e+01
-1.644777974820515709e+01 -4.864674320792664730e+01 2.765970688188434679e+01
-1.571510212288759156e+01 -4.873180373609087468e+01 2.756347382855011219e+01
-1.557978599162195543e+01 -4.568462131397996728e+01 3.163377873830562592e+01
-1.529021621457226310e+01 -4.336444528691968259e+01 3.611126518863145662e+01
-1.510251054345068589e+01 -4.063526403237427331e+01 3.945532543819616933e+01
-1.500292014550449160e+01 -3.558738276143182588e+01 4.372536804583343439e+01
-1.484178923618134327e+01 -3.375617987055382940e+01 4.424853828166222058e+01
-1.671247404227425548e+01 -3.255564325341985210e+01 4.577480651746035534e+01
-1.864642210344894124e+01 -3.115066409860306607e+01 4.716091452918193028e+01
-2.404248689280799312e+01 -2.757314638830682441e+01 4.697280025077892418e+01
-2.618463980077671494e+01 -2.609827955998338922e+01 4.620590786311322518e+01
-2.819788750150592094e+01 -2.475931616479517317e+01 4.683368448462112354e+01
-3.137962505714622452e+01 -2.253480009556809804e+01 4.659005608157249867e+01
-3.444430938292182276e+01 -2.050534459369496432e+01 4.185800527654313896e+01
-3.744576692131817452e+01 -1.852989184030521841e+01 3.769523580973446997e+01
-3.972964338730682243e+01 -1.709117864747488724e+01 3.197461740277054787e+01
-4.178122202704441435e+01 -1.565676013017071355e+01 2.982980573691705573e+01
-4.492068722000955461e+01 -1.353399043095090448e+01 2.600677843189914640e+01
-4.745949599821114617e+01 -1.180097010445305550e+01 2.530329616610203658e+01
-4.749016236949680803e+01 -1.026783036338066957e+01 2.443294399824905483e+01
-4.762194705621747914e+01 -6.391813778363903076e+00 2.529886405854105291e+01
-4.777655069326176829e+01 -3.972379902666180129e+00 2.538803049578272919e+01
-4.778886367364366095e+01 -1.488974400587993741e-01 2.285422344767361125e+01
-4.788679530751627311e+01 9.770732597076970949e-01 2.276026832669460020e+01
-4.792372946008011070e+01 1.690430464908937225e+00 2.181458223130166729e+01
-4.807231410655213466e+01 4.255645692493779109e+00 2.123300000740474403e+01
-4.831293412703362122e+01 1.063532919577805558e+01 1.856803545536969935e+01
-4.840938188396656727e+01 1.280622920421242661e+01 1.820375423056192332e+01
-4.712720244629662858e+01 1.245360159644287101e+01 1.933425830367323783e+01
-4.472138796626191493e+01 1.171290688641249744e+01 2.205449439075056617e+01
-4.106181417887307816e+01 1.085234901101536842e+01 2.401848180285952239e+01
