5.319711278938415999e-02 -9.651151676532279677e-02 3.313736691482525032e+01
-2.081443906208968464e+00 8.858183937934693830e-02 3.267235371605885774e+01
-4.619870930333767056e+00 8.490902903262761980e-02 3.216704201628824933e+01
-7.196414954861287683e+00 -1.951577421862413231e-02 3.389057099231972359e+01
-9.664192323368800075e+00 7.456014124435417223e-02 3.492489069299221427e+01
-1.327342707023828083e+01 -9.575325548632460104e-02 3.586304906118414237e+01
-1.543021262666142057e+01 -2.066425080039430429e-01 3.615559087107149594e+01
-1.770115461623264963e+01 -3.603132478645544312e-01 3.598971590591240499e+01
-2.162184098660978293e+01 -6.089649766493860916e-01 3.530817745182872613e+01
-2.411764325284125832e+01 -7.927644092027259504e-01 3.311902461644281459e+01
-3.024287429672357419e+01 -9.425171205190601142e-01 3.170370112079257652e+01
-3.279245701306091831e+01 -1.056230283905474909e+00 3.282659503506341281e+01
-3.530627314009427664e+01 -1.281498831999394294e+00 3.243211910235908135e+01
-3.671015869182516411e+01 -1.398624394455394659e+00 3.232314987063978151e+01
-3.877503686661895443e+01 -5.427709557092835091e+00 3.188371462493984865e+01
-3.986718095571323772e+01 -7.493189440585431349e+00 3.139678269331988147e+01
-4.285394002515412382e+01 -1.301070663318801302e+01 3.039035064512499673e+01
-4.389781550504314822e+01 -1.527231709862198805e+01 3.011230767503121797e+01
-4.565666063436908928e+01 -1.857202681191698446e+01 3.048992708892900083e+01
-4.683484777404098764e+01 -2.094636860079811314e+01 3.068578044324678444e+01
-4.796928073244441038e+01 -2.293528328187667142e+01 3.061654530280574349e+01
-4.793140338225004626e+01 -2.342215355305292235e+01 3.172287130130527188e+01
-4.789876344775497330e+01 -2.992472602216436428e+01 3.135335385966904553e+01
-4.792315274785420343e+01 -3.245561439099252965e+01 3.171922849631043562e+01
-4.787246836321106969e+01 -3.495896363609216451e+01 3.207811574782468256e+01
-4.787097039227305828e+01 -3.751841947527962873e+01 3.121077461026185773e+01
-4.795357416343931334e+01 -3.988826579875862421e+01 2.998411411877991029e+01
-4.801105708133241734e+01 -4.494559564473070168e+01 2.805480931600233063e+01
-4.791169008569519150e+01 -4.690912775812635971e+01 2.550725352089088815e+01
-4.430533266000515624e+01 -4.757663960523453284e+01 2.903103084784593335e+01
-4.188361691854330360e+01 -4.792063196030819228e+01 3.067910558113581487e+01
-4.070089931155048646e+01 -4.829566593937136787e+01 3.076220054501684587e+01
-4.134256954737244172e+01 -4.771168541333324953e+01 3.174826566457054255e+01
-4.528432751229681941e+01 -4.415927969908172201e+01 3.268803238997745808e+01
-4.738328229763033050e+01 -4.205772255983185204e+01 3.071704393041276759e+01
-4.592358249376728452e+01 -4.326218632752811999e+01 3.308297603883894311e+01
-4.337321966401648154e+01 -4.533570864315932880e+01 3.335811327915144631e+01
-4.161315690642445020e+01 -4.676835768366977675e+01 3.218862966182018681e+01
-4.028239402153889159e+01 -4.781843845206986998e+01 3.122829578771273162e+01
-4.098165214770943265e+01 -4.712719674812699111e+01 3.190271611711130006e+01
-4.517983976968893955e+01 -4.259314173238671231e+01 3.403456139382011969e+01
-4.697318606890401327e+01 -4.079698291055978387e+01 3.223453575547256378e+01
-4.758320000160748720e+01 -3.999732917396533338e+01 3.152805585020112034e+01
-4.465035978652924342e+01 -4.273985555005140213e+01 3.502148226762863459e+01
-4.271681991540638990e+01 -4.454207698051921938e+01 3.525426822408088867e+01
-4.093658420877282822e+01 -4.628756206968394338e+01 3.213785916516422247e+01
-3.950904917351289924e+01 -4.753947548839033033e+01 3.192227841765989993e+01
-3.976642934276253527e+01 -4.733976310388460007e+01 3.213351293265483832e+01
-4.231357810989042179e+01 -4.462950225077783983e+01 3.597678299447990469e+01
-4.402151846512752087e+01 -4.274777108756340738e+01 3.559070878452024544e+01
-4.557906986561971507e+01 -4.090915915309747675e+01 3.264150345018862254e+01
-4.752322440294035744e+01 -3.891551851282526542e+01 3.207738363871921905e+01
-4.781049867704447820e+01 -4.109595487069942976e+01 2.995957875544637261e+01
-4.811698910439784527e+01 -4.372199867030586518e+01 2.756345600051157874e+01
-4.835548313538759402e+01 -4.646163892794545092e+01 2.511315200923993984e+01
-4.841170503127415259e+01 -4.698549425619093967e+01 2.511153520499019720e+01
-4.317026834523356627e+01 -4.779419419161941107e+01 2.984168611669856119e+01
-4.043502368666531055e+01 -4.815985283502584480e+01 3.070984957242506042e+01
