-5.491010515313348578e-02 -1.984042548038549014e-02 3.320494276777967713e+01
-1.871998097124482729e+00 -3.920942746612522678e-02 3.229177824702077970e+01
-7.046599918254980999e+00 7.389646327300411488e-02 3.298693513548926859e+01
-1.064127998197810321e+01 -7.356548683866637878e-03 3.531668394108297804e+01
-1.285095672865074512e+01 9.379568711779950885e-02 3.614676186677874625e+01
-1.628203905893327530e+01 3.283563491607319751e-01 3.585144083759993094e+01
-1.886971732524331813e+01 4.558574802578500007e-01 3.532634274285575060e+01
-2.134702076392548875e+01 6.114074644355996790e-01 3.332144422273139384e+01
-2.652614173344764836e+01 7.141588353002847889e-01 3.080331099983816756e+01
-2.904076894353345395e+01 9.216784375567593779e-01 3.012392565863994776e+01
-3.150806628875944781e+01 1.033014201059816894e+00 3.099332896351349120e+01
-3.468512624803261701e+01 1.338227563972307577e+00 3.117717153777985217e+01
-3.601965207308502670e+01 3.444879693669808951e+00 3.039893557337780550e+01
-3.718905848618936716e+01 5.488619483841016056e+00 2.537064595737691519e+01
-4.056845055622107310e+01 1.057866914445281914e+01 2.302340650308614656e+01
-4.184334967726794474e+01 1.283787480193029040e+01 2.216940491102447197e+01
-4.319154130463724073e+01 1.471993727649393158e+01 2.097722327663224107e+01
-4.393133482625100328e+01 1.605281128496909560e+01 1.938615367825861568e+01
-4.553595850319307914e+01 1.884292992984849135e+01 1.738378505852166356e+01
-4.720948226733904107e+01 2.121887419688545151e+01 1.707898597333391777e+01
-4.715790429657891991e+01 2.156874666187045619e+01 1.728205365031388041e+01
-4.700763387905259094e+01 2.509008676853193620e+01 1.646624289277658093e+01
-4.709422148790325480e+01 3.070454082544418739e+01 1.792264151955000173e+01
-4.708035323671429495e+01 3.318212688897690299e+01 2.023273154643246841e+01
-4.713474872276723460e+01 3.586759878872598506e+01 2.235964852717814821e+01
-4.698782365001284944e+01 3.829315683386771241e+01 2.451061773211318595e+01
-4.699579047118407971e+01 4.060080222978984921e+01 2.653009660808270453e+01
-4.704963420187068124e+01 4.545746777301537378e+01 2.575928952740991207e+01
-4.696087961499209484e+01 4.707664767010096796e+01 2.457696490911325782e+01
-4.643428378891012187e+01 4.719385347723940072e+01 2.544372443786850368e+01
-4.275614754799310901e+01 4.772709558052528678e+01 2.750742706330162335e+01
-3.999101100514082674e+01 4.806371309539512993e+01 2.817613610945422664e+01
-3.938650699440985647e+01 4.819144542857656432e+01 2.826295327645730993e+01
