2.951154862982333871e+00 2.844863625323826306e-02 3.317562032127460725e+01
4.899621568487556367e+00 5.710156877040431511e-02 3.312283406447304657e+01
8.880200539706503804e+00 -9.497413386063102703e-02 3.292305408254095767e+01
1.239847001424070783e+01 3.310729420713529048e-02 3.286626836519295125e+01
1.503252580764521618e+01 7.666816614499882832e-02 3.273634631555514574e+01
1.394858385035289317e+01 3.330770867512934608e+00 3.250495469936463877e+01
1.321238075666221690e+01 5.779169549364354452e+00 3.248937210633425110e+01
1.480819322060747467e+01 4.526646264078063808e+00 3.238598739298829798e+01
1.603335004880188208e+01 3.565083243331758300e+00 3.236269233260797762e+01
1.536369863530092950e+01 2.457645882405463666e+00 3.250482465737535165e+01
1.413282248230266092e+01 4.757569121510668575e-01 3.286092021414545172e+01
1.343456559121328020e+01 -8.416699326582466334e-01 3.287459764793764805e+01
1.268514278871466949e+01 -1.865363410747713779e-01 3.304858326314013084e+01
1.048638744128744626e+01 8.946209851172505223e-01 3.306183828950572945e+01
9.114545668956781199e+00 1.632042603970389472e+00 3.291740840541336865e+01
1.058002509524621715e+01 4.079515977595871590e+00 3.276754217255357560e+01
1.166392225145946426e+01 5.879914427810297717e+00 3.259554148384410155e+01
1.208430313307545845e+01 2.158832087038297765e+00 3.309442798486782777e+01
1.223511364335601215e+01 -6.504279335806968376e-01 3.304055118934585522e+01
1.124758137717179807e+01 -1.156590003208868289e+00 3.302746962614823190e+01
9.365534447793530504e+00 -1.717383011303734053e+00 3.317191096461353084e+01
8.309683287633793825e+00 6.344869448575745086e-01 3.303970206371451468e+01
1.069507193167826209e+01 -1.105709171197404750e+00 3.304437552519479482e+01
1.114105770995165479e+01 -1.394045290162732709e+00 3.304011577973155767e+01
1.155032577752720258e+01 -3.203314066354298273e+00 3.312787966017984331e+01
1.194426691229059223e+01 -5.510291463830103709e+00 3.327754301521251534e+01
1.085584403018505206e+01 -4.860553329482636187e+00 3.323867166635955073e+01
9.198249160019823734e+00 -3.553056536076953265e+00 3.329790568581196908e+01
1.126227726778283333e+01 -5.956111286217412371e+00 3.333272090719284364e+01
1.184153405503471745e+01 -6.260289422014694516e+00 3.326156660853709468e+01
1.433084461267969267e+01 -6.823105494365295343e+00 3.333420875652890913e+01
1.558694858842216746e+01 -7.110340727517448833e+00 3.333133698892891061e+01
1.665067615899672759e+01 -4.907021888878280613e+00 3.304726480385200205e+01
1.677460977851335500e+01 -4.358865337854662236e+00 3.305252398590890550e+01
1.799441633167768373e+01 -3.917681354853751685e+00 3.303167289371889126e+01
2.021793653281872594e+01 -3.263839224823739116e+00 3.285115105225828813e+01
2.073629887840095165e+01 -3.137725237973918890e+00 3.283869701374879213e+01
2.002062547897411093e+01 -3.902146454061588443e+00 3.314516776584284941e+01
1.874003715772773049e+01 -5.904291643053972471e+00 3.311704465914216655e+01
2.057715247105212342e+01 -4.407906186121834935e+00 3.289231286497729201e+01
2.116418468413547771e+01 -3.753466005290892138e+00 3.294483964470246917e+01
2.154605463594129589e+01 -1.958956926138521792e+00 3.258012859764504299e+01
2.205698678426152881e+01 3.486263036852296215e-01 3.232480238911085024e+01
2.218654881957365532e+01 7.055869547944360054e-01 3.236290685259677957e+01
2.514727599734304420e+01 1.692752378503431743e+00 3.183719305481955075e+01
2.568396113916756818e+01 1.920659282195858353e+00 3.188568425001545847e+01
2.656096724738113579e+01 4.164543615669191290e+00 3.121571897729660350e+01
2.692046389227116876e+01 5.598417957133114520e+00 3.128557162753694243e+01
2.897826768281858634e+01 4.515148414358728601e+00 3.124617670999882435e+01
3.099170338323920859e+01 3.451924454873238624e+00 3.120122565743735166e+01
3.134906199859698006e+01 2.113427207026344679e+00 3.134023635670719443e+01
3.208142061927932787e+01 -5.514731016868450464e-01 3.176972940503298659e+01
3.376250551180004322e+01 -1.192424497262886351e+00 3.160068966938964863e+01
3.565479765641101295e+01 -1.968881794956919729e+00 3.156474539509654420e+01
3.659379180059204373e+01 -4.654281281759470090e+00 3.159972310445873234e+01
3.692038007670485200e+01 -5.592024817676755077e+00 3.189254070297189969e+01
3.722643608990649255e+01 -5.652653467607819060e+00 3.165208829551275826e+01
3.968319166451194491e+01 -6.562636835444545014e+00 3.181087198217030121e+01
4.078879195068640229e+01 -6.830172635238641377e+00 3.168574822075205688e+01
4.066830679648366953e+01 -7.252136241524063109e+00 3.229116852477970667e+01
3.851465797574446270e+01 -1.085710033708976852e+01 3.232397536740038646e+01
3.819140891211326050e+01 -1.298125518740203432e+01 3.308073710530619849e+01
3.789669499226959459e+01 -1.565745222519568713e+01 3.302246023221002247e+01
3.781265489339140373e+01 -1.858189080744987365e+01 3.332046583769011505e+01
3.775060296767010470e+01 -2.056684806533816356e+01 3.351276026583222745e+01
4.062256738755792895e+01 -2.175739777723135759e+01 3.352179276647364503e+01
4.368716827524025348e+01 -2.218665143159051567e+01 3.333913386150578617e+01
4.569158164660841948e+01 -2.226076915532990697e+01 3.324038322271759682e+01
4.686321986591567423e+01 -2.236017513423760406e+01 3.310794089309568733e+01
5.047766356767589002e+01 -2.242380076490066543e+01 3.278697049789574436e+01
5.122135762074430687e+01 -2.259941178888003677e+01 3.266556731282649650e+01
5.570707086783281881e+01 -2.252006874627945621e+01 3.223551454950083439e+01
5.680606049570419458e+01 -2.263582124090405046e+01 3.205929297710844850e+01
5.931998522318780687e+01 -2.255151382939742533e+01 3.162523770895625219e+01
6.081494268816037163e+01 -2.257078410740557928e+01 3.167612009429093689e+01
6.198271452074693144e+01 -1.941979796364564947e+01 3.099189103952866020e+01
6.371900423734489749e+01 -1.884601715081953444e+01 3.085652199787211103e+01
6.583011954255697162e+01 -1.823480288881134470e+01 3.043881864658773040e+01
6.713941043299291778e+01 -1.693097219879842186e+01 3.012507460103342183e+01
7.004365863442897933e+01 -1.468534287645448444e+01 2.948168839678028164e+01
7.121141550951846000e+01 -1.380301004920112540e+01 2.946758842041742454e+01
7.154682283547559507e+01 -1.168230612556299342e+01 2.891671472773731466e+01
7.181026491625463848e+01 -9.030908124172464468e+00 2.837291348573877769e+01
7.248922337230024482e+01 -4.509743404845147907e+00 2.791540469672733238e+01
7.416960929664902835e+01 8.277105431202530506e-01 2.716056249456482874e+01
7.490596422114164454e+01 3.282695407750818362e+00 2.665710727155159887e+01
7.581802797395924642e+01 6.544571516708283632e+00 2.645266548382609173e+01
7.676455429684227738e+01 9.408530469169926747e+00 2.590514938583271487e+01
7.712373864457720174e+01 1.063705356900980625e+01 2.565925444172373915e+01
7.803333232435768707e+01 1.072234821523123038e+01 2.554241701653489116e+01
8.109979554271806990e+01 1.103580095686317897e+01 2.538321560941424693e+01
8.490194901232371194e+01 1.165391804641686768e+01 2.505817421548035995e+01
8.819351697500621867e+01 1.191610418052928644e+01 2.501072396929264485e+01
9.075767898256600574e+01 1.232754237610231485e+01 2.490542793539747990e+01
9.201047005583120608e+01 1.175400072696666776e+01 2.537569682238159174e+01
9.515506623721763901e+01 9.841414219788131135e+00 2.551161334753658849e+01
9.838435613274272384e+01 7.894499772158241946e+00 2.569592859216896485e+01
1.021771314164899422e+02 5.836622424810207654e+00 2.595025369266862114e+01
1.050078007460364375e+02 4.017679918759927027e+00 2.589782006433587469e+01
1.061818120231118456e+02 3.461811472734536821e+00 2.604078176813793277e+01
1.098609692894606269e+02 4.140600606293670660e-02 2.653639770515114549e+01
1.113884035972189110e+02 -1.531676545890121144e+00 2.691228903148284957e+01
1.142989403573982798e+02 -4.240473606682128249e+00 2.769259540832965527e+01
1.157548729769043661e+02 -5.587896117819324715e+00 2.773107979509473608e+01
1.163922158865195939e+02 -6.093795281948002796e+00 2.773380608777101486e+01
1.185162558163307978e+02 -9.723408475891366365e+00 2.861623257097415873e+01
1.202067206869984943e+02 -1.288307692646086444e+01 2.905115554260013511e+01
1.218175235917731669e+02 -1.590159077558840295e+01 2.936552205097771306e+01
1.223734899861524781e+02 -1.697380633409225936e+01 2.968459095125571068e+01
1.252895075595787233e+02 -2.255343895147508348e+01 3.044248738609260130e+01
1.265317825230237787e+02 -2.487816754744924808e+01 3.109436713173634104e+01
1.268971730052908100e+02 -2.587519062667745828e+01 3.103527373232355302e+01
1.272880060549518504e+02 -2.787296857946740403e+01 3.160921567854597924e+01
1.275586023790570493e+02 -3.021981219324733203e+01 3.161538324809169609e+01
1.276761554948420070e+02 -3.068064266985698296e+01 3.166672834397944669e+01
1.283668571942774861e+02 -3.003604276318673527e+01 3.167740306191313593e+01
1.315649946176881144e+02 -2.753822643660706859e+01 3.158648527218704771e+01
1.346518997415742547e+02 -2.509998285711826327e+01 3.175002537664338575e+01
1.364601222035367130e+02 -2.385000170850522849e+01 3.183925488089199973e+01
1.394450260059913660e+02 -2.221764150340080946e+01 3.192532022487613830e+01
1.421737697796330622e+02 -2.069645588091063360e+01 3.196641600898133717e+01
1.455133085234983241e+02 -1.898508789433036270e+01 3.203951358381669934e+01
1.462074277196422827e+02 -1.843874857880043194e+01 3.193140890319266845e+01
1.491345533281978248e+02 -1.360736449017416838e+01 3.182071446468993869e+01
1.512754840576098445e+02 -1.010510860950303247e+01 3.160650943113269662e+01
1.519206718584401585e+02 -9.106828651598965152e+00 3.144862964565598062e+01
1.538769130529437632e+02 -8.639977351233261160e+00 3.178559543574442969e+01
1.561218204351838210e+02 -8.010964753621957257e+00 3.159637348181297156e+01
1.576765430700901618e+02 -7.899927018552680202e+00 3.187188519812897880e+01
1.638801061308312796e+02 -7.629625277889692470e+00 3.185077926230146872e+01
1.659977792904166165e+02 -7.640943547025232263e+00 3.194608706901722073e+01
1.700480099847886208e+02 -7.518068134194956897e+00 3.202841103687142521e+01
1.711246629216176132e+02 -7.480847693139723198e+00 3.197430263549378537e+01
1.720909778195662341e+02 -8.381000221470497280e+00 3.213485221699145455e+01
1.769735807554733924e+02 -1.237743521295413984e+01 3.219598940655089336e+01
1.790196846922598866e+02 -1.420025860995628086e+01 3.230939033999310084e+01
1.814525377159726247e+02 -1.633711204138380779e+01 3.239631779138557022e+01
1.847786078799594804e+02 -1.941053824916921045e+01 3.264830716203653793e+01
1.866319136356195543e+02 -2.134221970902974164e+01 3.262034341747271071e+01
1.887714855336228652e+02 -2.331573008340900444e+01 3.280035339044373188e+01
1.915708073075873301e+02 -2.623563353617898031e+01 3.292836693492535716e+01
1.923514149402053874e+02 -2.733967964480785540e+01 3.326253752076357983e+01
1.936007925685958639e+02 -2.976537515858475658e+01 3.347302836033415474e+01
1.954816288587679765e+02 -3.307856123817762750e+01 3.356038189421169449e+01
1.970530052919883133e+02 -3.597547734920846096e+01 3.367179834827955176e+01
1.952783307730293814e+02 -3.845165571699703833e+01 3.404557707550985413e+01
1.937942443742017815e+02 -4.025833947024420922e+01 3.405486609000797671e+01
1.918806123999521276e+02 -4.288933868686138595e+01 3.433414458455592211e+01
1.897847157193859289e+02 -4.551724813094205757e+01 3.464627395504133744e+01
1.893141006731824234e+02 -4.614770722337678421e+01 3.465045609465020959e+01
1.888919285265564838e+02 -4.980103844486765041e+01 3.472568298028571832e+01
1.888688138335631947e+02 -5.216719025018946354e+01 3.483681500228798456e+01
1.886342216142815857e+02 -5.583801268165603915e+01 3.508528015254350407e+01
1.882234673615296288e+02 -6.079688788990888781e+01 3.505763955485215178e+01
1.899337872014392588e+02 -6.290501102853195192e+01 3.511938858145584419e+01
1.939499290462177896e+02 -6.769207861340046861e+01 3.517569259164379503e+01
1.955800552175645066e+02 -6.973836141205643457e+01 3.501355801863970640e+01
1.969021093775757265e+02 -7.130236226825402923e+01 3.510235304259791889e+01
1.972842049535547062e+02 -7.095828718832454740e+01 3.499569175640439056e+01
1.994069787860274801e+02 -6.980706147100426051e+01 3.486651582338880218e+01
2.014351705354639819e+02 -6.863346895365114619e+01 3.491774833972254299e+01
2.028366583615960792e+02 -6.852679414286724580e+01 3.491842565722471647e+01
2.050921008482948480e+02 -6.857829988894636131e+01 3.476352028551023210e+01
2.075253589622875268e+02 -6.845338226632536305e+01 3.451228996542985783e+01
2.112432351155714798e+02 -6.822870620117652152e+01 3.450369221421546229e+01
2.151199720573934826e+02 -6.802761417829184154e+01 3.430025594581635318e+01
2.175522448461861984e+02 -6.794045662385414630e+01 3.411174120691900669e+01
2.198857530201490817e+02 -6.781004820505486919e+01 3.405159597432510310e+01
2.212868517481001049e+02 -6.769092393568703869e+01 3.398007907836525732e+01
2.225109578107317816e+02 -6.733021878991493736e+01 3.365391704081966395e+01
2.262514480295249939e+02 -6.627964944730236141e+01 3.355628256764515527e+01
2.297863540827301279e+02 -6.521959527958811975e+01 3.338915925203782820e+01
2.321911062723463601e+02 -6.456344659258870422e+01 3.317620028323545966e+01
2.356481264192192953e+02 -6.335075357445684574e+01 3.288433705711908317e+01
2.362825321551497382e+02 -6.315999059034221830e+01 3.286071659158510982e+01
2.366910518651791335e+02 -6.359265342637330320e+01 3.284807341477775111e+01
2.380768085262088505e+02 -6.540250297608029939e+01 3.281022136814811319e+01
2.397537228348086842e+02 -6.739862966574334280e+01 3.281415367026612984e+01
2.420728305444630735e+02 -7.018941812012170089e+01 3.274147935751923910e+01
2.444553439827219847e+02 -7.306023506502722853e+01 3.266910107346068770e+01
2.458416419450705632e+02 -7.480675439993588327e+01 3.261258665851470084e+01
2.470841677561111567e+02 -7.630384704943253382e+01 3.253456114043766689e+01
2.472039589115394733e+02 -7.797736119913572850e+01 3.277770860488231364e+01
2.475325831895760018e+02 -8.419061506434941577e+01 3.309928442363278123e+01
2.477477365835309513e+02 -8.668360337947383698e+01 3.322596328020906498e+01
2.480167982109522029e+02 -8.907715169467390126e+01 3.345166558389686884e+01
2.481683587143403145e+02 -9.072575949550594032e+01 3.350531341747571901e+01
2.481648470895172238e+02 -9.430109461504716251e+01 3.380347038244793367e+01
2.481358395847682061e+02 -9.791738974434584009e+01 3.387562427811720767e+01
2.481075546832287841e+02 -1.006287629253949092e+02 3.420361157571892363e+01
2.481492064136536442e+02 -1.043430252567825391e+02 3.453026880459004389e+01
2.481790451607417083e+02 -1.059507791245513317e+02 3.468343316205786664e+01
2.519969110499837655e+02 -1.076307301688865152e+02 3.472853844467412188e+01
2.543266713832070423e+02 -1.086467995332401131e+02 3.462561374204859987e+01
2.584742800417509443e+02 -1.105511635730114506e+02 3.442980198372237055e+01
2.609193660136755852e+02 -1.117919447464552292e+02 3.441842841172766043e+01
2.617468306308163619e+02 -1.120252952392845742e+02 3.440101449291091740e+01
2.621603859479001244e+02 -1.137815050150832263e+02 3.470367574838790858e+01
2.628076729984601911e+02 -1.159970069814850433e+02 3.463620016779351829e+01
2.618653173599469142e+02 -1.191079319471124336e+02 3.482532088559342753e+01
2.613413122387201497e+02 -1.215134590961500010e+02 3.528415803105352921e+01
2.603313819492802281e+02 -1.252626893467159732e+02 3.566055810313308427e+01
2.587520498832741396e+02 -1.310616904101069338e+02 3.584006697815409836e+01
2.543373439792961790e+02 -1.344839926242730712e+02 3.625550970025388153e+01
2.513080709772789305e+02 -1.368283140872378851e+02 3.653204647257078364e+01
2.482597824119905567e+02 -1.392165991494403272e+02 3.646741553780003642e+01
2.463056458444445411e+02 -1.405076277739654813e+02 3.663149388060971035e+01
2.447442032223340789e+02 -1.416426016039255273e+02 3.653169062925712041e+01
2.412211057833115433e+02 -1.451697835139282518e+02 3.678181614366830132e+01
2.394759321878466949e+02 -1.469746122442510909e+02 3.673940569067001860e+01
2.376157799720283776e+02 -1.486344940578306080e+02 3.684518495336931210e+01
2.358834983192890320e+02 -1.503382021072384305e+02 3.667268565837962768e+01
2.347136649481467430e+02 -1.515403677961833182e+02 3.662240129355058116e+01
2.351047949636530348e+02 -1.536665038185185210e+02 3.656206690325428355e+01
2.359113557236369729e+02 -1.573028302221844115e+02 3.639281398076066409e+01
2.364742295371256944e+02 -1.596810456292196534e+02 3.631086463686197163e+01
2.368451710974876505e+02 -1.622830019019905023e+02 3.604933878199514652e+01
2.374388612898307827e+02 -1.646087276106027275e+02 3.585505001114731272e+01
2.377140172494705723e+02 -1.660060204888344515e+02 3.592521972904461336e+01
2.383488440248920597e+02 -1.664446445953751663e+02 3.573411712721782862e+01
2.402245778454393985e+02 -1.680452227033910617e+02 3.554833767533286704e+01
2.443107283439311743e+02 -1.712958806157618312e+02 3.504771639070401790e+01
2.463873451043131695e+02 -1.728561987972727820e+02 3.481999701385121426e+01
2.482975014135499805e+02 -1.743571281485448878e+02 3.439135103533283910e+01
2.513240352472900838e+02 -1.764448846884434374e+02 3.419028643663604328e+01
2.516181844016434752e+02 -1.769076724513465138e+02 3.432213408164879098e+01
2.530494172004605957e+02 -1.772662772946762573e+02 3.400053567840396340e+01
2.554441646904917604e+02 -1.781910541207510050e+02 3.384901092816945578e+01
2.590101120651205520e+02 -1.796015917552313397e+02 3.345154793077638544e+01
2.623422930225926279e+02 -1.807823636586087446e+02 3.303586678856902381e+01
2.654895330028087415e+02 -1.820147182449299521e+02 3.308059773417082283e+01
2.663832455117032509e+02 -1.822931661115909492e+02 3.297585681415210956e+01
2.673909062153377363e+02 -1.829346618919210243e+02 3.266611564458813177e+01
2.693532839484279293e+02 -1.842065567041492500e+02 3.233370769650906595e+01
2.723793837705660508e+02 -1.860822306815128400e+02 3.213038607594533858e+01
2.757979632148276323e+02 -1.881726973947138788e+02 3.191599822450154633e+01
2.798769069188265917e+02 -1.908314817172145013e+02 3.148486911299444202e+01
2.816402138425887642e+02 -1.919954591258814389e+02 3.121348631210405955e+01
2.822934226281233805e+02 -1.929574749325798848e+02 3.084126707815699575e+01
2.837466651753613291e+02 -1.953099121709460917e+02 3.057753993520491775e+01
2.862962054758214094e+02 -1.995650204576633655e+02 3.022804865103237049e+01
2.873890306704707882e+02 -2.013673334609089807e+02 3.014289481051061159e+01
2.865893972694457261e+02 -2.021223059010044381e+02 3.015830944974952743e+01
2.844766465660759422e+02 -2.034418513222021261e+02 3.019066630686274166e+01
2.827340938964869110e+02 -2.047791173160142932e+02 3.043137773352681208e+01
2.799885535983476643e+02 -2.069550785648617648e+02 3.037499160815007571e+01
2.795187414839936650e+02 -2.073979774369812787e+02 3.042591123208415027e+01
2.779130720009638935e+02 -2.097058605580938888e+02 3.045356436150638046e+01
2.764817132387491938e+02 -2.116133825121047778e+02 3.059577678216850316e+01
2.744334915142558771e+02 -2.146708223636382229e+02 3.072336073315602789e+01
2.721644127342739807e+02 -2.177933025340242921e+02 3.095167473869529573e+01
2.709099375999906556e+02 -2.195660973907669131e+02 3.096388588367047490e+01
2.693722742959391212e+02 -2.216673838756223347e+02 3.102368183981201355e+01
2.700397052265320212e+02 -2.230156431482528490e+02 3.088418435711209398e+01
2.714467133807526125e+02 -2.265904207180420258e+02 3.071228603774816435e+01
2.723598664596229924e+02 -2.288628287081784265e+02 3.049344103532619243e+01
2.733031899467072776e+02 -2.313346139920149085e+02 3.033651683723773473e+01
2.749134124007202900e+02 -2.347804877340750238e+02 3.007926891192939323e+01
2.758338642041563844e+02 -2.371150901553617132e+02 2.986092074310662881e+01
2.767617909312570532e+02 -2.393535593010627451e+02 2.964545309439284893e+01
2.776613927463744176e+02 -2.413086817588967961e+02 2.962687646871017932e+01
2.767153936409739003e+02 -2.421593537880069675e+02 2.972876943677461981e+01
2.746636167280026370e+02 -2.437996853550966421e+02 2.983104347340695739e+01
2.719625681374013766e+02 -2.463990998173578646e+02 3.025610063111070502e+01
2.700709569102372143e+02 -2.480237195373015879e+02 3.024086408976980067e+01
2.682519174293875039e+02 -2.497303307067258231e+02 3.033905235229424591e+01
2.653133974795122185e+02 -2.521706949266587117e+02 3.045505643274505658e+01
2.632577885026506692e+02 -2.540223759446947724e+02 3.047377908551535342e+01
2.606518374976273549e+02 -2.562142574098814407e+02 3.054664858398047755e+01
2.598273481175270376e+02 -2.569781597102918340e+02 3.038808622362031997e+01
2.577140007106705184e+02 -2.571802031066827681e+02 3.077045681530530175e+01
2.550367897753793613e+02 -2.573109138366152706e+02 3.092496322999758007e+01
2.514498663196105497e+02 -2.574734724664904775e+02 3.118380620543306492e+01
2.489370765322266550e+02 -2.576095092695851463e+02 3.135253133119202218e+01
2.465154130483303163e+02 -2.577967701778857759e+02 3.149894560505877905e+01
2.438115566422940788e+02 -2.580172499053078354e+02 3.146939048679037043e+01
2.401665435842041063e+02 -2.581785544343075003e+02 3.153733823227022626e+01
2.394900490901035255e+02 -2.586674967163091878e+02 3.172349153455531479e+01
2.358714706458530372e+02 -2.620866336283085047e+02 3.162600348438177988e+01
2.338566607888011788e+02 -2.637799794102911051e+02 3.156851386363317502e+01
2.310464417359674485e+02 -2.662810098360141637e+02 3.175851765971451712e+01
2.282609280227333102e+02 -2.687893718426371379e+02 3.160200460544491108e+01
2.246731970410757242e+02 -2.719464982026429993e+02 3.161224675922963456e+01
2.244325698201170951e+02 -2.741540935914347870e+02 3.141024481221812437e+01
2.243012943328636482e+02 -2.765840127374313511e+02 3.132862396668118876e+01
2.238562312190510113e+02 -2.801533953172511247e+02 3.112138536327521976e+01
2.236813000032364869e+02 -2.838499051295430604e+02 3.081755994718805525e+01
2.233705145039666036e+02 -2.864695523033887525e+02 3.089204217470706126e+01
2.237688282404758979e+02 -2.882388074535410283e+02 3.076234466097237075e+01
2.242994764088960551e+02 -2.909814918996834763e+02 3.048629002537894195e+01
2.252082016173656598e+02 -2.945835248604288381e+02 3.035206015143242553e+01
2.259171064919268872e+02 -2.984576636582144715e+02 3.004060914310872121e+01
2.264737132615212545e+02 -3.006972144377236873e+02 3.002852285972096880e+01
2.270813535117648314e+02 -3.030619097752355628e+02 2.993397271688393602e+01
2.274814299778505529e+02 -3.054030008447321620e+02 2.973689341067102987e+01
2.277430658809143722e+02 -3.065894195555565602e+02 2.975769259570671466e+01
2.252846641735026196e+02 -3.084777854889918558e+02 2.997377258462135430e+01
2.233137464743009559e+02 -3.101795008206890429e+02 2.992915082093200851e+01
2.213076504604807440e+02 -3.119262829496156542e+02 3.001276811986678794e+01
2.194578070144662263e+02 -3.135327977926949075e+02 3.005128821334541556e+01
2.173249822094907415e+02 -3.149589664573837808e+02 3.009508643485868973e+01
2.154434404157350116e+02 -3.164662865162514436e+02 3.021578129236169374e+01
2.145253275854345247e+02 -3.173494674328763949e+02 3.013193165705907006e+01
2.116001886930131093e+02 -3.174764197077252561e+02 3.070287087708886986e+01
2.091238067415420687e+02 -3.175629993641491637e+02 3.082097092326400656e+01
2.045322875657670352e+02 -3.177990556307499901e+02 3.085810412161588090e+01
2.019700403405807378e+02 -3.177777427945032969e+02 3.104350466969210487e+01
1.996021221788041373e+02 -3.179271432981555563e+02 3.118999311638355110e+01
1.972746693736026486e+02 -3.180922488766552192e+02 3.117280872450687923e+01
1.947664344942946286e+02 -3.181463907455539584e+02 3.126914098061608982e+01
1.905455742054914765e+02 -3.183467994479618142e+02 3.128246336422760976e+01
1.897366093433671210e+02 -3.184310243267498208e+02 3.138510630835389748e+01
1.860130440554385132e+02 -3.151177822266940325e+02 3.167999993001869541e+01
1.832989593305308347e+02 -3.127090030622720747e+02 3.191485599853281485e+01
1.816546678121558784e+02 -3.110616073901368281e+02 3.206568825162428027e+01
1.798790436828122097e+02 -3.094352382377322215e+02 3.213055111851889478e+01
1.781741522430791065e+02 -3.079631340387592218e+02 3.218921095120322207e+01
1.765591809692149923e+02 -3.065892326202719573e+02 3.212664220697174500e+01
1.744457830860758918e+02 -3.047379997212975127e+02 3.222754228500856044e+01
1.734417706209603409e+02 -3.053759933596467704e+02 3.218135548299417792e+01
1.703134133719801753e+02 -3.074306699164847032e+02 3.186940717265583700e+01
1.681942505667001910e+02 -3.087262797759657929e+02 3.166768253725956228e+01
1.657830915557583751e+02 -3.103289671448307558e+02 3.146078120217248042e+01
1.632461489180235787e+02 -3.117972376060092188e+02 3.120111945708622159e+01
1.579696230864800555e+02 -3.151567231788664003e+02 3.086513714627677274e+01
1.559981613518661163e+02 -3.165671022414358049e+02 3.064655170780859095e+01
1.546576912205659085e+02 -3.174537465628315545e+02 3.066778609804315181e+01
1.538045262327913179e+02 -3.194725958733781113e+02 2.996457118703894906e+01
1.528279842394928778e+02 -3.214225548226951901e+02 2.991924339217167983e+01
1.519141227596212502e+02 -3.237756604525188209e+02 2.940568706367380614e+01
1.508570138247165175e+02 -3.264498610746089753e+02 2.940869748445797427e+01
1.492739624468822228e+02 -3.302713620126343699e+02 2.897983282792706561e+01
1.486780833295165110e+02 -3.318058935722967817e+02 2.893173388723022299e+01
1.485694134750906414e+02 -3.328100170648090170e+02 2.843624121588852205e+01
1.483955874689962400e+02 -3.395314143795879431e+02 2.807462430180035184e+01
1.482231427218029296e+02 -3.432657193640642959e+02 2.776265017415502356e+01
1.482887570739701744e+02 -3.455801448863935548e+02 2.738334468522626963e+01
1.481586707067474435e+02 -3.482672118949637934e+02 2.720081227454459594e+01
1.480317987030476274e+02 -3.503801573910462821e+02 2.711624009606826746e+01
1.479917732732117486e+02 -3.517217790553848431e+02 2.694645632829041304e+01
1.476140531457583052e+02 -3.517943342669379945e+02 2.695763765736033690e+01
1.452069851081849663e+02 -3.526736288700594173e+02 2.671628687629635479e+01
1.428181745296794816e+02 -3.535050154651707430e+02 2.655259617620189161e+01
1.392721890429837117e+02 -3.547134813823980153e+02 2.638490961999432827e+01
1.369342904150311711e+02 -3.555125887384519956e+02 2.578257013177720580e+01
1.344763701065620580e+02 -3.562943586904918334e+02 2.569909836920398760e+01
1.319674291003805706e+02 -3.572345928909985560e+02 2.549541511243094050e+01
1.296727000639276923e+02 -3.579469322441798340e+02 2.540339754137794870e+01
1.288818246175642059e+02 -3.575296370427040529e+02 2.539230998998911559e+01
1.262178299874974243e+02 -3.563937805553625822e+02 2.538683020036697613e+01
1.240953741036697693e+02 -3.556191110561669575e+02 2.545293823162563029e+01
1.219211863801070308e+02 -3.546842479461880657e+02 2.516009098034135505e+01
1.182266103342862209e+02 -3.529299202582062094e+02 2.516890236917857848e+01
1.147027266700347070e+02 -3.513977575328556782e+02 2.494684417965457968e+01
1.111585413986882287e+02 -3.499060752563956385e+02 2.480690538506729226e+01
1.095722279477024017e+02 -3.494325030796099441e+02 2.486413611741876650e+01
1.085152324671358457e+02 -3.490994738148963847e+02 2.463976071708516358e+01
1.047287379924544126e+02 -3.479045820397493003e+02 2.474191142423345013e+01
1.006557661683282419e+02 -3.469791602440931229e+02 2.423123943270028136e+01
9.708909575927449964e+01 -3.460410507613731852e+02 2.412374200654036471e+01
9.449546737203230862e+01 -3.452897087041263262e+02 2.416093994818172064e+01
9.165838146688560073e+01 -3.445142046201875701e+02 2.399416012719393265e+01
8.975490185789551845e+01 -3.440231050805983841e+02 2.403160385749980676e+01
8.870870532769916394e+01 -3.450865302432318344e+02 2.401032240606240720e+01
8.725601104399235908e+01 -3.470104492483624767e+02 2.346430509165369571e+01
8.555258534014639338e+01 -3.489344052881520497e+02 2.331996526882754139e+01
8.239898089976509254e+01 -3.527665824198973610e+02 2.305433926328046468e+01
8.002573201214995890e+01 -3.557212736051040451e+02 2.268896451456175356e+01
7.893601435761189578e+01 -3.569804667581195190e+02 2.271892667054926562e+01
7.641422073755313704e+01 -3.576104817258515709e+02 2.237135893894449623e+01
7.472927221814748577e+01 -3.580664683309610723e+02 2.246563013102716511e+01
7.485560581352915221e+01 -3.590369233996265734e+02 2.224440548020413644e+01
7.531329586718624114e+01 -3.628998647540988713e+02 2.206469423405918207e+01
7.541756050051260729e+01 -3.648922026580159468e+02 2.197822636310739952e+01
7.570368612951295972e+01 -3.671354618205809288e+02 2.178095712066538781e+01
7.608483296645242433e+01 -3.704109690833621471e+02 2.163496442083927462e+01
7.640713680531047203e+01 -3.725571902709691017e+02 2.151833411130735740e+01
7.679237378222404686e+01 -3.751586963711020530e+02 2.152682133845944890e+01
7.724094284343038908e+01 -3.790642129043245063e+02 2.141511252318514025e+01
7.740393799360272453e+01 -3.816286186113576377e+02 2.140328407444756564e+01
7.730921400423081025e+01 -3.820132387860103336e+02 2.141311077293282139e+01
7.408499619460738472e+01 -3.845260894258408939e+02 2.097925848725766329e+01
7.214272293439657346e+01 -3.863127918110832297e+02 2.093747069937672478e+01
6.961994491702965604e+01 -3.885509921206727313e+02 2.087851854883239966e+01
6.542752872599673708e+01 -3.920020662009636112e+02 2.070215529956785261e+01
6.369020633642531948e+01 -3.936989796189674848e+02 2.066731447943006827e+01
6.096077167118721718e+01 -3.958887766599600582e+02 2.059502828429426913e+01
5.916085589047958848e+01 -3.974410929079663788e+02 2.051233710326952675e+01
5.981716366314700650e+01 -3.985267566585847590e+02 2.056942426585341366e+01
6.111190511511968992e+01 -4.006785765258333072e+02 2.089955213875457218e+01
6.456752851898055212e+01 -4.059578393759784944e+02 2.114541713406085677e+01
6.599125993278885005e+01 -4.081604845121015614e+02 2.128791308425810769e+01
6.832058581608109193e+01 -4.117954818870400118e+02 2.175466434665583648e+01
6.953669916518985872e+01 -4.138053502530287915e+02 2.184194750361521997e+01
7.157895129040336712e+01 -4.169205428750978513e+02 2.194130984552829133e+01
7.442144416656329042e+01 -4.180235202853267538e+02 2.220205980669885903e+01
7.915789689071711166e+01 -4.195322259519016939e+02 2.248978334132027967e+01
8.125023489649878172e+01 -4.202320794367468579e+02 2.253531814485327089e+01
8.408366335383064438e+01 -4.211340029576355164e+02 2.256576699963143540e+01
8.698853518220468573e+01 -4.220369517672793904e+02 2.269072125980231291e+01
8.948316341475627667e+01 -4.226971662940999863e+02 2.277294804939865003e+01
9.085737234112218630e+01 -4.231035139083330705e+02 2.261229606956147009e+01
9.022911539028736172e+01 -4.287987390448369069e+02 2.278201673820100837e+01
8.953436931920315089e+01 -4.351901148753601092e+02 2.292568461511281086e+01
8.915363045017818422e+01 -4.380236439388681902e+02 2.301045214315939802e+01
8.870538070415784659e+01 -4.408704672373951325e+02 2.293179599184389872e+01
8.839306927311913853e+01 -4.440135097071310497e+02 2.297739631483849720e+01
8.805899388417715556e+01 -4.462680547264097868e+02 2.284145860075442158e+01
8.799697650584327846e+01 -4.468440866334280486e+02 2.298393645959188092e+01
8.601619411494473866e+01 -4.486334553561560483e+02 2.280178042430210184e+01
8.403511089147708901e+01 -4.502190123070259915e+02 2.286266874612315547e+01
8.109821912416161638e+01 -4.525859972095777266e+02 2.285719841939360819e+01
7.935257344533705748e+01 -4.542076778263985943e+02 2.269740978353343053e+01
7.721365197361031107e+01 -4.557981352402015887e+02 2.244424938990384177e+01
7.514443876401936961e+01 -4.575359130694815235e+02 2.231681106951931781e+01
7.025314441740269444e+01 -4.617732345942363281e+02 2.208230637138851904e+01
6.913526797844558303e+01 -4.625736793920166292e+02 2.224270335685389810e+01
6.769646105417552917e+01 -4.633251842401517706e+02 2.206661226362130179e+01
6.460640243725126197e+01 -4.651095706666541787e+02 2.196661901934297489e+01
6.193532529036203016e+01 -4.663921399298009192e+02 2.174099536826332724e+01
5.867135555576285100e+01 -4.680352784051788717e+02 2.138558577215226109e+01
5.568024572248262416e+01 -4.696426747691374430e+02 2.134036912875178871e+01
5.145539089661352250e+01 -4.720026350708784548e+02 2.093152377417128918e+01
4.925557896831820415e+01 -4.730769200885550276e+02 2.088367777986337614e+01
4.917118741322217090e+01 -4.742850126599803957e+02 2.080431304991074981e+01
4.893106970683474088e+01 -4.767521523577551648e+02 2.059456673343834154e+01
4.887199178186170911e+01 -4.793819260926604215e+02 2.041083233408328823e+01
4.853226589284780346e+01 -4.832853274862553690e+02 2.010303628343956817e+01
4.801292402714320673e+01 -4.879867188849435138e+02 1.979903735124349140e+01
4.777115262330061540e+01 -4.920739260595776727e+02 1.962548417411952073e+01
5.026787573606482340e+01 -4.932072954458453751e+02 1.975491549728058871e+01
5.348121193546271002e+01 -4.947347353519444937e+02 1.983586522313942169e+01
5.677101361572117355e+01 -4.962191607969667189e+02 1.974107079141198184e+01
5.900873550123721856e+01 -4.972398066660392715e+02 1.980187020191218394e+01
6.092345939559766066e+01 -4.981822105037742290e+02 1.987474968900436778e+01
6.172607380799910004e+01 -4.982695766668780379e+02 1.973570538324108625e+01
6.405994108917624885e+01 -4.983404507366707321e+02 1.975306124419223153e+01
6.896928853792803693e+01 -4.984269226053238526e+02 1.984851561656387631e+01
7.273109224304425879e+01 -4.985399501131540774e+02 2.003510691885737316e+01
7.530693344509049325e+01 -4.985043667436128203e+02 2.004184482587421812e+01
7.885566765797786104e+01 -4.987606053726257755e+02 2.010703543983341035e+01
8.149137994463156076e+01 -4.986462547184967775e+02 1.997886908187523503e+01
8.502232977351512488e+01 -4.988252682337620172e+02 2.016743330794640343e+01
8.904657775691869404e+01 -4.988478511373504602e+02 2.005308501602965165e+01
9.079227523494135710e+01 -4.988664682290971086e+02 2.003713308159786166e+01
9.285414770429122200e+01 -4.990411329332301875e+02 2.014088513145106774e+01
9.542028909241419399e+01 -4.990327865922050137e+02 2.011903834449606165e+01
9.935465603293432935e+01 -4.989146706770093829e+02 2.016108139309436353e+01
1.022753065017656553e+02 -4.990099809566939939e+02 2.012836302777060027e+01
1.056516278106268203e+02 -4.990668381604566548e+02 1.989149659353773814e+01
1.087393547032600054e+02 -4.989436510734728358e+02 1.998796885341518603e+01
1.123314900687008162e+02 -4.991045167854238684e+02 1.980084170004596089e+01
1.152254093188533091e+02 -4.989967256339991764e+02 1.992065216773468705e+01
1.158618301202472480e+02 -4.989812811176973355e+02 1.978649657228508119e+01
1.174132282738532211e+02 -4.986359019187072477e+02 1.973081928103250249e+01
1.232890013125348361e+02 -4.968091136473645406e+02 1.965597412287693047e+01
1.295835000546558149e+02 -4.946733254772088344e+02 1.946988684230557709e+01
1.313675347724347091e+02 -4.942865765931607598e+02 1.954897995668036970e+01
1.339395195159624166e+02 -4.934209016344124166e+02 1.941146735135735568e+01
1.367303218513554555e+02 -4.924427295465421821e+02 1.926013840068809557e+01
1.393279684456248333e+02 -4.917107039199916017e+02 1.929623234305851298e+01
1.430362644197789166e+02 -4.906016286358232605e+02 1.912782119658282554e+01
1.456811279900840361e+02 -4.896621862706840034e+02 1.915317228683239392e+01
1.460720075414931500e+02 -4.896005534422492360e+02 1.907750602916888383e+01
1.470287151414063089e+02 -4.899814560442171114e+02 1.898008949212285401e+01
1.501094632936504922e+02 -4.913945309867362994e+02 1.888254970617394335e+01
1.517802789028347092e+02 -4.919814320242822987e+02 1.872573708387619718e+01
1.552214792834567163e+02 -4.934747514252306360e+02 1.874590324313850687e+01
1.574857173818713250e+02 -4.945380658305106749e+02 1.859581631912285005e+01
1.617959373978690394e+02 -4.963942609321276791e+02 1.846636501176763900e+01
1.651347405866423799e+02 -4.977284771124415670e+02 1.831405354150588494e+01
1.662586321807531249e+02 -4.983069750917378542e+02 1.831158680151082407e+01
1.683705071124553285e+02 -4.982417667087094060e+02 1.824935568326380775e+01
1.707502541578080866e+02 -4.982645508787217636e+02 1.820882461095737526e+01
1.739382061014724741e+02 -4.983906138786392717e+02 1.825636302081380791e+01
1.766283461337555991e+02 -4.985473946466772190e+02 1.829769405858271725e+01
1.792918419844715743e+02 -4.985416046708336921e+02 1.851298577437317405e+01
1.821022998795089620e+02 -4.985692952904283288e+02 1.842022436714460554e+01
1.844260889301354780e+02 -4.988116745901643867e+02 1.856678369921355909e+01
1.869067356551525165e+02 -4.988782300690130000e+02 1.864985635430006283e+01
1.893495559172566232e+02 -4.989122869836028258e+02 1.876845436035243964e+01
1.911663492230104566e+02 -4.989236473992439187e+02 1.875365799871109829e+01
1.924372928168673127e+02 -4.968743000375006886e+02 1.912044326549445472e+01
1.942525093547224628e+02 -4.939114817849235237e+02 1.925567052677868318e+01
1.959155141495346015e+02 -4.908821790393586184e+02 1.951147441024038898e+01
1.971105006740604040e+02 -4.889402693303563296e+02 1.970659137219026036e+01
1.990685187598811297e+02 -4.857356157299209940e+02 2.019840518982196542e+01
2.003683996061647008e+02 -4.836898441758531817e+02 2.035853979709446193e+01
2.019751635693658329e+02 -4.806532995995699480e+02 2.051926918729821026e+01
2.048731631955825776e+02 -4.788544126125221965e+02 2.108798201564701813e+01
2.081353620471995782e+02 -4.766430034545389276e+02 2.131764873652067394e+01
2.103379187440461067e+02 -4.753153766871142807e+02 2.160754685114001106e+01
2.136223573158869726e+02 -4.732763274750774372e+02 2.180826059606408762e+01
2.156758744300678359e+02 -4.718137410526066446e+02 2.205076270884411116e+01
2.177352632755217599e+02 -4.705141977985481390e+02 2.226645854911338773e+01
2.203476569686763469e+02 -4.689736093616259041e+02 2.240073394699939868e+01
2.222962082366964296e+02 -4.675992506217055507e+02 2.252079838624431218e+01
2.248699732153599484e+02 -4.659284014823642792e+02 2.264559101581965450e+01
2.264822574481382560e+02 -4.648785124140050016e+02 2.276008313382641290e+01
2.287609208889052468e+02 -4.657441558339110088e+02 2.276497429285009488e+01
2.315318827377983268e+02 -4.669383914617696973e+02 2.270806613173354194e+01
2.348111501928300697e+02 -4.683671472385885295e+02 2.275040857459797650e+01
2.372694489126085386e+02 -4.692439712455338849e+02 2.261934675263735883e+01
2.396500394943562071e+02 -4.703878366415394225e+02 2.254326792697871085e+01
2.434746434013267731e+02 -4.718498249929098165e+02 2.253328853719089153e+01
2.453844120366591710e+02 -4.728117855038433390e+02 2.228889074369649848e+01
2.463262134468116642e+02 -4.732494352537231634e+02 2.234565441987230727e+01
2.477053930545206413e+02 -4.753018073138154023e+02 2.203224448611055308e+01
2.504073246744992502e+02 -4.800322846548120879e+02 2.185498323227148276e+01
2.523322973183883278e+02 -4.835479776452061174e+02 2.153335451461689587e+01
2.541027984842821184e+02 -4.867170702007916816e+02 2.134146812161549533e+01
2.572735355299312801e+02 -4.921579565555353497e+02 2.131213155332288522e+01
2.596459557985360220e+02 -4.910688249264526917e+02 2.098429251295925013e+01
2.628090804476855169e+02 -4.894021276974532384e+02 2.088959993590154340e+01
2.654932139028010170e+02 -4.880974202942658735e+02 2.046005648789955700e+01
2.696534260420488636e+02 -4.861094236772567001e+02 2.022586148945305240e+01
2.717450329309267545e+02 -4.849019579351779612e+02 1.999225708619478681e+01
2.751040487616967312e+02 -4.832854879522378155e+02 1.981771948302085917e+01
2.772589234048913340e+02 -4.820208740488576495e+02 1.965540165912499404e+01
2.806360489927894832e+02 -4.802906859345027897e+02 1.934902064098645269e+01
2.816633557931650103e+02 -4.797364567978705736e+02 1.934493858398378663e+01
2.818571657764686620e+02 -4.792738722786874064e+02 1.931982649277170694e+01
2.827935633897211574e+02 -4.779880131056654591e+02 1.927457264728561981e+01
2.842238264044685820e+02 -4.756010713226039570e+02 1.913953839040007310e+01
2.880527813575318987e+02 -4.698776720451071469e+02 1.929460468407528140e+01
2.899641301736565424e+02 -4.668573443789937301e+02 1.938132068424928534e+01
2.922138315931791226e+02 -4.636569718003561320e+02 1.933657775001877610e+01
2.949585008481050750e+02 -4.591975976781479858e+02 1.942429036235316175e+01
2.970743516593379354e+02 -4.560184794011742611e+02 1.967001768859839217e+01
2.973638738718447598e+02 -4.555029212282349249e+02 1.958415353350413923e+01
2.977004055344386870e+02 -4.545377589170672081e+02 1.966641171289019141e+01
2.986580837627191158e+02 -4.511079113199811559e+02 1.985278834718315366e+01
2.994534204569844178e+02 -4.485148683511187642e+02 1.999196833198680423e+01
3.003203138453870338e+02 -4.450472694282306065e+02 2.010805708150444460e+01
3.008349573018667797e+02 -4.429945087214419459e+02 2.034764456069057204e+01
3.022630157353358982e+02 -4.383152350106926178e+02 2.036741199554917614e+01
3.028394694249711279e+02 -4.357940586718412987e+02 2.035558657644426361e+01
3.039636571201122592e+02 -4.355038595911735229e+02 2.018474066480663609e+01
3.072617146589296908e+02 -4.353926079772032267e+02 2.005438337165196572e+01
3.105388138612918283e+02 -4.351554449488377827e+02 1.994832528190157817e+01
3.142060328606617645e+02 -4.347936528271548582e+02 1.961532585718955346e+01
3.198599581448763161e+02 -4.345013955218797719e+02 1.930257718448383031e+01
3.224139884859539507e+02 -4.342557851987754702e+02 1.912372891805938835e+01
3.260036113631785497e+02 -4.340425185333483000e+02 1.895611888062213168e+01
3.264677060400003938e+02 -4.340277663715874041e+02 1.891207882555339381e+01
3.280477514265833179e+02 -4.344972146256134238e+02 1.875341862246065716e+01
3.300481983558896104e+02 -4.352127106452987846e+02 1.845359887861948422e+01
3.336160647749757686e+02 -4.365275366703029931e+02 1.824191669335543153e+01
3.372313814601177455e+02 -4.379288998310853458e+02 1.804841664044238314e+01
3.397470620089415547e+02 -4.387654678825213068e+02 1.800558084639417444e+01
3.429614491494091908e+02 -4.399470141779602272e+02 1.780718210989116912e+01
3.484747452325652262e+02 -4.419722343459564513e+02 1.754219686580272963e+01
3.507704559102027702e+02 -4.429044689634800420e+02 1.744192385601785489e+01
3.517358000501037623e+02 -4.431961722103060879e+02 1.757624076238650801e+01
3.522937534945721154e+02 -4.440549137413510152e+02 1.734877795102107356e+01
3.548038865217131388e+02 -4.471599600892524222e+02 1.728820314885010490e+01
3.570837314110126499e+02 -4.502667005675735368e+02 1.727508224718980401e+01
3.594027358897367321e+02 -4.533761988244747272e+02 1.717006474959860540e+01
3.608721361829888679e+02 -4.552747680369015484e+02 1.718075006300962926e+01
3.624512942034482990e+02 -4.574228901067094171e+02 1.729768690642882945e+01
3.653584869994732003e+02 -4.558006615940708457e+02 1.717798470508195408e+01
3.679091092515558898e+02 -4.544498910671553631e+02 1.722464424459920096e+01
3.723830560297821535e+02 -4.521937253225770519e+02 1.739979537237492480e+01
3.786503719307180518e+02 -4.489861550884957069e+02 1.741229166130915473e+01
3.809691626070992356e+02 -4.477590879141804976e+02 1.742220965296592894e+01
3.846746968825368640e+02 -4.458588785137008585e+02 1.742149862834357776e+01
3.868485850685041214e+02 -4.447184986840434817e+02 1.749244811479176320e+01
3.877344740075664049e+02 -4.429516451151145020e+02 1.752208513136011803e+01
3.887077516033944562e+02 -4.409011300670769060e+02 1.738344890355614680e+01
3.896249680286026660e+02 -4.386175811040695862e+02 1.741649362907559606e+01
3.912096689286739775e+02 -4.353988984952626424e+02 1.751610834877359579e+01
3.922006939847851186e+02 -4.332348516618382632e+02 1.746207736705785862e+01
3.931875052235899943e+02 -4.307952062206757091e+02 1.735388126158674282e+01
3.958856311523697400e+02 -4.250864621781371397e+02 1.713429464320118356e+01
3.968553159035000135e+02 -4.226200154820446642e+02 1.712338300820196579e+01
3.977739706501789101e+02 -4.205203629890071966e+02 1.704152308108287528e+01
3.991146071852734849e+02 -4.204929629532800277e+02 1.716827661692375173e+01
4.018262753012497797e+02 -4.202865833239811764e+02 1.707993383254021325e+01
4.041753641494535714e+02 -4.201395783390483416e+02 1.688743087433401868e+01
4.078570574662651893e+02 -4.200381368324939331e+02 1.677003900813641479e+01
4.101082102915750625e+02 -4.199320168344200397e+02 1.688655091651171958e+01
4.140515411419210068e+02 -4.196471527279256293e+02 1.665560990634641314e+01
4.168839193043613136e+02 -4.194014804280883482e+02 1.667740523066351699e+01
4.193162573028495785e+02 -4.193738933886891687e+02 1.642177326088656741e+01
4.216450691418925203e+02 -4.190960315025056389e+02 1.633777882088764954e+01
4.258428364596962297e+02 -4.188427924173998349e+02 1.620427865810073698e+01
4.268164649673264535e+02 -4.188252677594987858e+02 1.634475249322043666e+01
4.285040070817271953e+02 -4.204286113453862299e+02 1.641468980803371025e+01
4.304686502000462838e+02 -4.221909271496706424e+02 1.642066597671548323e+01
4.323140129480416931e+02 -4.240069674546830925e+02 1.642044137872609610e+01
4.360080580727190522e+02 -4.272763420148550608e+02 1.652948088478545685e+01
4.380068019977676386e+02 -4.290779422048586298e+02 1.662091780573382849e+01
4.397444824599554636e+02 -4.307058722029757405e+02 1.664534681328881760e+01
4.426451115637051430e+02 -4.331264048971491434e+02 1.691802433057828381e+01
4.463084936144612129e+02 -4.364927122162300748e+02 1.685826067947405349e+01
4.473341158021620458e+02 -4.374369867366210087e+02 1.692940345145230907e+01
4.487906290298481053e+02 -4.418490830463186398e+02 1.711688100143786784e+01
4.498181728971977122e+02 -4.456228327090444168e+02 1.731107459905454604e+01
4.509809026769639217e+02 -4.492477766069985705e+02 1.758206268571502306e+01
4.516776434035282364e+02 -4.515117070914442365e+02 1.750742939851456015e+01
4.532808056529453324e+02 -4.565697951023945507e+02 1.773745178244775289e+01
4.532932723772909753e+02 -4.571213095324816891e+02 1.766438696102059325e+01
4.532965517952108030e+02 -4.593540749750362124e+02 1.766230458261930281e+01
4.534341541117915995e+02 -4.634966546723518377e+02 1.778454407181613206e+01
4.535126572029987528e+02 -4.671244072115966333e+02 1.787741723486756129e+01
4.535910717578383355e+02 -4.696406866099954414e+02 1.788392085049983748e+01
4.537190113821701516e+02 -4.751491724479501499e+02 1.778474555560070769e+01
4.537617689570528228e+02 -4.783275373347418054e+02 1.789961036042747367e+01
4.537685067273060326e+02 -4.809574622806326829e+02 1.792326471969853330e+01
4.538174804857396794e+02 -4.819135999435690110e+02 1.780774221027001758e+01
4.570442450585818506e+02 -4.834649164368632910e+02 1.758866179039105404e+01
4.603788307612904873e+02 -4.851153547165372970e+02 1.733967738118918334e+01
4.626307943392241100e+02 -4.861166470123229146e+02 1.726604408478254982e+01
4.650642219913921735e+02 -4.872782524364434948e+02 1.710851560212142175e+01
4.682138793618672707e+02 -4.888471654010410248e+02 1.687155068427737703e+01
4.707938511246939015e+02 -4.899830816697439104e+02 1.663760566830231014e+01
4.739374156445616109e+02 -4.915459957317319777e+02 1.640959214279746448e+01
4.761669501123710120e+02 -4.925705121535159492e+02 1.639200314159619865e+01
4.771337896308061204e+02 -4.931402495335646563e+02 1.625654760808876276e+01
4.784678899440875739e+02 -4.896124179936153382e+02 1.619473237766023388e+01
4.792248995724382326e+02 -4.872981609209256817e+02 1.635150245327138308e+01
4.805360077398370890e+02 -4.835774961150167996e+02 1.628767869438609139e+01
4.812044069745884940e+02 -4.810537538100270467e+02 1.631201423274447038e+01
4.822743828130978727e+02 -4.779485129510523507e+02 1.627431236295028683e+01
4.832193086269533069e+02 -4.753380224294798495e+02 1.651088225648162577e+01
4.840149261817105639e+02 -4.730899714516357335e+02 1.640280815100310363e+01
4.848204866684911281e+02 -4.706494564363005111e+02 1.665942346082782777e+01
4.859268113133261977e+02 -4.672174928130360740e+02 1.661250379145062439e+01
4.868713386884980423e+02 -4.647466355220791456e+02 1.664702099116679079e+01
4.880963982340484790e+02 -4.609657574850953665e+02 1.670731722282945952e+01
4.889133361698171143e+02 -4.586415287715935847e+02 1.688235920141928759e+01
4.900542434534900735e+02 -4.551264854726667863e+02 1.688773172043702431e+01
4.916302586045730436e+02 -4.507968667100881248e+02 1.684111936850352009e+01
4.925389346110870861e+02 -4.478982462146134367e+02 1.678850212479503057e+01
4.935689970957628248e+02 -4.451223214221787998e+02 1.694357481820576794e+01
4.934651427650742903e+02 -4.447985474068875078e+02 1.686805025938797442e+01
4.935536425559590157e+02 -4.416460008007188094e+02 1.694593418999860290e+01
4.936403019109078514e+02 -4.393982027726103752e+02 1.690649028329826109e+01
4.936663401585811926e+02 -4.349471948358821010e+02 1.677322119382770893e+01
4.938180842794385512e+02 -4.319886437923422022e+02 1.684827867782501087e+01
4.936618372306949141e+02 -4.292592698436966430e+02 1.681247423184876766e+01
4.938963548010632394e+02 -4.258190645876107965e+02 1.686579742965024664e+01
4.938804568962368080e+02 -4.229785943653585605e+02 1.680432198138644395e+01
4.938181625849590546e+02 -4.207376256429620867e+02 1.666882734750164374e+01
4.939147342997006263e+02 -4.166888209093773412e+02 1.677132617567337647e+01
4.938521027932345078e+02 -4.133163286921481472e+02 1.671440214589827633e+01
4.938768948165987922e+02 -4.113665949272394755e+02 1.666269016040938666e+01
4.939071514123924658e+02 -4.089872098532880500e+02 1.662759598134561045e+01
4.939465017592594336e+02 -4.063644165311305301e+02 1.674050652300369535e+01
4.939482312204406185e+02 -4.026266170917171507e+02 1.656366686027338631e+01
4.938878167387636040e+02 -4.006576435715451225e+02 1.660547837311023400e+01
4.939602772531802657e+02 -3.983226149029844692e+02 1.669460027131693636e+01
4.939176055013578548e+02 -3.947984596727691837e+02 1.651616916488008968e+01
4.939209866375595084e+02 -3.916351374247979606e+02 1.666433520989233585e+01
4.940276156798514648e+02 -3.882962437414822148e+02 1.661474038400019282e+01
4.939736384786863823e+02 -3.853556491654107958e+02 1.653439567717902747e+01
4.939523706240673278e+02 -3.817563855590885851e+02 1.646377693006147780e+01
4.941560215759158723e+02 -3.793672784282444468e+02 1.657016639769317479e+01
4.941255729949315878e+02 -3.768510680465393534e+02 1.647245339634021732e+01
4.940831959718839244e+02 -3.708475399799813204e+02 1.650447438257868171e+01
4.940519444427815756e+02 -3.681108577708517373e+02 1.650769136008294424e+01
4.940990666502088970e+02 -3.652694354661744001e+02 1.638455428820218174e+01
4.940766712356845005e+02 -3.626459397255550812e+02 1.651215783181902808e+01
4.940607533490115202e+02 -3.589401898563978648e+02 1.657454155572664334e+01
4.938934231543776150e+02 -3.564238266192195965e+02 1.647688156369764201e+01
4.939079792101697421e+02 -3.554437667553711435e+02 1.644638428398186747e+01
4.928306892193897966e+02 -3.542939782589998572e+02 1.651942191294329376e+01
4.911883976033759609e+02 -3.524175544208600854e+02 1.629162842994167093e+01
4.894163976560529363e+02 -3.504864433236912760e+02 1.638645674105861971e+01
4.867562541343510816e+02 -3.477890707262061483e+02 1.614116638120097491e+01
4.849755454364399725e+02 -3.460539399898368629e+02 1.609456263651661345e+01
4.833611424628263649e+02 -3.442173846951506562e+02 1.601204966443083677e+01
4.817109366084019939e+02 -3.423394719048606021e+02 1.580994306203686861e+01
4.790289342360361502e+02 -3.395968343492001509e+02 1.565642420115636213e+01
4.769338780581600190e+02 -3.373046508590910548e+02 1.543041716439273792e+01
4.751902957400553760e+02 -3.353636854498559501e+02 1.537283211097556723e+01
4.724838499294988310e+02 -3.326098472069612058e+02 1.529736549642458776e+01
4.705977136307710680e+02 -3.306916428068744835e+02 1.507561266758433938e+01
4.682846545846089157e+02 -3.282094486929453296e+02 1.502466031080071218e+01
4.652905687426268173e+02 -3.249815327204045161e+02 1.487075824785517675e+01
4.671045767934273272e+02 -3.215492424501404685e+02 1.493637522782285565e+01
4.682507411641456656e+02 -3.197541749201171797e+02 1.475216081169228843e+01
4.707155232221983852e+02 -3.154485226361934451e+02 1.490319295926488152e+01
4.726224171977305559e+02 -3.124853332927891074e+02 1.474001656644777292e+01
4.757306070986260238e+02 -3.072262238338440739e+02 1.496240334955992601e+01
4.774208762215031356e+02 -3.041074955297002589e+02 1.481537498296476407e+01
4.791380205310124438e+02 -3.015778376587679759e+02 1.494508692782493142e+01
4.806938422035186704e+02 -2.987836958594175485e+02 1.483270659263803637e+01
4.829968920343231389e+02 -2.951547649211820499e+02 1.491068498433215517e+01
4.828740642317883953e+02 -2.942627825599892049e+02 1.492431886622736847e+01
4.829784416975164731e+02 -2.914841203342630820e+02 1.503179081643538240e+01
4.831774090584112855e+02 -2.883768954302859129e+02 1.507429434788946665e+01
4.831127913556732096e+02 -2.855515025150033921e+02 1.498942092987328145e+01
4.831763769650028735e+02 -2.817375385509285479e+02 1.499063958841118094e+01
4.832580134470219946e+02 -2.792139555102201030e+02 1.510524784399840748e+01
4.834278836971899409e+02 -2.753857810183772585e+02 1.503625917578666638e+01
4.833922563246613322e+02 -2.714244601424878738e+02 1.521007282017175832e+01
4.835760572139882356e+02 -2.692950647892812981e+02 1.525056756387142087e+01
4.836090055672340782e+02 -2.655795368371026370e+02 1.526520844096893548e+01
4.836311247222961356e+02 -2.634375620430831191e+02 1.535271684001609671e+01
4.837763066028109620e+02 -2.572822383762112395e+02 1.540528882847468140e+01
4.838931987414578089e+02 -2.533904893776809502e+02 1.546195194098308967e+01
4.838369393216858043e+02 -2.510561868001516075e+02 1.545354470322548757e+01
4.838365755137074302e+02 -2.503269454916165557e+02 1.545514089783199374e+01
4.810470575377148634e+02 -2.484798417499255265e+02 1.547787391838139115e+01
4.787573090464488814e+02 -2.470240763802858623e+02 1.554514716387544482e+01
4.752491967739863981e+02 -2.447044016721996798e+02 1.572092085333504308e+01
4.728769961230214562e+02 -2.434379523267407137e+02 1.572433073337214182e+01
4.696671169616467978e+02 -2.412933911242094496e+02 1.585128066770976574e+01
4.663612798026563837e+02 -2.391830943731171999e+02 1.594838800215083374e+01
4.642523584050395584e+02 -2.378397171543659283e+02 1.601720332368364552e+01
4.621683171058197672e+02 -2.367408501631074671e+02 1.616519035490489742e+01
4.589394938427353736e+02 -2.346591058804341969e+02 1.639760434676976075e+01
4.558660346725117734e+02 -2.326141073521088742e+02 1.661151214723011194e+01
4.529400742150959331e+02 -2.308073274838672546e+02 1.670112075394308704e+01
4.504815661453845905e+02 -2.292497808124643370e+02 1.683715396783205875e+01
4.502680836708803440e+02 -2.238290638099105649e+02 1.704490970622220658e+01
4.500344165289026819e+02 -2.211993486423731952e+02 1.726136263889793199e+01
4.500559887433288964e+02 -2.175940149933065300e+02 1.749896915499737560e+01
4.497034187172806128e+02 -2.134361587187750047e+02 1.768488887406929067e+01
4.496558449745186294e+02 -2.070018673868003134e+02 1.783975588549310842e+01
4.494326974529381573e+02 -2.044308459535371014e+02 1.790996534844584076e+01
4.493279173600422496e+02 -2.011225089241677608e+02 1.788497110621283426e+01
4.491754050009004118e+02 -1.981243197104594174e+02 1.800353790891838557e+01
4.490138645825159074e+02 -1.932223463208241867e+02 1.819230231791984309e+01
4.489682709890404908e+02 -1.907315290804134236e+02 1.812288149710583340e+01
4.488558543752410515e+02 -1.901255617447314421e+02 1.821704908041949977e+01
4.506974152116646337e+02 -1.883452300285812839e+02 1.792307166701176868e+01
4.525583537157666001e+02 -1.868715928741782193e+02 1.787831333848060211e+01
4.552965214428940612e+02 -1.842119408799004248e+02 1.764125045658883195e+01
4.582653798771603419e+02 -1.816981476169239045e+02 1.731818288209258228e+01
4.609131794352028919e+02 -1.790775952606923909e+02 1.721592582218948309e+01
4.638368109808083091e+02 -1.765015591470239826e+02 1.701230072394428561e+01
4.684475260278193218e+02 -1.723210878386825300e+02 1.688419349319299556e+01
4.702755557402212503e+02 -1.707504217183146409e+02 1.666432972208473018e+01
4.720067920701851563e+02 -1.691334941043978404e+02 1.642279234609989658e+01
4.747959803459676209e+02 -1.665823462585796619e+02 1.624273153257670899e+01
4.774217561987240401e+02 -1.642622579915387462e+02 1.618599910880540094e+01
4.774603877591610512e+02 -1.634951993730292941e+02 1.597871841858090747e+01
4.775217206609688674e+02 -1.610334787746060670e+02 1.597785561392478826e+01
4.777298624601409074e+02 -1.572854393493992404e+02 1.592945191413628159e+01
4.778744806305545012e+02 -1.526023906573842623e+02 1.582247405682403851e+01
4.780871418887624031e+02 -1.489895890956879896e+02 1.576231852977097603e+01
4.782349714099814264e+02 -1.466552267797164291e+02 1.559471008122457647e+01
4.782881036292059775e+02 -1.438702671571824681e+02 1.567952172664384847e+01
4.784670947133086543e+02 -1.410717471528292606e+02 1.563698863264333205e+01
4.784562314755022499e+02 -1.384556881615842769e+02 1.559564130033495566e+01
4.785973673927032905e+02 -1.344794134193844570e+02 1.541247784020138134e+01
4.787211159810721028e+02 -1.319409690906718708e+02 1.553671340489429653e+01
4.787410922342811546e+02 -1.295213797075833781e+02 1.542182933038111337e+01
4.787737926037710849e+02 -1.267068955712527014e+02 1.536551418510576816e+01
4.788304519175757150e+02 -1.249196611782006556e+02 1.525494734317592815e+01
4.786788481098125203e+02 -1.245864554955285115e+02 1.530842120122997052e+01
4.769597942829569774e+02 -1.228618348211147548e+02 1.519656973210748419e+01
4.742903413022418704e+02 -1.199674482678821335e+02 1.502034825619298175e+01
4.717808996550249958e+02 -1.173163243376781963e+02 1.485240229398473488e+01
4.701372579337573825e+02 -1.153659520269827823e+02 1.469410939974467034e+01
4.683205996381268506e+02 -1.135377727373652732e+02 1.456412394258828513e+01
4.656691322770048487e+02 -1.108862159668095586e+02 1.444084297007327677e+01
4.624256929723835015e+02 -1.073453099870487364e+02 1.417530885792908180e+01
4.605871890378090256e+02 -1.052081688304836149e+02 1.387627515409665158e+01
4.589176875083051641e+02 -1.035971903459185626e+02 1.368910941866008102e+01
4.565739346351152790e+02 -1.010987114256051598e+02 1.349880312704881646e+01
4.548066018260532815e+02 -9.921489379186458279e+01 1.313907311743366080e+01
4.529968773025975679e+02 -9.723423708269073984e+01 1.276579731784325844e+01
4.514459960299627141e+02 -9.562433914642656418e+01 1.268427082852237220e+01
4.501589851323140010e+02 -9.412726463544248645e+01 1.249488632337746097e+01
4.506273526983606530e+02 -9.347750243823584526e+01 1.239825505917542969e+01
4.519346263848650551e+02 -9.129192866150438590e+01 1.205516799447068443e+01
4.531568818203963929e+02 -8.911216538417717459e+01 1.182365461455445477e+01
4.550994122761827043e+02 -8.586891170485749569e+01 1.131649529335370730e+01
4.563051190807241824e+02 -8.393498124511042136e+01 1.093129072071445229e+01
4.575784802820666641e+02 -8.164055283407233787e+01 1.051766951394876770e+01
4.596815906334660440e+02 -7.836180726020288034e+01 1.015473888053150908e+01
4.609964507765678263e+02 -7.620261169743982066e+01 9.807474974490196118e+00
4.622412059139313669e+02 -7.404645148308767943e+01 9.387249598254964411e+00
4.634360027232694392e+02 -7.176142601992998493e+01 9.119818896773143280e+00
4.654307058166466504e+02 -6.855730738292878357e+01 8.632061058424934430e+00
4.666337017022991631e+02 -6.642281496243768402e+01 8.296352105331079585e+00
4.680118781792895675e+02 -6.424861842943600720e+01 8.149912145839991240e+00
4.706664063630855708e+02 -6.048761654885387173e+01 7.865889305438294343e+00
4.729080856753146804e+02 -5.732227843637598141e+01 7.289278863011201537e+00
4.750253307469642436e+02 -5.422129711662314833e+01 6.984843928123456003e+00
4.764740414138461801e+02 -5.222225333464609776e+01 6.874458773601760164e+00
4.786949144019155824e+02 -4.939015324070672364e+01 6.555295400287823426e+00
4.801254274866942069e+02 -4.718884740631938968e+01 6.296598461618961196e+00
4.838844560069712202e+02 -4.206192715174597652e+01 6.359612515821054579e+00
4.852375927440265855e+02 -4.004048145892028288e+01 6.250999297711208769e+00
4.867356334667773581e+02 -3.782005115569860720e+01 6.262914992793127134e+00
4.881590647962692060e+02 -3.586519004842070757e+01 6.259270271344393954e+00
4.896566534567750182e+02 -3.382587783686077643e+01 6.077463048612507635e+00
4.919617569303746905e+02 -3.047831508934114808e+01 6.101794201489149749e+00
4.929012343584324185e+02 -2.916916157447307612e+01 6.187486705505469864e+00
4.918976607209388021e+02 -2.690643005429504697e+01 6.053612697605092130e+00
4.909063617891486615e+02 -2.471984892193832550e+01 6.024215874850707308e+00
4.887187479782658670e+02 -2.009372044216291542e+01 5.828570437327880605e+00
4.872381769399773930e+02 -1.665953560280837564e+01 5.709281508398249549e+00
4.848067315665298338e+02 -1.097115155183558954e+01 5.733302353491900760e+00
4.832880191498890667e+02 -7.543808576670350874e+00 5.622939801865785903e+00
4.817176712155108476e+02 -3.969568215502385033e+00 5.580378390202080041e+00
4.808048913073550921e+02 -1.638434195453449815e+00 5.354655376621351159e+00
4.797042287565834044e+02 6.319526060211134721e-01 5.334054279935595666e+00
4.770588239466928258e+02 3.228541759720400250e+00 5.265058328061240189e+00
4.750010624521691511e+02 4.835499117083411846e+00 5.048923966041530598e+00
4.723182967327520601e+02 7.285581360795791994e+00 4.939529453673116244e+00
4.703154970694181429e+02 9.079847481082776284e+00 4.632778491920193531e+00
4.683920634127322842e+02 1.064696684676356853e+01 4.569971259005426667e+00
4.665202121269845179e+02 1.224128726008852475e+01 4.390525475358452390e+00
4.646996008896192620e+02 1.406543816628931509e+01 4.297718794700941203e+00
4.625625269790294283e+02 1.567267163262970264e+01 4.238893408396127604e+00
4.598358551567815766e+02 1.809949964386488475e+01 4.095592988224041164e+00
4.579010136251089875e+02 1.976924487612822645e+01 4.055107602620363849e+00
4.551228236514174910e+02 2.208314073099521835e+01 3.996457948227183810e+00
4.513080397828265404e+02 2.546682575867545495e+01 3.740900863072222915e+00
4.503497991334434118e+02 2.636544151864526597e+01 3.807101668126815053e+00
4.505784277282974131e+02 2.771107563019592490e+01 3.812427953402096392e+00
4.515186267482372386e+02 3.113864158025131701e+01 3.757984968773340650e+00
4.523974479500139410e+02 3.467092306321446671e+01 3.738750437769803980e+00
4.537833878703061146e+02 4.085446220420136854e+01 3.650492436531958429e+00
4.542941203179154286e+02 4.333328379842095757e+01 3.493793517667558302e+00
4.548647053168310777e+02 4.587116024877167320e+01 3.486218041766816267e+00
4.555635232561294288e+02 4.842190804084396660e+01 3.258384010391630614e+00
4.562090104688018641e+02 5.207395365020808953e+01 3.266870298032171771e+00
4.572414633772503976e+02 5.562149961568696455e+01 3.025462406396392634e+00
4.577085639627870819e+02 5.803082607951547800e+01 2.821199754717609753e+00
4.583827797633333034e+02 6.060107222058879017e+01 2.674767205260133451e+00
4.583586684824793451e+02 6.090391874888936030e+01 2.650451992107774490e+00
4.611594434472929152e+02 6.285207638518591011e+01 2.476336391574171625e+00
4.630660723518857935e+02 6.444514246644502009e+01 2.322183488984337352e+00
4.651520856174478808e+02 6.583925383392436004e+01 2.182156162261727594e+00
4.681832523731662832e+02 6.817347362220473883e+01 2.193154552654666301e+00
4.702209711184219145e+02 6.960467299449588552e+01 1.974495752889954936e+00
4.731964258797780758e+02 7.202756787938056959e+01 1.892478422555926798e+00
4.753640475725278520e+02 7.341979420355914954e+01 1.836031263262556834e+00
4.782293860861647659e+02 7.575170425734114588e+01 1.758027053326485456e+00
4.802379364072214685e+02 7.725709372636084993e+01 1.574747711350260149e+00
4.824067097095997951e+02 7.877080573317059020e+01 1.714648861187345164e+00
4.852772244761362685e+02 8.116033522909501130e+01 1.674288348045579689e+00
4.872973765160954258e+02 8.257493193717914437e+01 1.580721521396609486e+00
4.910976041032844819e+02 8.551975162883758230e+01 1.537573557318215212e+00
4.925296531050203157e+02 8.668516375018026565e+01 1.686210342489564251e+00
4.925579466600752880e+02 8.922335340728781716e+01 1.634310036763974239e+00
4.925943738750146963e+02 9.295266314081843007e+01 1.575102741392996997e+00
4.926661701251127283e+02 9.561098736742401627e+01 1.530087644428185234e+00
4.927701537660854001e+02 9.805735189406162533e+01 1.642760531292300374e+00
4.929023782498097148e+02 1.017065453743417720e+02 1.661406174369296940e+00
4.931454189489940632e+02 1.068109806109980866e+02 1.619434315373330158e+00
4.931944728697233131e+02 1.104664719735322080e+02 1.685995673236228676e+00
4.932336287841715148e+02 1.129224526919894203e+02 1.843294305547239942e+00
4.935208258223072448e+02 1.180887568320847407e+02 1.714783399982962475e+00
4.936795869606253859e+02 1.217970225174138932e+02 1.899374696869601031e+00
4.938329475147131120e+02 1.254712284878813335e+02 1.985254498088670383e+00
4.937890559111839366e+02 1.280931862850180210e+02 2.041298467682095996e+00
4.939674382118391804e+02 1.305368753245772098e+02 1.907768615579021665e+00
4.938320604826186013e+02 1.309975069440662310e+02 1.895602469436354243e+00
4.906768260260898842e+02 1.326290523650262116e+02 1.900608308589972761e+00
4.884331059981204248e+02 1.337499272951630189e+02 1.758987056031096508e+00
4.860820845518535975e+02 1.347283132158530066e+02 1.811928266243529650e+00
4.838620142794639492e+02 1.358499491907900847e+02 1.585614337006576946e+00
4.793724740815552536e+02 1.381570693526924742e+02 1.464842786985546708e+00
4.772526904126079899e+02 1.392077556935300890e+02 1.217426724367955293e+00
4.750727220499245504e+02 1.403820511939068467e+02 9.305505975484158476e-01
4.718502861482016328e+02 1.418566263447978884e+02 8.355616767934641587e-01
4.694109459878043822e+02 1.429248783427653962e+02 7.386223294806809614e-01
4.659969425622601875e+02 1.446360436701161234e+02 6.955590299698146683e-01
4.638155651802234161e+02 1.456876159024724302e+02 3.478051345385632098e-01
4.603429308433772462e+02 1.474157055494719373e+02 3.499281613063129903e-01
4.582507682849699790e+02 1.483063360837829237e+02 1.746473670000568412e-01
4.560384149113536978e+02 1.495076054448358036e+02 -4.128058237364069794e-02
4.525540417201356149e+02 1.511553353925396550e+02 -2.859657995168770617e-01
4.506422065664697811e+02 1.520447849690355895e+02 -3.253613886090236940e-01
4.489474478388597163e+02 1.520646633511072423e+02 -5.339993958247488681e-01
4.439344582866529549e+02 1.521712072067546160e+02 -7.256714036245273114e-01
4.401910173220230718e+02 1.522394944928896621e+02 -9.992702504848191003e-01
4.378059567867309170e+02 1.522726239435465914e+02 -1.310952479325059983e+00
4.340444926106197840e+02 1.523627934282136209e+02 -1.292636871844258240e+00
4.312236761589217622e+02 1.523827656055003956e+02 -1.504498386331926785e+00
4.289090427621222261e+02 1.524483858447510727e+02 -1.830890704828469273e+00
4.248675810072987815e+02 1.525378387666630147e+02 -1.944611142046018371e+00
4.224577086415535518e+02 1.526522017863826477e+02 -2.031517816406080978e+00
4.185771774166759656e+02 1.527254528952873613e+02 -2.019273033749931390e+00
4.147858454369455217e+02 1.527730725566588319e+02 -2.225155695537139877e+00
4.123360391507125087e+02 1.527441518987717473e+02 -2.400876146984715742e+00
4.071094296057021324e+02 1.529247154780447033e+02 -2.386722558827465868e+00
4.009958527550566600e+02 1.528731905469573462e+02 -2.597111800881897636e+00
4.005562450617780996e+02 1.528494857121692405e+02 -2.693165654445384583e+00
