5.399433771715275721e-02 4.815040451503829755e-02 3.297653628401983639e+01
1.318722581345539213e+00 7.534281911342838312e-02 3.099888554708279642e+01
5.088787205879169662e+00 -5.109275247932157371e-02 2.694121802898425955e+01
8.677276773663871623e+00 4.328217820636298674e-02 2.637595185126953723e+01
1.140958916978251914e+01 -5.156065456583314166e-03 2.685116954010884172e+01
1.209143806836778978e+01 1.575511108434360930e-01 2.879767224635639522e+01
1.601458757008538925e+01 4.800879299871403383e-01 3.066355171835574467e+01
1.990521712447658587e+01 9.812305156371814441e-01 2.659938824859114348e+01
2.360125905259041801e+01 1.241560821834777562e+00 2.165072151693542679e+01
2.626396385830541647e+01 1.587583451471837437e+00 1.792941901500252655e+01
2.869784278784654674e+01 1.735058304928474904e+00 1.431038796104100008e+01
3.112662859565998374e+01 2.154242516192124146e+00 1.051326939109017111e+01
3.376973167279390964e+01 2.284211252099256129e+00 6.996991096070829919e+00
3.615152601256140485e+01 2.532301812867429280e+00 5.487130579383225459e+00
3.835104698111207000e+01 2.810994564057115230e+00 4.301929729938328784e+00
3.938999259738472603e+01 5.829439239840755071e+00 1.860785889448153929e+00
4.029108812523885064e+01 8.328866555188064069e+00 -1.703624231526145449e-01
4.278186634057873761e+01 1.416821290788709575e+01 -1.157165931702485828e+00
4.356105004557738880e+01 1.658262129424509368e+01 -5.114849049858748442e-01
4.449835616282219775e+01 1.883811934841795832e+01 1.975638976330487351e+00
4.618890323698317246e+01 2.312389135760489722e+01 3.675566340003102006e+00
4.811514508435070070e+01 2.807600294430029919e+01 7.738255432506989884e+00
4.807848803571911844e+01 2.864055407871519066e+01 7.979316892924663840e+00
4.813245696066387325e+01 3.133606283978696183e+01 7.133132581779086934e+00
4.848905405330771856e+01 3.609424043885545785e+01 6.437031724366494068e+00
4.860647922875687499e+01 3.861122657994900464e+01 6.869949602147102929e+00
4.857167287420421786e+01 4.237688181436688240e+01 1.104485708524634902e+01
4.851812752529369988e+01 4.493228086916629849e+01 1.253201672425698554e+01
4.843562579104732890e+01 4.608469983996594976e+01 1.238961404587200121e+01
4.632330446900407139e+01 4.678212988206321654e+01 9.780878663362392089e+00
4.141075897138078687e+01 4.797527670283319878e+01 7.806017044473489541e+00
4.098870396073944988e+01 4.800031289775048293e+01 7.725715794352213450e+00
3.682446105287790061e+01 4.793686202142865227e+01 3.795532317304934899e+00
3.437286564137022538e+01 4.805477461395695826e+01 4.386295596699469890e+00
3.332208720088014076e+01 4.790464943611021909e+01 4.777695626297429499e+00
3.231733513636795152e+01 4.811824191758192626e+01 5.471012300142263918e+00
2.861038316510251889e+01 4.833002697529590108e+01 7.080943190656274311e+00
2.546701968178467723e+01 4.855954255204807879e+01 7.697083222571578176e+00
2.172965143535440546e+01 4.842204125936223136e+01 8.675782042624957668e+00
1.927400657768788506e+01 4.856866922502710793e+01 8.755504901527752182e+00
1.861191688435242853e+01 4.861853949813414744e+01 8.909701799602959937e+00
1.823310288207017038e+01 4.856952488360332154e+01 8.884431612516276999e+00
1.728478856259279084e+01 4.858614960773935820e+01 9.220165403918764824e+00
1.508478403885308161e+01 4.848615725464438952e+01 1.143426795828720088e+01
9.265113317821974448e+00 4.844799656493434981e+01 1.092872443207892452e+01
6.224011993671915377e+00 4.848645182308199963e+01 1.132135246957660435e+01
5.441596585616779613e+00 4.768675001628215426e+01 1.126812498224244230e+01
3.758602870520828088e+00 4.578057152212585379e+01 1.020519127425207806e+01
2.092915208412353678e+00 4.409394102951405614e+01 8.702044509882906453e+00
4.241059584016591000e-01 4.215065892025318561e+01 6.368653797629446167e+00
-1.200666956713642763e+00 4.007031264929716485e+01 6.442635767434452987e+00
-2.615110424006049872e+00 3.874801813529069250e+01 7.029599131136551549e+00
-7.713022901471210169e+00 3.976392346590313309e+01 9.833929702835192188e+00
-1.014564998617728975e+01 4.021512750735338670e+01 1.266708779766003623e+01
-1.263583565401759401e+01 4.073124708672621352e+01 1.659020326555890890e+01
-1.505158182495103780e+01 4.133011581284307567e+01 2.039442083414017759e+01
-1.740115082541447222e+01 4.187559753104729054e+01 2.352993415723006265e+01
-2.346227853665233809e+01 4.307563116868808351e+01 2.720473630525536635e+01
-2.588446488615306507e+01 4.358546045759642595e+01 2.561666556110301940e+01
-2.830160431502061158e+01 4.409038700676160971e+01 2.536256236485041526e+01
