3.669807819670881099e-02 4.392324685726228806e-03 3.319537732678579545e+01
3.589330634042965151e+00 -7.981832180477210770e-02 3.071238398139401582e+01
6.056278272739676893e+00 9.481336535968634682e-02 2.798227891287948310e+01
8.627945094089014333e+00 -7.991357705652535337e-02 2.618655657084470434e+01
1.111119081570020484e+01 -9.192561091981324428e-02 2.679472755946564533e+01
1.309519640416002595e+01 9.322665866570349902e-01 2.803831947785745271e+01
1.551717484272029601e+01 1.969434096151123637e+00 2.895930285671690285e+01
1.893656490390305080e+01 3.353415383479154688e+00 2.588700355776796513e+01
2.135680980852373878e+01 4.448342399181808737e+00 2.266789113472334449e+01
2.450844233259796923e+01 5.823619888521700538e+00 1.963424110676200485e+01
2.650148844077282817e+01 6.675151983570247971e+00 1.688359774161421711e+01
2.931918277441815590e+01 8.042197285632131099e+00 1.105092732996098093e+01
3.159009661747969488e+01 8.980771713076514118e+00 6.108865607460311153e+00
3.485725433404071083e+01 1.047961785006479118e+01 7.462302788350086979e-01
3.577241729019302596e+01 1.082938438224610067e+01 1.192668635896546869e-01
3.683080112812145757e+01 1.276432390078686829e+01 -2.605236268129855315e+00
3.825683205894640082e+01 1.604429235101971685e+01 -3.472561736994777437e+00
3.932063505551820271e+01 1.833092015340616499e+01 -3.529762389544535139e+00
4.041205086940065172e+01 2.050071414298135863e+01 -1.757223260601583847e+00
4.153392282240354660e+01 2.278501082558982560e+01 2.172181999288370635e-01
4.375075079469613115e+01 2.718993844593802223e+01 3.088601623812336605e+00
4.473304404122858102e+01 2.925587450030030467e+01 5.453286713576584788e+00
4.625646825776842519e+01 3.275298082696301805e+01 6.475388263237145559e+00
4.712627651037065135e+01 3.448078118385375035e+01 6.377086621253289955e+00
4.726488969334189960e+01 3.513926494543041201e+01 5.987805149473346411e+00
4.759578024019133125e+01 3.812854250566462611e+01 6.406201349370323150e+00
4.791760039687628847e+01 4.073664024168319031e+01 8.079188043550496801e+00
4.841157441642959469e+01 4.601659200951144868e+01 1.221630271000794288e+01
4.860311044891175669e+01 4.658384862749329614e+01 1.317009223649331240e+01
4.861731426913155474e+01 4.290748095384287097e+01 8.545264049986515786e+00
4.885553109072519362e+01 4.026408133554772206e+01 6.903235904689508651e+00
4.876382577743797953e+01 3.792461899654691138e+01 6.193790976789140146e+00
4.882638612697079594e+01 3.998614783568591946e+01 7.892264581717058469e+00
4.873276784623265456e+01 4.242439415998104835e+01 9.997040671420556635e+00
4.885845830867319251e+01 4.525927754175911844e+01 1.336704725698201024e+01
4.870138934309834866e+01 4.699469767614748861e+01 1.334998796622737416e+01
