-5.603671059017254624e-02 -6.755312590084222579e-02 3.305224740193744282e+01
5.780093677506943362e-01 8.654058582056650684e-02 3.299234221697228264e+01
3.112513804491734870e+00 -2.489079126523360830e-02 3.028005202158244558e+01
5.352859828746846738e+00 -8.604316664782812873e-02 2.763068247198951966e+01
8.027731060435526089e+00 -1.683943456118268400e-02 2.668633718317589754e+01
8.417608931742938339e+00 2.048367225036727968e-01 2.555977087726616759e+01
1.086388555291515168e+01 1.308332540851362635e+00 2.662118769060739609e+01
1.548141384653890995e+01 3.236183863054805876e+00 2.743592167718574615e+01
1.768733998394408502e+01 4.219791931107450544e+00 2.668600488298244500e+01
2.201639666092124870e+01 6.174737164621124208e+00 2.177878546098423129e+01
2.442403885756527160e+01 7.203960307946001507e+00 1.862115330615263176e+01
2.777618348697531303e+01 8.876162301947287503e+00 1.093141913392472020e+01
3.023445423626308681e+01 9.762285942048041676e+00 3.575153973402161789e+00
3.267751000275244877e+01 1.099002022079273466e+01 3.001002396989632004e+00
3.295716574494909423e+01 1.113482263268470618e+01 2.707080248653022547e+00
3.417930000839488258e+01 1.316608309126067944e+01 -6.678645182827638305e-01
3.549044234498856554e+01 1.531669460511196945e+01 -4.034123072157571599e+00
3.757476282355946040e+01 1.842669924561249672e+01 -3.377806778246280839e+00
4.031197805934151290e+01 2.262181161297630538e+01 -1.779854739975452516e+00
4.147266679708459947e+01 2.457554056423792943e+01 8.536783577659156075e-01
4.290546115822932904e+01 2.692325387002511050e+01 3.292502902934813402e+00
4.427904320989675568e+01 2.890123342988248467e+01 5.742469480294062123e+00
4.554852627720819669e+01 3.083381582032588497e+01 6.508373057115020011e+00
4.730539642826002478e+01 3.362390645128672162e+01 6.943432230283336004e+00
4.763332712075224151e+01 3.674049939192261860e+01 6.449254947410577365e+00
4.792191306974390841e+01 3.934085069162052406e+01 8.058079623341582121e+00
4.839351923710133008e+01 4.328719320407016369e+01 9.829103894216059345e+00
4.857118415972073677e+01 4.511615608268043331e+01 1.248531393379575682e+01
4.860358976528512187e+01 4.646248376125527102e+01 1.303991489927044434e+01
4.824487210823977534e+01 4.675028251172854965e+01 1.284193080684897836e+01
