-6.701183449235156853e-02 4.716394172339732904e-02 3.307014474152996542e+01
4.725783596608795101e+00 2.942526264620418108e-02 2.951760199903594994e+01
1.121663234290828726e+01 3.234640948203876265e-02 2.681463920102168075e+01
1.509253366246515071e+01 1.646532195785299635e+00 2.889167732811309719e+01
2.036068428835353927e+01 4.120456473791519691e+00 2.599706136787876787e+01
2.461595921361393025e+01 5.998798100075323880e+00 1.949679219656377427e+01
2.792013780183148697e+01 7.489160016932772557e+00 1.075764948440756363e+01
3.045913646946874209e+01 8.492656782128753079e+00 5.737732988256897926e+00
3.457852223523188684e+01 1.047798422083674907e+01 9.718715984928421037e-01
3.592490142298163391e+01 1.095851139422012466e+01 -2.491893250813029259e-02
3.660595532007852881e+01 1.239850349292277087e+01 -2.441276639772339774e+00
3.760480587365392324e+01 1.473770580867495994e+01 -3.508874417650309940e+00
3.872668931413144833e+01 1.695119917275879828e+01 -3.794613831591031605e+00
4.038235228869141480e+01 2.050431618040042281e+01 -3.014426965814045012e+00
4.138548535584257593e+01 2.293606310090899214e+01 -8.538423347157068077e-01
4.244623746831837963e+01 2.520979365763488644e+01 8.372757467199095638e-01
4.399647358045161383e+01 2.846740982979535417e+01 4.157492549612861410e+00
4.497949227924848259e+01 3.071337428095388233e+01 5.865208882692999559e+00
4.608683887735524110e+01 3.279180903161848448e+01 6.177215459328827762e+00
4.692052081940504138e+01 3.449444663585052950e+01 6.370703099258571811e+00
4.712448034423950105e+01 3.640890200367802265e+01 5.851097665044487250e+00
4.758860849677520832e+01 4.030699431672968558e+01 6.559970409526190593e+00
4.788413461070029342e+01 4.253254387814909876e+01 8.309025935682246455e+00
4.822202214118749453e+01 4.492525376193189146e+01 1.095328514083518456e+01
4.820198315765490094e+01 4.590581042223477226e+01 1.272384860485836278e+01
4.836752169368214993e+01 4.647511888945019365e+01 1.308146994252303763e+01
4.719997536765737323e+01 4.688351208777998380e+01 1.214714597894033687e+01
4.282449259419323084e+01 4.800748011590048492e+01 9.364938145910343792e+00
4.095085143709297881e+01 4.844275984199864382e+01 7.938109464916307978e+00
