1.073385241363168374e+00 6.639022149798098904e-03 3.286974998884080179e+01
1.395328290450142728e+00 -3.470293447258961106e-02 3.277773169574684431e+01
3.942869879795535937e+00 -8.530373078854734670e-02 3.056454961242628698e+01
7.525592202232697758e+00 -1.381797609856220965e-02 2.687520059794056593e+01
1.130855195732786633e+01 2.913324190291738391e-02 2.682535026487578378e+01
1.595975481847656852e+01 7.869107428557566841e-01 3.044473597737762915e+01
1.634458256037734714e+01 8.888178138697431230e-01 3.043157568304006944e+01
1.831659246830233911e+01 1.108510001912737408e+00 2.770132675560893531e+01
2.207285227016796014e+01 1.787360336128830829e+00 2.324999693179491445e+01
2.584186341133712972e+01 2.222669390697655345e+00 1.978050531604814566e+01
2.818062019090649528e+01 2.648455716914792646e+00 1.588798376727548067e+01
3.169543076777246782e+01 3.186909112148468726e+00 1.194961328029554082e+01
3.415545640970154295e+01 3.587107661900237776e+00 4.450351532002280841e+00
3.813551248848411035e+01 4.236330694027457433e+00 3.040807842327725385e+00
3.890611287775894311e+01 6.612907159948579583e+00 1.132470641500025854e+00
4.084730388133607448e+01 1.120446319596726958e+01 1.396608534641488597e-02
4.175367678572426655e+01 1.353634315280546119e+01 -1.130177562617062925e+00
4.275202153812684003e+01 1.586421974797220891e+01 1.424044213715470464e-01
4.514712324076130301e+01 2.185761839195616218e+01 3.345711754297439278e+00
4.611754037807948237e+01 2.444717075397749539e+01 5.253587521463315646e+00
4.699186270206835303e+01 2.653889898086003285e+01 7.017592313557469375e+00
4.727993090626094386e+01 2.775381678993386103e+01 7.032771150735491084e+00
4.746508796049879919e+01 3.058449160184224525e+01 7.408011567740302894e+00
4.766518081922945527e+01 3.433596837106595245e+01 6.185087617021967965e+00
4.772113093775082149e+01 3.867590408640435129e+01 6.095694432022905396e+00
4.778946531414034382e+01 4.082322686001824508e+01 7.160572168569170337e+00
4.792566093208758815e+01 4.322740098235288997e+01 1.041948556985099117e+01
4.801541384525923917e+01 4.645263597998101801e+01 1.286721060275265316e+01
4.712378256215720995e+01 4.684849236572603104e+01 1.030554506115938729e+01
4.445266964381170993e+01 4.734070437771158879e+01 8.530453756817205857e+00
4.187970142833676590e+01 4.782261107732329464e+01 6.735186387359074267e+00
4.016452447566936712e+01 4.815725433610868578e+01 6.716736607718241103e+00
3.960426130827769953e+01 4.827834944539358020e+01 5.020379114759317751e+00
3.579389764197454582e+01 4.853010535791539581e+01 4.676402662517863185e+00
3.392881380801955515e+01 4.861630734754846372e+01 4.943699589906151104e+00
3.413367760777897075e+01 4.825329657004825634e+01 3.442423812535720273e+00
3.582680509651850542e+01 4.484990735702599096e+01 1.298149047519089772e+00
3.694705184398086573e+01 4.274175584622626900e+01 -3.561703555718581105e-01
3.803243938056539974e+01 4.079006061377813097e+01 -1.484994632426056782e+00
3.706318195355765965e+01 4.127565553621482763e+01 -1.733129924845727921e+00
3.403494395163669139e+01 4.299554006278267337e+01 7.832034480809462185e-01
3.173676402312226230e+01 4.438701069798071330e+01 3.908196529933606556e+00
2.733709907176250553e+01 4.695923702623585427e+01 6.602941948159846142e+00
2.670977161376228182e+01 4.729700538272384591e+01 6.665645390232603162e+00
2.546945487912183381e+01 4.738430311796489036e+01 7.746673402926214536e+00
2.309597004657302577e+01 4.785738617520647864e+01 8.443245880260144887e+00
2.049439099997957570e+01 4.817215989953268718e+01 8.608977591876691093e+00
1.929592986169486935e+01 4.836791230849648571e+01 8.533338601668926771e+00
1.827360845536054157e+01 4.837853236310327532e+01 9.056321752918760737e+00
1.487871572105176021e+01 4.846542819911239519e+01 1.097223854558163758e+01
1.242692194857285592e+01 4.867773336796499706e+01 1.132102143570148023e+01
1.133688599731903501e+01 4.864557685553987199e+01 1.084509501911605334e+01
5.053720964900775492e+00 4.868712217125229103e+01 1.193772663856745631e+01
1.989995881353219476e+00 4.861544258092461490e+01 1.043984429938671354e+01
-5.927913120253731627e-01 4.862412343657974390e+01 7.581817483910076483e+00
-4.557284553777798841e+00 4.859993418117322506e+01 7.233441859812999475e+00
-7.031313911236699354e+00 4.866857215584571605e+01 8.720972592745678043e+00
-8.930309936398240112e+00 4.871466404475280854e+01 1.111095394308316209e+01
-1.365113965841997867e+01 4.874113168479212277e+01 1.643481541853800110e+01
-1.730471089674918161e+01 4.871979780531529514e+01 1.929792714978724888e+01
-1.938179194564853702e+01 4.864231215036478773e+01 2.180308229736711567e+01
-2.303908008540663133e+01 4.867353485118272260e+01 2.606612784251319681e+01
-2.522442263337739732e+01 4.862041024758732277e+01 2.579874632702683002e+01
-2.910181771288448260e+01 4.871542974063309117e+01 2.684918841030325964e+01
-3.169010864057281651e+01 4.864697566143929919e+01 2.849269108644201154e+01
-3.419427532498188782e+01 4.863620000694675127e+01 2.994292885510014202e+01
-3.796256506651794638e+01 4.871768877101261097e+01 2.909265606768163437e+01
-3.992223554112580075e+01 4.879887460395958954e+01 2.799217657094784784e+01
-4.111319325882533349e+01 4.872646415825052912e+01 2.741758407014434340e+01
-4.703365217091555905e+01 4.876633903267050840e+01 2.404957749099283504e+01
-4.746859392548060441e+01 4.647053402171246006e+01 2.638831445216897720e+01
-4.784365392105081582e+01 4.311383745362967090e+01 2.572108696060509558e+01
-4.828804407799015763e+01 4.092836260704232387e+01 2.581957430660167319e+01
-4.843578649771959732e+01 3.850083378219841990e+01 2.246669338649364178e+01
-4.853288693027806744e+01 3.653888351068128060e+01 2.121532129423819057e+01
-4.854124276785321257e+01 3.464439990316125062e+01 1.947039971042489270e+01
-4.866638096168250627e+01 3.290182478331541205e+01 1.899533591960176437e+01
-4.524050656212719446e+01 3.490450226406790080e+01 2.130643109971668636e+01
-4.300106083467260731e+01 3.600638303102915216e+01 2.258960848993707415e+01
-4.076358406095882714e+01 3.722980829935060143e+01 2.276442013287724464e+01
-4.299069033980516963e+01 3.362018786045016583e+01 2.026554524499971777e+01
-4.609401545027871805e+01 2.786431736065822662e+01 1.695847758209452039e+01
-4.742589178159941099e+01 2.563388825264001269e+01 1.688961018243168866e+01
-4.784800539524244556e+01 2.511370551204063517e+01 1.712079555104310913e+01
-4.801521118452946979e+01 2.330592966500594443e+01 1.706812443971698201e+01
-4.825995957526179581e+01 2.071688950028023868e+01 1.605694057529778362e+01
-4.876363154484531748e+01 1.770748110675505416e+01 1.626587621994996624e+01
-4.839549049377099976e+01 1.811019858546376327e+01 1.640525172413381583e+01
-4.665782419007636861e+01 2.000846158757390114e+01 1.825264021425995153e+01
-4.336948809886003886e+01 2.370523462889963540e+01 1.956558802325924873e+01
-4.173943429474827127e+01 2.554732997406135908e+01 2.027409325033247001e+01
-3.988044850740996594e+01 2.754445880186825235e+01 2.122080973454566077e+01
-3.832009206416842062e+01 2.929603917829505733e+01 2.148620529467018159e+01
-3.649188392232619549e+01 3.124304265268386871e+01 2.216100034572520983e+01
-3.491195168658317982e+01 3.313284104117448692e+01 2.378774637464772468e+01
-3.169194391717842052e+01 3.680529030402415458e+01 2.447641366193890633e+01
-3.067493692863943977e+01 3.778830992632281038e+01 2.456143533133742096e+01
-2.901688729546437173e+01 3.802382093727874235e+01 2.539100151203816580e+01
-2.502270167364557452e+01 3.871945861406746303e+01 2.640595297792009077e+01
-2.253878225078865327e+01 3.905116723275311585e+01 2.692862541859379988e+01
-2.050929567426210198e+01 3.946856316233132134e+01 2.624490279636565049e+01
-1.695246409647969088e+01 4.007263462654193376e+01 2.375484907559783565e+01
-1.451597654677327931e+01 4.004683087529109287e+01 1.808431677332144005e+01
-1.197772236289387493e+01 4.030853808901269275e+01 1.324067831883085411e+01
-9.477282996181566332e+00 4.037808230785891794e+01 8.084272648865757915e+00
-6.982787768487431990e+00 4.041003987848566936e+01 6.709480769344513540e+00
-3.235336717396907869e+00 4.067622089661588092e+01 6.308974086631381262e+00
6.722472264879877368e-01 4.073041304367122706e+01 6.514191239848247328e+00
3.202430271724367117e+00 4.084531951542526684e+01 7.541742095215731467e+00
4.607046025418249258e+00 4.105787922874902307e+01 7.835011846352435860e+00
7.950471225424220023e+00 3.884920033280565832e+01 7.218509329224334081e+00
1.340145672042818248e+01 3.556422213114415598e+01 4.858487689612683624e+00
1.537048597860946408e+01 3.422899704842660640e+01 3.590172789976229684e+00
1.757914673848951281e+01 3.281851564689105771e+01 2.486317500984486450e+00
1.964393888749658146e+01 3.167485146372648686e+01 2.370419499470294955e+00
2.173906006728823215e+01 3.033860246038868524e+01 2.640529555558946306e+00
2.223959623149202258e+01 2.992338284690912076e+01 2.830957458481094591e+00
2.114086741305432682e+01 2.951827505062315282e+01 3.753631981995598554e+00
1.868026082859770298e+01 2.891066919517310652e+01 4.490968669724545670e+00
1.633523904201020116e+01 2.840724188695095975e+01 5.085093385381708408e+00
1.504408368383286820e+01 2.818679826061351079e+01 6.187425429826499901e+00
1.264092299117231022e+01 2.757286543877472340e+01 7.150093729094054495e+00
8.946393793597030353e+00 2.662868901966078283e+01 1.031759434042069046e+01
3.539589864180688661e+00 2.536040771724741560e+01 1.349076536885485567e+01
-4.843670199752167504e-03 2.439190599996251052e+01 1.742173838095016691e+01
-1.439086237927154510e+00 2.407092118958760096e+01 2.033282821763293668e+01
