1.822297772638162283e-03 6.833261863681314163e-02 3.306810911986850954e+01
1.720962319061773549e+00 -3.369146451315767343e-02 3.036958296548814928e+01
5.414804237352938365e+00 6.752301984700848081e-02 2.751737735367792226e+01
7.967283342440396154e+00 3.871843982488348823e-02 2.615991765350623055e+01
1.169797510566872489e+01 -9.747474863312768911e-02 2.734788965048685583e+01
1.349885488067126715e+01 3.890858189739083706e-01 2.896293511361952611e+01
1.579841130514767400e+01 1.120483798405531140e+00 3.011576726642739743e+01
1.819813549029015931e+01 1.733718418960792818e+00 2.853876739055527167e+01
2.059067072795499342e+01 2.289936195989695555e+00 2.568574354337870602e+01
2.308071661045128309e+01 2.932010011723386267e+00 2.221638503088109218e+01
2.545323528720523143e+01 3.650253310704712373e+00 1.889028636083809332e+01
2.787481216414938245e+01 4.188775072930291721e+00 1.484221553242293545e+01
3.034958507039653597e+01 4.937539857551475286e+00 9.802166508738263673e+00
3.498002834412586282e+01 6.184624287500211537e+00 3.858236736653728016e+00
3.668302043804270340e+01 6.618933610509384557e+00 2.633029425221321773e+00
3.788084639641086682e+01 6.976761532207941485e+00 2.148174530602398047e+00
3.957805158268564583e+01 1.150707306404452090e+01 -3.902418270277949186e-01
4.105680154689018480e+01 1.490990042492710543e+01 -1.916497939237755244e+00
4.256253859354684721e+01 1.846895415610223523e+01 -9.158141399306137798e-01
4.324721765581436728e+01 2.034885677968140527e+01 4.821191863453602178e-01
4.415276616109689911e+01 2.240966736444604734e+01 2.280199499984514766e+00
4.532467358565194360e+01 2.555328265193918469e+01 4.217824848333263432e+00
4.640740266582146489e+01 2.790344466487509933e+01 6.367601194504188378e+00
4.740661930232784016e+01 3.042550634315853486e+01 7.554734435971666606e+00
4.769793389481390022e+01 3.126851845527729523e+01 7.774590228522690438e+00
4.783381559999220656e+01 3.184182037809652499e+01 7.080451452705349702e+00
4.780546806391205905e+01 3.451603634138452037e+01 6.040797095609739209e+00
4.794026183857232581e+01 3.819690330844937165e+01 6.537481861944155703e+00
4.810807761721521558e+01 4.317903610322930064e+01 9.129312296838188345e+00
4.823250645831186034e+01 4.581215474418408462e+01 1.226508024044397693e+01
4.830783994295741479e+01 4.643247831254644353e+01 1.285432658396633521e+01
4.732145218547297816e+01 4.665585189359860863e+01 1.231587535850252024e+01
4.477861649690231616e+01 4.726028008743832487e+01 1.059310623357583658e+01
4.098403852901782329e+01 4.830769128706972992e+01 7.340864100149638638e+00
4.067471348676745180e+01 4.847945754219428238e+01 7.329765769460770741e+00
4.287263277686707852e+01 4.576268293381794905e+01 6.845174277187862977e+00
4.518777658856073742e+01 4.293536859128786176e+01 6.546186402768205959e+00
4.599229343195211328e+01 4.213022918744902512e+01 6.475864439521007654e+00
4.541209103730198393e+01 4.244835587696367440e+01 6.048504059798192500e+00
4.266519145836986127e+01 4.473847123790466185e+01 5.970171497692612128e+00
3.945404747696761660e+01 4.687446029258286728e+01 5.161981473073653071e+00
3.866571640140406885e+01 4.757114536427101115e+01 4.835369731523094572e+00
3.909072475606732411e+01 4.735257483788329580e+01 5.563723125197493680e+00
4.180051409349967173e+01 4.551980664151140843e+01 6.338957524601544158e+00
4.414294297428863700e+01 4.399107358705445847e+01 6.633890733102703052e+00
4.607710277452992642e+01 4.258111276444049764e+01 7.048350104601717625e+00
4.545325753601857599e+01 4.323116017436836955e+01 6.843363854318909034e+00
4.338435456961036607e+01 4.467232434355039317e+01 6.813694527290806491e+00
4.137289223261218041e+01 4.637615257124629409e+01 6.652055471512793972e+00
3.978923659304510352e+01 4.777010285141311385e+01 5.919598712302037491e+00
4.164378990187594809e+01 4.615764849384463986e+01 6.574097474378705286e+00
4.445488091295441535e+01 4.360897469470960885e+01 6.305847269797417276e+00
4.615715027428741024e+01 4.200119453752986232e+01 6.757647040070441591e+00
4.733819140891218069e+01 4.106020562308514599e+01 6.758036763958954474e+00
4.483879447101170967e+01 4.318473570023269303e+01 6.327896659187320694e+00
4.315608198051671707e+01 4.467320375043676961e+01 6.702555061631554345e+00
4.124393860298489045e+01 4.645257939618917220e+01 6.587895485490883551e+00
4.013543524532024520e+01 4.746567470883153561e+01 6.180585304855044981e+00
4.108231719373575430e+01 4.674964521307852294e+01 6.745352184228881498e+00
4.275956974341518446e+01 4.514884660127499671e+01 6.604210127281466391e+00
4.407963768456484388e+01 4.398247654345578184e+01 6.529831171185202621e+00
4.587202410264465868e+01 4.235256792156393857e+01 6.755128948817494816e+00
4.681943955461851914e+01 4.143707915789140372e+01 6.828368978269392819e+00
4.728010883062046332e+01 4.114021030412327207e+01 6.849160395173323757e+00
4.589178848459295068e+01 4.227503513887381104e+01 6.182950799088390070e+00
4.394093712623121206e+01 4.379907843755626118e+01 6.318821207765128456e+00
