-4.050757459720735754e-02 8.006250426495620243e-02 3.293718782170989101e+01
1.340318805839676441e+00 -2.679081351830173152e-02 2.949757791627319392e+01
5.010305647181224842e+00 -9.194729949664542934e-02 2.700487394085961412e+01
7.643363590319744105e+00 -7.682247090571854564e-02 2.614363672607848699e+01
1.005651178416200686e+01 -3.512096952991293486e-02 2.625927418545207104e+01
1.164026817549027548e+01 6.608760506429982584e-01 2.754181079478119543e+01
1.353677659004869760e+01 1.576678763510206860e+00 2.823423191902401541e+01
1.570379162889666880e+01 2.543341105117139733e+00 2.772045130111283129e+01
1.786640386762947230e+01 3.464489245692970787e+00 2.549057705064960544e+01
2.020682179038686144e+01 4.514088947824911102e+00 2.240174041757749990e+01
2.473294094022310219e+01 6.548482538045229617e+00 1.746657598279204038e+01
2.688529499686940838e+01 7.551930211878674193e+00 1.386521512154385150e+01
2.869697237710282067e+01 8.336070231108571704e+00 9.778942301760691791e+00
3.115554152762327078e+01 9.438893248608518860e+00 4.814640769642418938e+00
3.452046634064280539e+01 1.090000047113578319e+01 5.377274967744425371e-01
3.484543376633241252e+01 1.096731851543958136e+01 5.633385460443975923e-01
3.511910270198232098e+01 1.152799827878469685e+01 -1.286844247227765914e+00
3.609812167964869900e+01 1.378909668256344467e+01 -3.679580018163820299e+00
3.735471456695289305e+01 1.618297535332593284e+01 -4.015906193364769727e+00
3.847202915522014166e+01 1.821852937706799125e+01 -3.461335812682644786e+00
4.055065148556257526e+01 2.248923398611061231e+01 -8.647538962347268710e-01
4.340757022064579473e+01 2.794798568487205515e+01 4.139006487929252742e+00
4.450900978755925763e+01 3.038100327699375569e+01 5.523580930876951456e+00
4.572898046001206751e+01 3.266704078322420202e+01 6.028486169147475593e+00
4.680541137892318915e+01 3.504119811774725690e+01 6.113733053027948117e+00
4.696711015458156169e+01 3.632970923848516520e+01 5.674073056687642058e+00
4.748372145931154620e+01 3.874857384402936589e+01 6.487593497936278375e+00
4.775933818604499237e+01 4.126379365746566918e+01 9.628512261747237844e+00
4.819866680328387787e+01 4.384730925945665803e+01 1.248192507519040362e+01
4.840894990094405159e+01 4.612916320844435347e+01 1.307610607682481607e+01
4.856914500921143940e+01 4.671980152805977582e+01 1.300609115242182057e+01
4.593804315932035109e+01 4.715652788731203060e+01 9.905315988464526100e+00
4.236411368963869961e+01 4.789395488679203083e+01 7.250123945281074178e+00
4.065910814804980333e+01 4.840186285091085949e+01 7.198420731955497587e+00
4.083880084308049874e+01 4.803985789532743667e+01 7.872491330708873747e+00
4.224662819487995336e+01 4.671887624517560056e+01 7.568386678104676690e+00
4.394361890929550896e+01 4.494426905075930279e+01 7.402035843246951075e+00
4.582633606669780590e+01 4.314937770970433917e+01 7.174634102162633198e+00
4.719249228716702760e+01 4.155514100658039922e+01 7.224522627779171202e+00
4.509388485511210121e+01 4.347136317424823915e+01 6.866132750904255566e+00
4.342509555442951097e+01 4.505804337808348237e+01 7.263543821439304438e+00
4.144267840981625284e+01 4.665942473008843905e+01 6.804389713696894937e+00
4.035553704279969622e+01 4.764323373141524343e+01 6.784361064252689033e+00
4.062459803662387259e+01 4.750579075485368463e+01 7.039118200492671562e+00
4.253263664734137706e+01 4.565862293225998059e+01 7.017210041403520115e+00
4.427305908460490258e+01 4.420983822554303799e+01 6.669388852379336541e+00
4.585573078380668477e+01 4.273106365335829082e+01 7.075779274148821685e+00
4.738915449776995104e+01 4.132243984359784150e+01 7.116255253656331270e+00
4.627071644013552998e+01 4.242651186991161438e+01 6.670043695784471538e+00
4.433916871001112980e+01 4.411964028204035770e+01 7.013137182032095573e+00
4.258982305712115135e+01 4.575464461075129208e+01 6.861134727105546283e+00
4.070587264243208381e+01 4.737284796149965871e+01 6.701769270770689069e+00
4.094686666169580747e+01 4.708793143217405941e+01 7.330146339106866193e+00
4.283126830812538088e+01 4.573413945112568513e+01 7.517035565467637070e+00
4.492194178126833748e+01 4.426879829786084031e+01 7.988440691738976973e+00
4.708764407333115543e+01 4.271373524850870496e+01 7.865412953869951984e+00
4.736592802579246353e+01 4.249756098170385599e+01 7.889005216664982889e+00
4.600566702935680041e+01 4.347904004696401614e+01 7.572120823009152346e+00
4.418194375129009899e+01 4.483321041349977065e+01 7.400268721700307140e+00
4.158236541094807848e+01 4.675829048217658368e+01 6.760282171515088478e+00
4.059354418859606284e+01 4.748612912163491728e+01 6.749712979396639057e+00
4.216960156840207219e+01 4.581776439681453184e+01 6.750855564447022950e+00
4.464139608972391926e+01 4.343926364439277421e+01 6.577108209444155307e+00
4.628986356326613105e+01 4.212393361246340362e+01 6.856914691704165676e+00
4.715000799982546198e+01 4.112191724227859879e+01 6.977992909752295247e+00
4.537393896384759984e+01 4.284102986053630957e+01 6.557836406526312167e+00
4.369721759054823451e+01 4.428627666240129912e+01 6.847473830661150451e+00
4.185054551352837393e+01 4.607038871911863964e+01 6.562337456688847048e+00
4.041942561708669501e+01 4.734824270828388393e+01 6.455537655991654411e+00
4.156099706524076964e+01 4.668335759648145711e+01 7.513691372767736354e+00
4.361805706181367981e+01 4.536033169416764821e+01 7.820332124585231526e+00
4.561463282595283175e+01 4.410569996172841911e+01 8.188620409064972350e+00
4.703304666637296805e+01 4.295417880594674642e+01 8.395564509224190175e+00
