-9.871506051304337892e-03 9.582047136944801813e-02 3.258966874747707010e+01
1.846019303634114372e+00 3.501010039849478117e-02 2.869228716867414164e+01
5.900827451905436227e+00 1.232959458387057616e-02 2.658411957176573992e+01
1.084730498245186681e+01 -4.015893923510394092e-02 2.667560401862119335e+01
1.178546967788486199e+01 3.023562173752776805e-01 2.820599764645975682e+01
1.388621848350621413e+01 1.619217110169425045e+00 2.847978956582495158e+01
1.650026919237697953e+01 2.843147239739794330e+00 2.583423726877936133e+01
1.991979091441299232e+01 4.564236726867283878e+00 2.275399614688583583e+01
2.195763981148693134e+01 5.634091757480546470e+00 1.936706195103214867e+01
2.422223189847608182e+01 6.871247151447079204e+00 1.605773875816892371e+01
2.761593875692592093e+01 8.556951727840575117e+00 1.171171949198996032e+01
2.975781342439477939e+01 9.706055469364162747e+00 7.022011024878101360e+00
3.318695259290127098e+01 1.142672898208659760e+01 1.270007010252719004e+00
3.441249224731209466e+01 1.193042684292828959e+01 -4.718250014970182815e-01
3.499575642301780931e+01 1.227036078829713794e+01 -5.510461929870094089e-01
3.551995976493928708e+01 1.320440398243864166e+01 -3.395465338779452669e+00
3.824698920331740482e+01 1.759494377611049387e+01 -4.016219145955010283e+00
3.940900624553936638e+01 1.985511724397915145e+01 -3.006797385968901448e+00
4.066800639360962322e+01 2.187368246530787985e+01 -1.243282228490972363e+00
4.186695163872384740e+01 2.394135910238826526e+01 7.632042469164832532e-01
4.391226095945199148e+01 2.714059681438800453e+01 4.455627727842585983e+00
4.498661888318468272e+01 2.902439062513217394e+01 6.142250053417340538e+00
4.624861364176279466e+01 3.122838852870282267e+01 7.071299088403418587e+00
4.753797940687536538e+01 3.319336650207579709e+01 6.923189395454009798e+00
4.803927058084120461e+01 3.419683015740803711e+01 6.947590881457699652e+00
4.804637631783010221e+01 3.532705412005233114e+01 6.268329944187504665e+00
4.817122513618231494e+01 4.039991146882845641e+01 7.562299792580076563e+00
4.813647971062747644e+01 4.427657860273399137e+01 1.266429671685145308e+01
4.834397600899515623e+01 4.620357053653133050e+01 1.270299873145793690e+01
4.625947707163342670e+01 4.687632105836416940e+01 1.009528443121345198e+01
4.382485269756265467e+01 4.743731690090241671e+01 8.164851285019857130e+00
4.153101414698279825e+01 4.815381606856837493e+01 7.695468666429495563e+00
4.109495870032713327e+01 4.822029952866119373e+01 7.782666287145940665e+00
4.133396989864579041e+01 4.774479217002865283e+01 7.831460118691717653e+00
4.331426778170080638e+01 4.477631666001973088e+01 6.093073043363871122e+00
4.459906957834151342e+01 4.268043439519609450e+01 5.282539455840852938e+00
4.556539533261871355e+01 4.119484874512306760e+01 5.343992087224050280e+00
4.360173290840230464e+01 4.192118762466327553e+01 3.948785058105432455e+00
4.120406413748948182e+01 4.300401666192984607e+01 2.917248713586934716e+00
3.692534246764124362e+01 4.517504606827069580e+01 1.746515826066779464e+00
3.454315945929156584e+01 4.622731455313734017e+01 3.532925429960334984e+00
3.149982334478333357e+01 4.758497417104703686e+01 5.390855468980478626e+00
2.905580264757052333e+01 4.787046892176432067e+01 6.995749296163863207e+00
2.641091323872609919e+01 4.803515656584092142e+01 7.507642684016891721e+00
2.415931947880035935e+01 4.842078542564377130e+01 7.952594733617326384e+00
2.341377601258237817e+01 4.837874373789463078e+01 8.013598054074353882e+00
2.418182166112012865e+01 4.841547365312961659e+01 7.588125961334877267e+00
2.738290383449195886e+01 4.851244608325325203e+01 7.324572016486954773e+00
2.970423943430563796e+01 4.833256706644008460e+01 6.323666262800892390e+00
3.228732057859298266e+01 4.843731630221433448e+01 5.182941833786096630e+00
3.512253312788187998e+01 4.839880923645382893e+01 4.397794479802421108e+00
3.303268012708126378e+01 4.850672346747044372e+01 5.661675184303870623e+00
2.950598645963772171e+01 4.833490514657177783e+01 7.275221452375767228e+00
2.698470634673410729e+01 4.835537319010267510e+01 7.523920931598351736e+00
2.306116213902508960e+01 4.848338553286861696e+01 8.384528990181564723e+00
1.814992992228752300e+01 4.837844947483988989e+01 9.243474660450287317e+00
1.564068274915420709e+01 4.834431995416262851e+01 1.046242283742179424e+01
1.320058022868951930e+01 4.850037861060864230e+01 1.121437478777204788e+01
1.144104979229853392e+01 4.847323337558881207e+01 1.131787518393508662e+01
8.795345935593742226e+00 4.850543576801006651e+01 1.072332788632330569e+01
6.378519414178863478e+00 4.851303529397110736e+01 1.208152382029768468e+01
3.701626889969560352e+00 4.842591532164293255e+01 1.023845748341453898e+01
-1.184773725291563107e+00 4.855072464259935572e+01 6.969489162466687482e+00
-3.777723449147283752e+00 4.846996394676515507e+01 7.335205426944989782e+00
-6.263577339725984849e+00 4.854007971499678575e+01 8.753664349723395688e+00
-7.964562734149624568e+00 4.841680612319775179e+01 1.087727125177308984e+01
-1.179248275372663102e+01 4.842301713145032238e+01 1.667349957419463280e+01
-1.380200609446621129e+01 4.842060298755311720e+01 1.662237535365201069e+01
-1.460192714783002899e+01 4.847454008535732584e+01 1.769849995462725190e+01
-1.727368386863313887e+01 4.844585043161359295e+01 2.209699922348211487e+01
-2.224482423462853120e+01 4.842517325304217479e+01 2.581061451424789865e+01
-2.478862952845151568e+01 4.845729972711264111e+01 2.577488533225232814e+01
-2.721556238013755902e+01 4.849807092652134344e+01 2.632795567610973819e+01
-3.155881095011270787e+01 4.844315351657150615e+01 2.820594474111501881e+01
-3.538192496639461382e+01 4.835531921578945713e+01 2.924471521796397511e+01
-3.795162485339584890e+01 4.841390682914572352e+01 2.784922208745413741e+01
-4.055702012220160668e+01 4.834639297000020974e+01 2.770616725027272764e+01
-4.086698070824675000e+01 4.835817908320262859e+01 2.757349291860896301e+01
-4.208511710123012506e+01 4.664702309699723770e+01 2.706240986326595532e+01
-4.454437423715113198e+01 4.377092407903481330e+01 2.686853734838186014e+01
-4.603914499427642681e+01 4.165576274659688494e+01 2.577223649363905267e+01
-4.736696502089692729e+01 3.989484800394146902e+01 2.460397542558607142e+01
-4.765944349504910349e+01 3.965786227968045807e+01 2.461810416167293170e+01
-4.486639360794215037e+01 3.956483730668665544e+01 2.438855363057749415e+01
-3.983233092364483241e+01 3.895091814296521449e+01 2.376391399917223524e+01
-3.611809150247415090e+01 3.861219172653215992e+01 2.299455035599759611e+01
-3.357788213985494252e+01 3.830020765233900448e+01 2.456586914042679837e+01
-2.984690167144038853e+01 3.776507268179582155e+01 2.492214024123968130e+01
-2.712340203059155286e+01 3.748827189661556503e+01 2.605760915868602012e+01
-2.369828036450163111e+01 3.711395507504619928e+01 2.681491419052814251e+01
-1.978440444268494147e+01 3.671040787306203157e+01 2.597532093271732023e+01
-1.615515169868638878e+01 3.632721031925687072e+01 2.481453826439622645e+01
-1.367980225136402339e+01 3.615553286736749783e+01 2.334596467620482230e+01
-1.136741528363331710e+01 3.592938459860328493e+01 2.064399260974064987e+01
-7.676886307900733009e+00 3.554756535683589647e+01 1.641820126734560148e+01
-5.734183909877462959e+00 3.528725431583473693e+01 1.390620790117942285e+01
-3.276997227904747234e+00 3.497750270752722201e+01 1.099408093989285362e+01
-6.378468228235661952e-01 3.479378722586128703e+01 8.818175137138814179e+00
1.680132138834447564e-01 3.466362758172833480e+01 8.906088058346060876e+00
-1.112113194981340536e+00 3.436389432506461361e+01 1.190222341227119784e+01
-3.775672130787661285e+00 3.399637083647313318e+01 1.781823825476169532e+01
-7.503391997094049692e+00 3.336082252640447621e+01 2.217791268207793109e+01
-1.020230499220687115e+01 3.297236027954584614e+01 2.553789913067551964e+01
-1.259277514075546378e+01 3.254842990229761313e+01 2.746465834907558090e+01
-1.492552577735242281e+01 3.218982379794366011e+01 2.778857693188386691e+01
-1.756421507472928667e+01 3.176240282950433169e+01 2.752115518319912368e+01
-1.998192557387924850e+01 3.134834346483359724e+01 2.732589269473361782e+01
-2.250303557361213436e+01 3.098596404399788540e+01 2.749799818851791855e+01
-2.517938326422271089e+01 3.072019577864733364e+01 2.779037426263601063e+01
-2.868964924274797568e+01 3.015377225797711347e+01 2.614239276854607041e+01
-3.332217780888765901e+01 2.941574575255773993e+01 2.305881082587911735e+01
-3.596596309759054577e+01 2.900896902016113188e+01 2.184928868920803424e+01
-3.956364689222546360e+01 2.846382531872442101e+01 1.943169562356357360e+01
