3.033186118046326207e+00 7.318494387290941372e-02 3.309164045985080094e+01
4.407327284364556341e+00 6.253871306706426658e-02 3.315518657450668627e+01
8.230352532873491000e+00 5.741534257196612145e-02 3.307581326253935572e+01
1.068519197695177603e+01 4.641373578718893667e-02 3.296037242054800487e+01
1.449382982415437660e+01 -4.977128271354532008e-02 3.290117462596991516e+01
1.299173756817929792e+01 -5.508620756209480218e-01 3.309084308476296599e+01
1.044776836057206637e+01 -1.396066374180565006e+00 3.301960381210935935e+01
1.053850131835693915e+01 -2.200286428012432793e+00 3.322222082069053783e+01
1.142971271605741457e+01 -4.669070003995889451e+00 3.333319474813318095e+01
1.292421294131277953e+01 -4.290699388620717869e+00 3.324132913663410704e+01
1.481747536285723577e+01 -3.599484174183193108e+00 3.314897176925357769e+01
1.565408522508062816e+01 -4.932896909687847220e+00 3.318532111998484169e+01
1.552346301443795618e+01 -4.455666503677247370e+00 3.307879777655894316e+01
1.450968698986214989e+01 -2.061765914407585498e+00 3.293738220422533658e+01
1.374675443394365715e+01 -1.935554625349106272e-01 3.296337737188721206e+01
1.451723460249456288e+01 2.917040497163025936e-01 3.281023734302998207e+01
1.521776416388254027e+01 7.018088395560391213e-01 3.277524318246707935e+01
1.389482821006925128e+01 1.544045754725300035e-01 3.285651958449836485e+01
1.039098768546367246e+01 -1.301550928179989297e+00 3.302100105050935497e+01
1.110494383878745950e+01 -3.499631101890596341e+00 3.333212778296010015e+01
1.155073314066293833e+01 -4.769035902498810486e+00 3.322691976476897224e+01
1.079898736479001897e+01 -5.274783485644083392e+00 3.341352474845145792e+01
9.890928548573338475e+00 -5.831172956574173227e+00 3.332688860290807753e+01
1.188584578634494449e+01 -4.900526423315265667e+00 3.318870853687223388e+01
1.485955456456936652e+01 -3.693103287248900024e+00 3.311766052362558099e+01
1.369150571793646520e+01 -1.768749901448044282e-01 3.287033765920212858e+01
1.391429106509272096e+01 5.385128086448644907e-02 3.289577090529424908e+01
1.511677547117137799e+01 8.048047526563422149e-01 3.280524578706123862e+01
1.314919743157607357e+01 1.140174616582179806e-02 3.298535307379565751e+01
1.018769701872629696e+01 -1.279471715628230255e+00 3.311487794049230615e+01
1.062426440022311702e+01 -2.399805819207007307e+00 3.312304795111974443e+01
1.159160197113330426e+01 -4.671824427798264345e+00 3.319913465365041105e+01
1.314966318496595576e+01 -4.152342006586036582e+00 3.327686498394158576e+01
1.476565126373872694e+01 -3.627197387701176279e+00 3.325801650456613601e+01
1.542922476475042082e+01 -4.319042390260657172e+00 3.307342409685728057e+01
1.578889267731449131e+01 -5.084743720736362604e+00 3.328685820029868125e+01
1.476972124044472601e+01 -2.430119031298436205e+00 3.294613193347522895e+01
1.370369200269625409e+01 -2.021390516783236890e-01 3.298298282538824822e+01
1.209566362282855678e+01 -8.545616751182086857e-01 3.312524457169499215e+01
1.031541574735815558e+01 -1.581119775985561970e+00 3.306231790544602944e+01
9.928408856549660655e+00 -1.034133340239231869e+00 3.304140453131215338e+01
9.128713895854637883e+00 1.070486594578956285e-01 3.300166244844375996e+01
9.907130765044094289e+00 -1.697830875902959225e+00 3.315466450786004060e+01
1.136691420046983758e+01 -4.905991337730181812e+00 3.329520443386973483e+01
1.001815389936119693e+01 -5.689842007071013619e+00 3.339359908399356414e+01
1.061346223122192178e+01 -5.588458966299358899e+00 3.324872321154482080e+01
1.390747553507510581e+01 -4.195124915941110366e+00 3.317078872357019748e+01
1.480811233588351250e+01 -3.744140694112869650e+00 3.311451222440049946e+01
1.187295281890317078e+01 -3.122627657637819354e+00 3.315353473069481538e+01
1.041548745648175789e+01 -3.052854490275467736e+00 3.311045894686153446e+01
1.058616257610000133e+01 -2.344193877858306241e+00 3.310267055209089193e+01
1.138346547526936625e+01 -1.855273380102597791e-01 3.300554703738414020e+01
1.248322279345135222e+01 -6.657013745048202535e-01 3.305036596698377593e+01
1.482006667991653792e+01 -1.503169494750789648e+00 3.295330949467635406e+01
1.435467273194359272e+01 -2.882432706518561538e+00 3.315958499834729167e+01
1.362647518048419393e+01 -4.703153475647792625e+00 3.322563012442670072e+01
1.512354689206270741e+01 -5.765792183779605118e+00 3.333457101704397729e+01
1.442124452781349397e+01 -5.422680329340087368e+00 3.327877157520204321e+01
1.064047616786815453e+01 -3.873555448728119188e+00 3.332238832246865456e+01
1.022171372666852562e+01 -3.750217237377356572e+00 3.326254545642530758e+01
1.080404623698570177e+01 -2.104555502957107027e+00 3.326026752555744537e+01
1.146386909617445404e+01 -1.979048584884454676e-01 3.305325629491463246e+01
9.827575557833428732e+00 9.000716777271202673e-01 3.292030792661552852e+01
1.097373545019337904e+01 4.511572676895352352e-01 3.310179397684438385e+01
1.312855809487565928e+01 -5.079318878372265367e-01 3.302536685356857760e+01
1.480444386299294202e+01 -1.224699647759421861e+00 3.299840162889334749e+01
1.585349087965932569e+01 2.080002413689568952e-01 3.282924136249474856e+01
1.533867567491569694e+01 -1.310421545492347351e+00 3.305595580259629429e+01
1.423915858747022156e+01 -3.684050620021893430e+00 3.319644146280489139e+01
1.372778863829069707e+01 -4.890400967667506649e+00 3.319061650502388261e+01
1.518598139587133744e+01 -5.942427733278377922e+00 3.321218700779328969e+01
1.442625167030363365e+01 -5.615692047137877729e+00 3.324870018464456223e+01
1.002980916832562208e+01 -3.565464416281498128e+00 3.325153374056498023e+01
1.065364395612121484e+01 -1.990555993306028837e+00 3.315247147236293301e+01
1.151730242086926204e+01 -3.148016582816345332e-01 3.298439846222759542e+01
9.918533541885601323e+00 7.469196616574599323e-01 3.304111921936706864e+01
1.259448768104440575e+01 -3.514052161693563270e-01 3.298257375394607749e+01
1.481277298559905731e+01 -1.299376331299704201e+00 3.296925339381003539e+01
1.358253038067127605e+01 -4.787349445211398269e+00 3.316598410414567866e+01
1.472983384130043127e+01 -5.609575307804410826e+00 3.317356523271872959e+01
1.511431857594257977e+01 -5.932613964749165802e+00 3.327712349650616375e+01
1.399922658856868374e+01 -5.445958521479692394e+00 3.322926582284605956e+01
1.191730750547062634e+01 -4.413943729471131228e+00 3.331415516323416881e+01
1.020898916727910866e+01 -3.704180350692527046e+00 3.322235283303379560e+01
9.271213228142759277e+00 -5.191476384971536184e+00 3.328744547048586355e+01
9.819659899580853946e+00 -3.582797014605087149e+00 3.333292551599291187e+01
1.126838236046311614e+01 -2.709767908673402781e-01 3.303470365694975897e+01
1.265026212877014977e+01 -6.380761904222560510e-01 3.301681684475563827e+01
1.475914440540258532e+01 -1.465389645464491464e+00 3.291198753708160041e+01
1.466230826278104615e+01 -2.190314485105227860e+00 3.312824748962698607e+01
1.366308098021094608e+01 -4.684554630662804975e+00 3.321744947945792603e+01
1.041581232737179086e+01 -3.654777653751818178e+00 3.317784315810998663e+01
1.047896306701567148e+01 -3.311066326544509941e+00 3.316586658635110751e+01
1.161976881430767961e+01 -2.344430035046102812e-01 3.306856217199693759e+01
1.198569557343639680e+01 -3.681012475150400309e-01 3.294144244927363729e+01
1.453702112436478622e+01 -1.415551353424014280e+00 3.300598382457863522e+01
1.487399921115209800e+01 -1.481568898604515239e+00 3.289489932735966704e+01
1.404521444688363552e+01 -3.490336212770603908e+00 3.323783711791537598e+01
1.351991226950023872e+01 -4.628959163357794004e+00 3.310617271841231002e+01
1.471861574903421044e+01 -5.476885196354417396e+00 3.322775580827411090e+01
1.511296434490309260e+01 -5.858270398662825507e+00 3.327271389649997957e+01
1.221639555197114113e+01 -4.598165580755732229e+00 3.320527826356732248e+01
1.017417589566079883e+01 -3.737875011816352622e+00 3.332551408851660568e+01
1.077396456014700199e+01 -2.175825401771460221e+00 3.311517778494184938e+01
1.156966067308346346e+01 -2.708294895061558183e-01 3.304941091197327552e+01
1.239747395488723924e+01 -6.158578408428453388e-01 3.298343436681528829e+01
1.471628841554802491e+01 -1.369190818849825408e+00 3.286940335358502807e+01
1.468054239627514335e+01 -1.939581093377285459e+00 3.307655873699243898e+01
1.390219066537706283e+01 -3.915964048744239978e+00 3.324473700617173932e+01
1.362016621985682896e+01 -4.842176257333724365e+00 3.311550509818540178e+01
1.512361375742578673e+01 -5.881478176087229670e+00 3.318615192034904737e+01
1.428825786288400401e+01 -5.438331868670127633e+00 3.322316525285958022e+01
1.186387078389035743e+01 -4.358582837751364458e+00 3.333535492901865638e+01
1.029770185156480267e+01 -3.633704553451989394e+00 3.321254677399330291e+01
9.212297623119475531e+00 -5.154402107815939438e+00 3.343048221940892262e+01
9.634390086873183989e+00 -3.980831815957905473e+00 3.318279454988613963e+01
1.059628813023542193e+01 -1.606624811754531867e+00 3.304040021811744055e+01
1.141395068453715389e+01 -1.981812961964810604e-01 3.309121909544418827e+01
9.950032032676039861e+00 7.621136978277776031e-01 3.293158448425478468e+01
1.242816754452202943e+01 -2.426353251529808630e-01 3.294437455051576080e+01
1.476450310585464898e+01 -1.257579281451367326e+00 3.290814828767104672e+01
1.401321431108270765e+01 -3.777535135986148873e+00 3.324470050073161786e+01
1.343973048041913287e+01 -4.808928704546526767e+00 3.325121775344640440e+01
1.515068044552838700e+01 -5.821668127742200660e+00 3.326762852768156620e+01
1.423647056501939545e+01 -5.489866097865756522e+00 3.329115330076114532e+01
1.175797511107323601e+01 -4.420813939214257360e+00 3.316999288557250480e+01
1.018635446690001700e+01 -3.716421137975673528e+00 3.334580895811907908e+01
