-2.999086303071395676e+00 1.044867565063153925e-02 3.239346475860515540e+01
-4.018616389372927422e+00 -2.208605371591202890e-02 3.361885661236330947e+01
-7.692824197956265486e+00 -3.790539163986172966e-02 3.619008070870486904e+01
-1.026960515337114899e+01 6.306904544995045603e-02 3.542575840027554790e+01
-1.282178823993999828e+01 8.177551516086273287e-02 3.117956259688311249e+01
-1.251143996911027223e+01 2.196680382765628714e+00 3.230649039915748233e+01
-1.185324003614000610e+01 4.558336046772515360e+00 3.292160854626916944e+01
-1.128791318570584679e+01 7.089290101847846692e+00 3.087283936293145814e+01
-1.012315892406418349e+01 1.318965617352549735e+01 2.743229994213837131e+01
-9.859205279972300673e+00 1.388983679354003264e+01 2.761449007504979036e+01
-9.413323562750306905e+00 1.631840515906789690e+01 2.553748006351831634e+01
-8.668948175858622207e+00 2.001255851084970772e+01 2.231257653568420807e+01
-8.463882669652784685e+00 2.111735494641229138e+01 2.239254570801330146e+01
-7.650622001139256056e+00 1.966989343268842561e+01 2.307730860831540198e+01
-5.912768367573276507e+00 1.642314248477845595e+01 2.719689593856739762e+01
-4.729905268818920483e+00 1.413438016675906361e+01 2.908753363937120895e+01
-3.549687814200371605e+00 1.195879107498929628e+01 2.939152722764909953e+01
-1.819683027499313432e+00 8.787472311120401613e+00 2.796093418177014556e+01
-6.578498954143402466e-01 6.664280993527170516e+00 2.607271578091101105e+01
5.842666429602653144e-01 4.295187756945790802e+00 2.390649580263277230e+01
2.379624018543670783e+00 9.973308777089462396e-01 2.618689474729249866e+01
4.348354519338489155e+00 -2.353351901091782938e+00 3.248189264234273566e+01
4.982857909713037436e+00 -3.376643132136778469e+00 3.428466952934891054e+01
5.335255749966706595e+00 -4.506467265474803696e+00 3.474194240692661850e+01
7.100452153652351051e+00 -7.858136590484955164e+00 3.539673031668633740e+01
8.247912552345717074e+00 -1.016019067660304032e+01 3.611747176836878026e+01
9.465967770943418458e+00 -1.227959312651483614e+01 3.396999442383286549e+01
1.048844137313682090e+01 -1.449750848902762002e+01 3.047438627177590220e+01
1.075119017505050856e+01 -1.490668802378493396e+01 2.990308039176741062e+01
1.100620714165943070e+01 -1.540015052714746702e+01 2.828814304819836778e+01
1.265296214798189567e+01 -1.873293856875842422e+01 2.266672496402311054e+01
1.392530355764306194e+01 -2.121673729161122779e+01 2.006894573500542123e+01
1.419983276426487073e+01 -2.160783256632718974e+01 2.008110469216029514e+01
1.322730006744739306e+01 -2.158758676574467472e+01 2.128733391548594511e+01
1.064375548935018934e+01 -2.137341304191927449e+01 2.347385723235233712e+01
8.167909833433265376e+00 -2.124594756325928913e+01 2.366711666099635991e+01
4.454287800587472645e+00 -2.104906544313629624e+01 2.282555584887695588e+01
1.004208332086647282e+00 -2.071132433054478739e+01 2.261119508327302796e+01
-2.836498326308243723e+00 -2.046794844216757525e+01 2.611183391679019294e+01
-5.115328760258674556e+00 -2.030287696768735728e+01 3.143599069457163608e+01
-7.937666744955220288e+00 -2.017928793279488886e+01 3.576875416731809310e+01
-1.034568518326578968e+01 -2.009572023082919401e+01 3.538405106919392296e+01
-1.203990469965623511e+01 -1.994722144604748237e+01 3.772512214141908515e+01
-1.408221843091337888e+01 -1.984434047291988890e+01 4.227247761180861119e+01
-1.643206551809613458e+01 -1.968700731101850465e+01 4.253740572090454464e+01
-1.832307187159041106e+01 -1.965449755860985448e+01 4.185650295912811458e+01
-1.747673877978040125e+01 -1.606941939266677366e+01 4.477427548640545041e+01
-1.658102216593009715e+01 -1.253226991919881961e+01 4.533258261371247499e+01
-1.638234103618952631e+01 -1.160219815548156319e+01 4.543010941488228127e+01
-1.318257746188331225e+01 -1.056883864838022369e+01 4.687273189521003047e+01
-1.088056211159522313e+01 -9.640019473693685725e+00 4.404290017444649408e+01
-9.265302838524231532e+00 -9.101250121937626503e+00 4.313538971946451284e+01
-9.776615011296431845e+00 -6.609688740215267977e+00 3.611651492697200183e+01
-1.116494642740908105e+01 -4.839197354009486252e-01 3.450407521465194804e+01
-1.160679462627729386e+01 1.906515500064130508e+00 3.369359873754320489e+01
-1.251685109389753237e+01 5.718471756813563012e+00 3.153775117569494668e+01
-1.309562222709672241e+01 8.065823291323333422e+00 2.757249602655113208e+01
-1.382463013836375865e+01 1.185362969100909147e+01 2.536553415581387227e+01
-1.434319471469036955e+01 1.438891657694724024e+01 2.708109424989284264e+01
-1.477542846136679344e+01 1.612310989207236744e+01 2.636528217005013630e+01
-1.550020119491539994e+01 1.401187676545877991e+01 2.422915499779684012e+01
-1.610540638398902047e+01 1.150769750914816569e+01 2.134671643885792491e+01
-1.708624141007306108e+01 8.084601116121426401e+00 2.190820833942651547e+01
-1.779968439204789377e+01 5.686490005800520997e+00 2.844270628725282180e+01
-1.890673103792988741e+01 2.280061034153629151e+00 3.089669300671145180e+01
-2.003945245863898350e+01 -1.850263963258713229e+00 2.978103761643233227e+01
-2.070072924761400657e+01 -4.101929074007922615e+00 2.961954371687563281e+01
-2.132727977522490548e+01 -6.593198584091684467e+00 2.984627156099118395e+01
-2.236865780827355010e+01 -9.854243706934266100e+00 3.194825205659824618e+01
-2.244840949404659369e+01 -1.026775700184408358e+01 3.208651224333016927e+01
-2.253281461465656221e+01 -7.696185827951981473e+00 2.837028438608832559e+01
-2.251268047274482242e+01 -5.096294169363570603e+00 2.623415724655657755e+01
-2.245643785363700218e+01 1.274063069751990795e+00 2.337349722468136193e+01
-2.254091421006838658e+01 3.644137700325817963e+00 2.136037633470366970e+01
-2.256869991444264301e+01 7.401657373689509711e+00 1.744923495679054071e+01
-2.252897947224026609e+01 1.123872093040941422e+01 1.746657834405350584e+01
-2.246990633299023443e+01 1.638849574727259295e+01 1.986445074232347707e+01
-2.233452983572538741e+01 1.723312111876918351e+01 2.078618366482022850e+01
-2.090654580136679286e+01 1.872597030064962809e+01 2.500968717631836213e+01
-1.729200227178390037e+01 2.225493697844562746e+01 2.876600010793174533e+01
-1.717745889451923702e+01 2.253332266622156865e+01 2.876072519909028102e+01
-1.673475641377826406e+01 2.048683377423755658e+01 2.551569819492857150e+01
-1.622282906644230849e+01 1.824402232507811306e+01 2.324785598582708701e+01
-1.503121142193703186e+01 1.207034668211256268e+01 2.415056413367638299e+01
-1.445959208076978264e+01 9.364063351837319971e+00 2.573867862310876120e+01
-1.363961065075605816e+01 5.820064139094830225e+00 2.948418253288113178e+01
-1.324175487171468824e+01 3.482012802848727606e+00 3.157092246092652132e+01
-1.274839719390430837e+01 8.467318250252606759e-01 3.214625368780276204e+01
-1.212492921787189282e+01 -1.686133846048357032e+00 3.465026980466900852e+01
-1.127194351579838205e+01 -5.434268453292180112e+00 4.217032516354154836e+01
-1.027931341035586676e+01 -1.033437081813536373e+01 4.412053391093101595e+01
-9.578724770881342110e+00 -1.405622222053465364e+01 4.671772447700476505e+01
-9.067535110528258002e+00 -1.629306505772975555e+01 4.267314923800275750e+01
-8.716327185786720833e+00 -1.858188661560880206e+01 3.666931538023743542e+01
-8.100061201184923121e+00 -2.072443301212720357e+01 3.418545927319988920e+01
-1.231992862092103991e+01 -2.208457476256014473e+01 3.191594082831337786e+01
-1.471443893717656692e+01 -2.296120677980621139e+01 3.311617924178486305e+01
-1.565428715914622693e+01 -2.312934723546703353e+01 3.268894900001131276e+01
-1.654094146923020148e+01 -2.276935655434992611e+01 3.538738942445461078e+01
-1.883564963831778982e+01 -2.158697419744721202e+01 3.862484243973430864e+01
-2.214331178179991255e+01 -1.980651796060569225e+01 3.552186109335973185e+01
-2.224232236600987989e+01 -1.760152299930982522e+01 3.583110458612508609e+01
-2.226261871023483607e+01 -1.404032368727161817e+01 3.415593634285982461e+01
-2.245613919244251733e+01 -1.004437562009621665e+01 3.167178147632105478e+01
-2.247203205502858481e+01 -7.714165500713951573e+00 2.847191254200502541e+01
-2.252320653263976880e+01 -5.118886492756512752e+00 2.570900039340644483e+01
-2.268965489644430988e+01 -1.137275006220821227e+00 2.603342891868310360e+01
-2.266044717312528789e+01 1.038875736940726657e+00 2.183191311102532239e+01
-2.264299391736785694e+01 3.761441669120849873e+00 1.989470761929409193e+01
-2.281774627526279886e+01 6.403097134258019629e+00 1.707949644463806749e+01
-2.287793920607495579e+01 9.968430031230909094e+00 1.771477628418886141e+01
-2.290616207362409540e+01 1.248381552324754296e+01 1.650090363117010384e+01
-2.299268570892542485e+01 1.624114150656185629e+01 1.939072457143340955e+01
-2.321888110052171328e+01 1.872545722520517586e+01 2.335481004734790744e+01
-2.327388643110134581e+01 2.027856800233186618e+01 2.591863365856445256e+01
