2.986206269266605595e+00 -2.987221443978711755e-02 2.817844287111845247e+01
5.545613636426218740e+00 -3.385646923598868707e-02 2.990391193605166720e+01
8.004890875634911751e+00 -4.389065977335058349e-02 3.020757016916945048e+01
1.052952830625568836e+01 -8.787580760034928440e-02 2.233916663030414185e+01
1.313265428098071119e+01 4.984864112304909778e-02 2.206292175305540226e+01
1.317671397354972562e+01 1.251073998720220626e+00 1.724350609275165169e+01
1.326330670338840356e+01 3.751481888699760070e+00 1.143651556540019598e+01
1.342045214388780749e+01 7.358071586055439539e+00 9.134561305233802386e+00
1.358029891071163320e+01 8.185133641671775706e+00 9.317831040443728341e+00
1.383150149147141938e+01 1.226177990885082281e+01 5.726824039085300910e+00
1.389453048498251064e+01 1.527502143845257265e+01 -2.037708302672066818e+00
1.455651559656176985e+01 1.663852153983761184e+01 -6.935221525242589280e+00
1.658208362272673497e+01 2.010905692288238811e+01 -5.308813655591138048e-01
1.796315608483687498e+01 2.224938429727081157e+01 1.632125492958435675e+00
1.466098441541315545e+01 2.249046207193453029e+01 4.133618756668931304e+00
1.206088384471137509e+01 2.262309453684463278e+01 5.771561373253429217e+00
9.619153237374181487e+00 2.282334248929324616e+01 7.734644900520245336e+00
7.110857837299965567e+00 2.294586414614809300e+01 9.581170699951227832e+00
4.499124695818095709e+00 2.304948187597754128e+01 1.063227593777479818e+01
7.984513715782546317e-01 2.323475047801752069e+01 9.861400912022785903e+00
-1.425352120058240635e+00 2.326415845042294350e+01 6.964453738222665891e+00
-4.024755737268796985e+00 2.330546342390627501e+01 9.632726615285363891e+00
-7.627411455238066296e+00 2.362740842844258182e+01 2.055646999052794399e+01
-9.043471370705102430e+00 2.369402482851560521e+01 2.076287261432336706e+01
-9.392554471574127817e+00 2.224145807166111766e+01 2.620066888743403410e+01
-1.089447152437663391e+01 1.769848148732879167e+01 2.694516949092163216e+01
-1.149618537817439012e+01 1.519759547118843734e+01 2.739371462414849034e+01
-1.228119195409320774e+01 1.264715062199544704e+01 2.645574531493115344e+01
-1.288491047120527000e+01 1.049985936513552431e+01 2.572991755479761977e+01
-1.194156315138328317e+01 9.633268548691525268e+00 3.159046138052106656e+01
-1.042902156843167738e+01 7.585050792781936835e+00 3.457312434538504675e+01
-8.905330379356934500e+00 5.602143999729332080e+00 3.688862055302887200e+01
-6.521122854525075674e+00 2.583668767494771146e+00 3.718019705526103991e+01
-4.691230804187485504e+00 5.124468462727025386e-01 3.292999309640354255e+01
-3.287145168174026466e+00 -1.365941523908641653e+00 3.010447029337761649e+01
-1.686894643519296189e+00 -3.406488366775885623e+00 3.369772020239566501e+01
7.100275214349935915e-01 -6.325543071953728891e+00 3.568493910232297850e+01
3.538891757959635953e+00 -9.716107179705018027e+00 3.193334047849327817e+01
5.584585126660287280e+00 -1.126202207772683295e+01 3.346266859005372396e+01
7.703206746795681958e+00 -1.256151324720582174e+01 3.476177823867214300e+01
9.631119508017354391e+00 -1.388720149315487085e+01 3.198583899813867149e+01
1.187232594215908144e+01 -1.541658566894547455e+01 2.404222241994117581e+01
1.400962287265334183e+01 -1.686010725591675552e+01 2.251888210983499405e+01
1.446202717955514494e+01 -1.724040216557856198e+01 2.245805253741134067e+01
1.573005270106742337e+01 -1.825089405606712489e+01 1.995766776042206558e+01
1.750516853535946638e+01 -1.977315111895246247e+01 1.725004489429911914e+01
2.026078080166844231e+01 -2.191068169334962690e+01 1.744752834795843555e+01
2.055280403387003929e+01 -1.971462165911152908e+01 1.557758909595397689e+01
2.099690408403596820e+01 -1.719679390187964785e+01 1.357486777596869842e+01
2.132719823949500793e+01 -1.477192592263202364e+01 1.434223196020048086e+01
2.172247744911605238e+01 -1.254718784862944680e+01 1.508261339317635041e+01
2.237809341804550911e+01 -8.562944140469404886e+00 1.645709170401814703e+01
2.255571952909924960e+01 -7.646289747378723689e+00 1.636573240409503072e+01
2.192319259084425198e+01 -5.607033669336863646e+00 8.633947212678759087e+00
2.090902067989677349e+01 -2.105073783742976268e+00 3.889706436258236089e+00
2.023226767302626783e+01 4.281960135428841685e-01 3.097466220782401525e+00
1.915958878628507378e+01 3.950178230366563348e+00 4.641727089562897035e-01
1.873847633610799690e+01 4.919698326780394204e+00 3.525661866453276283e-01
1.867880224885314533e+01 5.506043932886660386e+00 -3.671740136070553717e+00
1.816649181022042470e+01 1.182020578844705305e+01 -1.360177017486382312e+00
1.858725946957090613e+01 1.404037214885077667e+01 -3.679733560318129371e+00
1.944162517107510268e+01 1.726166694673871049e+01 -1.677039697180669364e+00
2.036812415032915524e+01 2.177716476224942355e+01 4.927429648889614988e+00
2.099227189340788868e+01 1.943602414101627929e+01 1.826582379611110918e+00
2.175088344261104112e+01 1.685778806439434874e+01 5.708799352213786982e+00
2.288660063323069949e+01 1.343199533396026446e+01 6.482900171929249389e+00
2.328370455825490382e+01 1.236907858852853437e+01 6.167511608016439162e+00
2.325347159099090533e+01 1.189451320726624672e+01 3.983012634348650938e+00
2.347730324609148767e+01 8.069851821863968766e+00 2.223420436547892010e+00
2.372116086634710186e+01 5.572105833352497761e+00 1.772891521570779227e+00
2.387263128225382403e+01 6.074731729490054022e+00 2.120693446913361591e+00
2.374208863852642537e+01 9.638042677302186334e+00 3.050820669837909893e+00
2.376436032351260152e+01 1.206859871249653615e+01 6.424909801929561404e+00
2.374649935043312965e+01 1.456503534737399619e+01 8.151673172695929281e+00
2.376617257652728910e+01 1.718699115644501418e+01 6.227035095622563077e+00
2.362024717492572279e+01 1.978836837753630462e+01 9.208758383182326313e+00
2.364782913523202268e+01 2.163892777388029742e+01 1.028202140007598153e+01
2.369514724312436371e+01 1.789858132917755995e+01 7.390656867593008883e+00
2.379430725444379391e+01 1.503855708311578887e+01 7.836322089405100222e+00
2.374960685556886730e+01 1.148833730038170842e+01 5.522743740105735988e+00
2.369537679461124924e+01 9.040493742908639163e+00 2.614688093982237227e+00
2.383029524592881288e+01 6.518324547256246326e+00 2.143519166944868104e+00
2.385331832288202492e+01 3.994370392343592258e+00 1.796380282659546523e+00
2.370750474561535626e+01 1.388166453515931931e+00 4.537768343286488815e+00
2.381831113627028174e+01 -1.048105357559629969e+00 9.753258403079609451e+00
2.373228945594659578e+01 -4.686858055865114281e+00 1.521693077272111516e+01
2.360609395639359320e+01 -7.022010461284676985e+00 1.604734979657717631e+01
2.358606700043063853e+01 -9.293604276488508731e+00 1.587212390389142236e+01
2.371050676418498071e+01 -1.208040671805471433e+01 1.535633829488309310e+01
2.359149232055076340e+01 -1.580889481841589195e+01 1.653803654985144789e+01
2.365110307894595465e+01 -2.030079173524179481e+01 1.683765437638553308e+01
2.365418214795981555e+01 -2.135511832096737805e+01 1.681960321853951257e+01
2.012725787360772145e+01 -2.174304091217386414e+01 1.724856106095218067e+01
1.627064463550098239e+01 -2.230627565799958845e+01 1.738486608115236010e+01
1.356821489239685796e+01 -2.253483096469737390e+01 1.986531113664460335e+01
1.113017380625726105e+01 -2.262667415501289270e+01 2.240079731214462200e+01
8.648788278330048485e+00 -2.301564015085667947e+01 1.978416270584813574e+01
6.086167804132521120e+00 -2.319629234016202091e+01 2.005197594100094705e+01
3.616430155798751045e+00 -2.341212490716420547e+01 2.039854255073171529e+01
1.183387953282869276e+00 -2.373067888023817673e+01 1.870026322369976413e+01
6.620744149025517000e-01 -2.380465998751073187e+01 1.858253509059962738e+01
-4.537859208044411341e-01 -2.371099570136974677e+01 2.121127664454843753e+01
-3.024272169095614249e+00 -2.388546406415058598e+01 2.371944799128561954e+01
-6.880267847329480269e+00 -2.386898324464063137e+01 2.761691978142897597e+01
-9.378127270292516471e+00 -2.386546515224794618e+01 2.876325889739909769e+01
-1.315678823439614753e+01 -2.388199801823044766e+01 3.116835989272862761e+01
-1.682905875740017621e+01 -2.385311407034359021e+01 3.101153241742751021e+01
-1.939679680603821055e+01 -2.372991358456868838e+01 2.864413156554277506e+01
-2.137846191228884152e+01 -2.379706330453513274e+01 2.863414684877129801e+01
