-2.955874424772404474e+00 3.430583230151251772e-02 3.240228296814673570e+01
-5.664604156674009516e+00 6.659147689097309752e-02 3.608783380238907057e+01
-9.334382344797164777e+00 -2.695255966336360456e-02 3.501329895501829981e+01
-1.325076488061895397e+01 3.850541399871571652e-02 3.037123444400235428e+01
-1.578734247519785860e+01 -5.446639046053309424e-02 3.126122370422464769e+01
-1.674307299072773958e+01 5.838588287189446779e-01 3.067416371598119440e+01
-1.981661178759222608e+01 2.941806415418204868e+00 2.139801702316238163e+01
-2.199966343407486136e+01 4.352053742273252368e+00 2.072509825274424244e+01
-2.225439872139788733e+01 4.582591506795846037e+00 2.067213897596478489e+01
-2.237900467031127150e+01 5.738602527694375510e+00 1.868420838826357411e+01
-2.283272285553752923e+01 8.397222142845951254e+00 1.679072793208402814e+01
-2.312418528844186127e+01 1.086592245688519931e+01 1.720036943966332998e+01
-2.339214957493852154e+01 1.224300179419739720e+01 1.633849324246683565e+01
-2.344201224222684843e+01 1.330320280418595402e+01 1.850674593433198822e+01
-2.338080316744530052e+01 1.581708394543899843e+01 2.238700212862202932e+01
-2.356260241349031048e+01 1.834400538831990701e+01 2.332805066090568147e+01
-2.359278552800857298e+01 1.892510390851586521e+01 2.325425958724905584e+01
-2.230588007931728001e+01 1.953519109720949842e+01 2.712764843215648369e+01
-1.699776984624070408e+01 2.279955420624130369e+01 2.891299490112988479e+01
-1.648132411721789126e+01 2.286564712846137581e+01 2.581429045903225017e+01
-1.403991632030313497e+01 2.310686758765944404e+01 2.612803094441605722e+01
-1.049923863846976424e+01 2.351617866811684721e+01 2.131044250854978728e+01
-8.926690258421363211e+00 2.359461437634572079e+01 1.786109000004810810e+01
-6.164469508594634384e+00 2.357030375514051812e+01 9.025062674516036054e+00
-3.720195488684163720e+00 2.355642871931055993e+01 7.377244764005656208e+00
-2.445344373389108927e+00 2.347804629580761215e+01 7.312816768060605099e+00
-4.033292233940812821e+00 2.294178180688749435e+01 1.216443744173963459e+01
-6.508021028873782754e+00 2.221651898787286328e+01 1.896775981169868075e+01
-8.860970810423930644e+00 2.143151088499076451e+01 2.714536133348338964e+01
-1.111305576224422964e+01 2.052234511003240414e+01 2.723990697883521861e+01
-1.149695753652778940e+01 2.073896412644978682e+01 2.652581148461222682e+01
-1.367572902525613188e+01 2.146910335699161010e+01 2.566738550571259125e+01
-1.612984934269227466e+01 2.217975486501706328e+01 2.884978419608507139e+01
-1.854924612826355812e+01 2.304509090348873812e+01 2.845524545468322941e+01
-1.882792806817683839e+01 2.293341378400718966e+01 2.832047523537363176e+01
-1.906516320297406608e+01 2.101518174604743194e+01 2.510277554249699961e+01
-1.946574587123858890e+01 1.835807724552581277e+01 2.170663683364188756e+01
-1.990266102820286775e+01 1.500947140653419609e+01 2.064821347941201068e+01
-2.066588647072881102e+01 1.258281150272491544e+01 1.765523732400560419e+01
-2.214662406864922417e+01 9.144157631020112476e+00 1.839463580120857245e+01
-2.297469634094365531e+01 6.970495228211718519e+00 1.840754830030657274e+01
-2.317908625809215906e+01 6.545950383733900146e+00 1.847238878890241409e+01
-2.327294162783953269e+01 2.744254427928328521e+00 2.177930475035081415e+01
-2.340851803396999742e+01 2.703321528771272519e-01 2.504924838375621121e+01
-2.333147384773482713e+01 -9.789446527701625156e-01 2.518351677926388277e+01
-2.363709045697531863e+01 -4.444663845649684752e+00 2.458663228057561412e+01
-2.377580446631710842e+01 -7.062139815216688987e+00 2.618236002228449166e+01
-2.378001272418602952e+01 -7.749115009767717943e+00 2.923754722481123025e+01
-2.375572054713580172e+01 -1.040826847438093772e+01 3.150425802783241025e+01
-2.377130399031931063e+01 -1.508702383747600351e+01 3.108280109107273503e+01
-2.326594590290930142e+01 -1.587768033144129731e+01 3.634074676208728505e+01
-2.197334470006110863e+01 -1.814669893559423031e+01 3.739700961561327119e+01
-1.995608448187229200e+01 -2.150839262904521476e+01 3.600803821697260076e+01
-1.983181465880836569e+01 -2.208773068854229749e+01 3.611649731510253503e+01
-1.758258406745541080e+01 -2.244376373232822885e+01 3.342755460769953402e+01
-1.494583968979399025e+01 -2.279952723715729945e+01 2.951837814068178645e+01
-1.210152493607576574e+01 -2.334105065913806243e+01 2.941264068759649319e+01
-1.428661113739740074e+01 -2.333853374784760959e+01 3.226248105992983284e+01
-1.678696574336973768e+01 -2.354375634781814242e+01 3.127501613992982143e+01
-2.017232003623354331e+01 -2.368522277448206736e+01 3.018716022274008637e+01
-2.006986125653030584e+01 -2.323550970108960456e+01 3.587963569000228858e+01
-2.032038543473172609e+01 -2.078939380021894578e+01 4.000884768196826258e+01
-2.036240265203359456e+01 -1.810370741836817388e+01 4.085563409272486979e+01
-2.056556284777784072e+01 -1.570900586681347200e+01 4.092310320795515821e+01
-2.051339281291842553e+01 -1.492644012082658023e+01 4.034946825317219776e+01
-2.006253939278516896e+01 -1.255855363262060642e+01 3.815220855799045552e+01
-1.946740199680247940e+01 -8.890158998838805005e+00 3.510419846758430396e+01
-1.925657376826140421e+01 -7.705448295898950306e+00 3.505219600168160099e+01
-1.914554119912467556e+01 -8.101922679907538338e+00 3.954788075035060047e+01
-1.816018566043035420e+01 -1.056563629697911644e+01 4.268520436628008241e+01
-1.701951952572351701e+01 -1.278162262282230799e+01 4.450472103381940769e+01
-1.572184597589545696e+01 -1.600218619694753031e+01 4.659478747925004427e+01
-1.623562868116914260e+01 -1.660028774735996748e+01 4.488481787553745050e+01
-1.803750649755784963e+01 -1.812196028370862066e+01 4.069288660465502261e+01
-1.992237164045583242e+01 -1.974547386003741423e+01 3.483503791984112752e+01
-2.240065508965572860e+01 -2.206596009699055116e+01 3.106214281129695820e+01
-2.024100585895938664e+01 -2.233598230938036977e+01 3.402920282749543190e+01
-1.767124704003964197e+01 -2.258121994456908510e+01 3.343983680150533644e+01
-1.506183445788341047e+01 -2.279222854060918024e+01 3.027084027602477434e+01
-1.259380709580442925e+01 -2.315018737968087592e+01 2.939417628158686568e+01
-1.153957092464168355e+01 -2.313205596248410956e+01 2.952932562329794308e+01
-1.102231472165759918e+01 -2.324807175781417001e+01 2.876098969253297000e+01
-8.607514625965544397e+00 -2.338487927429182633e+01 2.735420096053816152e+01
-6.160465913410654082e+00 -2.353622048129079047e+01 2.410816821922320941e+01
-4.512996271350210975e+00 -2.363333001719961857e+01 2.422278543306764576e+01
-3.978050777299853014e+00 -2.360697406826890798e+01 2.121343364039933022e+01
-1.722414883924008322e+00 -2.358255041942840080e+01 1.956882617093257082e+01
1.864672669219442191e+00 -2.357261842229234716e+01 1.953971114691275446e+01
9.932233138783168602e-01 -2.313792489821899778e+01 2.054100088058981655e+01
-1.415169998165126675e+00 -2.186382134886144257e+01 2.363213286216003794e+01
-4.888445630630534389e+00 -2.017068372304685298e+01 3.231112797962916972e+01
-5.259061344251651171e+00 -1.988683106623440722e+01 3.231381238015494262e+01
-6.027977397300930740e+00 -1.876545181370510207e+01 3.727035113764285512e+01
-7.278404308438114256e+00 -1.654072866831759825e+01 4.600638667121764769e+01
-8.547907168857427962e+00 -1.456979775333042326e+01 4.785805082349327932e+01
-9.323817835849188995e+00 -1.333062868766568876e+01 4.780002196738371367e+01
-8.216068606164883548e+00 -1.038323072810910652e+01 4.360707821519248739e+01
-7.174338335519144572e+00 -7.989585322699764625e+00 4.124387366977423142e+01
-6.672056007933264254e+00 -6.728739671193404881e+00 4.131348230947524058e+01
-5.870260150806906552e+00 -4.816118258223545112e+00 3.583268442093998374e+01
-5.159441784390003782e+00 -2.807377556005048458e+00 3.135512359132689042e+01
-3.371285203149242182e+00 2.162758118819079201e+00 3.244406390927491657e+01
-4.556615904847526544e+00 4.028243348044904693e+00 3.323871280543523454e+01
-8.488074369800207464e+00 8.437829360198543682e+00 3.440781551587397047e+01
-6.289256582183170963e+00 1.179859743641325309e+01 3.208864152350297871e+01
-4.302756883758995343e+00 1.487143988309087028e+01 2.408807067909306099e+01
-4.004185376702042554e+00 1.517394539272451759e+01 2.416798594483269369e+01
-1.558700954688717610e+00 1.891597817307211571e+01 7.566383583315551498e+00
7.293183003829434297e-02 2.164179939915563011e+01 8.509619760507774799e+00
3.517292659923477949e+00 2.204150939459960412e+01 9.301707259952868512e+00
7.299087506157213134e+00 2.244623809321036134e+01 7.803883560060734581e+00
9.161473286303188246e+00 2.258903834448610937e+01 7.733748867669849147e+00
9.144557608384765501e+00 2.154692256515023630e+01 7.187367965283169013e+00
9.136787243929727964e+00 1.918909090229847081e+01 5.381990164167542723e+00
9.223076512625866030e+00 1.674278555811931923e+01 2.168942887967868494e+00
9.150912420933567049e+00 1.434771351464103617e+01 4.098549236366950232e+00
9.072463448960977672e+00 1.173547441175767503e+01 8.700181270949032708e+00
9.004931736479377946e+00 9.118066394523427931e+00 1.626125961639908013e+01
9.023189524994444710e+00 6.876076112333282531e+00 1.925856506675040336e+01
9.045227515747422231e+00 4.368825972815958636e+00 2.159120390539877121e+01
8.980947260470852456e+00 -1.849235172697683227e+00 3.422218773244555479e+01
8.886133183638438737e+00 -4.679914896104862443e+00 3.434577827630657509e+01
