3.004972937951984946e+00 -7.837813795560313879e-02 2.695668414532666191e+01
6.229448153938356825e+00 6.849777940719886660e-02 3.056815791221742984e+01
1.114845938661208002e+01 5.439697324070186246e-02 2.696804645268644762e+01
1.477984208061666926e+01 -1.906100918415620238e-01 1.612810596097845917e+01
1.730879822043995730e+01 -2.283627866932184947e-01 8.078889230978663960e+00
1.910487013544231516e+01 -3.754338631068487864e-01 6.014457835579769984e+00
2.101250081902645306e+01 -3.381016581286163003e+00 1.497119203567029011e+01
2.223039997225224340e+01 -5.491603972376736920e+00 1.572748023593972100e+01
2.253605090203554084e+01 -6.280912702422181582e+00 1.572292024144390687e+01
2.320834058281807089e+01 -1.028113945621625547e+01 1.527616385625171169e+01
2.344791832426663092e+01 -1.346993614556535057e+01 1.516975784076274181e+01
2.355994172134543874e+01 -1.418939641238691962e+01 1.514401267067946755e+01
2.378151419155874180e+01 -1.662067556119431444e+01 1.650949399638316706e+01
2.376481173284346937e+01 -2.063777825149396250e+01 1.682097777144885953e+01
2.379034939112709424e+01 -2.147050747772837909e+01 1.681899772125135684e+01
2.251209104450731502e+01 -2.182501180072276981e+01 1.764253613575518287e+01
1.877070671233700239e+01 -2.273992835637568888e+01 1.705654245164747707e+01
1.639612275713690792e+01 -2.322173557126244603e+01 1.684267252886775168e+01
1.605716462021407764e+01 -2.330363430208603504e+01 1.676428251807956116e+01
1.446258252696561897e+01 -2.332603425930739860e+01 1.982759369512334047e+01
1.191273924545801322e+01 -2.358411965902033813e+01 2.120935062601967758e+01
8.366223398194829741e+00 -2.365487472325641249e+01 1.859243533103111190e+01
3.835549713565407970e+00 -2.360443949840743727e+01 2.018461318882158295e+01
1.404737106805446611e+00 -2.356870368528601034e+01 1.884017951408295488e+01
2.965729536735117744e-01 -2.369564372799478491e+01 1.876969777858572996e+01
1.854582638387476168e+00 -2.338031369813727167e+01 1.968225342515388832e+01
5.467903555075425359e+00 -2.247008498875780802e+01 2.238592176015186297e+01
7.892303987575997937e+00 -2.183919830863712619e+01 2.319771161688501593e+01
9.614812841152344802e+00 -2.140083999750525123e+01 2.341347172756469419e+01
1.335854528374668959e+01 -2.070638769748829588e+01 1.884652042134470662e+01
1.577443415348867184e+01 -2.008539626007280177e+01 1.890812428271292944e+01
1.640668419350956952e+01 -1.879541855222938196e+01 1.833324018460045934e+01
1.758851075784586371e+01 -1.664228482173833612e+01 1.833312916618360688e+01
1.916308197505264843e+01 -1.333472079840163005e+01 1.650187339820769594e+01
1.939737798110159872e+01 -1.304091605585468372e+01 1.649357997554423960e+01
1.993319825537524537e+01 -1.187202212090269526e+01 1.762647674147130772e+01
2.085726286399408735e+01 -9.814417614456580452e+00 1.714619546614717294e+01
2.192454396306868603e+01 -7.538329898405169871e+00 1.415509559712156218e+01
2.289493346423267184e+01 -5.166078359466915515e+00 1.399741363643356529e+01
2.312472133330807367e+01 1.059716379864113378e+00 4.686797594601205930e+00
2.323639827216506859e+01 2.814624125198239568e+00 2.484257770361705031e+00
2.355119482343823023e+01 6.729923929816306938e+00 2.526288777949438291e+00
2.350293931313959916e+01 9.230765680611446200e+00 2.498937948865656455e+00
2.334453755952918641e+01 1.286187308185332689e+01 6.776317097765624631e+00
2.313090659668213434e+01 1.529794562684834780e+01 7.610569158006390111e+00
2.309764050208820763e+01 1.728202614584090213e+01 6.115829642375154584e+00
2.167941949027597914e+01 1.917680950458975531e+01 2.913286539597310654e+00
2.007479125410003817e+01 2.137639766210462611e+01 4.193976048815469149e+00
1.923194089617221536e+01 2.241970515165952094e+01 4.130795900161218448e+00
1.942145164677255309e+01 2.035178097342619452e+01 9.557446629290236029e-01
1.934920433449094190e+01 1.661017832674001937e+01 -2.631674144665531845e+00
1.957805199788988659e+01 1.337415030977062713e+01 -1.127639154061262250e+00
2.070816262624374815e+01 1.614700308910924065e+01 1.661295475378749886e+00
2.178221363529802446e+01 1.842964145564381440e+01 3.632188431360434233e+00
2.274627531613319320e+01 2.073395030387218796e+01 7.262429101405124321e+00
1.881685549293159809e+01 2.172151975208228691e+01 2.494069769429308803e+00
1.521831108588997949e+01 2.279692802770073001e+01 4.513720795035271571e+00
1.278933937316875635e+01 2.311276875008249831e+01 6.607661809609276737e+00
1.008590052857028141e+01 2.336587623276998826e+01 8.053733600297917405e+00
7.821676318336667322e+00 2.357148729933415510e+01 9.715471336177506245e+00
7.261898760680455922e+00 2.354980938711944916e+01 1.027398747649034050e+01
6.377621432282532865e+00 2.364001868718919752e+01 1.123111716360318724e+01
2.853824015727624008e+00 2.358587756375691313e+01 1.154620556940400000e+01
7.332039149626258523e-02 2.363014135060548426e+01 8.663139748444507404e+00
-2.286989944881313297e-01 2.348580442888360409e+01 7.890869604910360380e+00
-1.113773458482104406e+00 2.351354339075097499e+01 6.992321926374530427e+00
-3.522281917105558158e+00 2.360986972079208002e+01 8.843911184716400697e+00
-7.217791405623819045e+00 2.356274321306318953e+01 1.724429937327215256e+01
-8.054471621406444015e+00 2.352082441809618985e+01 1.826384030429122163e+01
-1.083102312362796127e+01 2.354241036700863532e+01 2.523173717394195492e+01
-1.455888207530428069e+01 2.365567364845591669e+01 2.711220746382914726e+01
-1.535069042144120743e+01 2.352088262335618651e+01 2.718286443631892979e+01
-1.416668716873034839e+01 2.355446175663454156e+01 2.607853593853403495e+01
-1.016566276776412536e+01 2.320998186102423944e+01 2.097167993584939794e+01
-7.871951394099766297e+00 2.282574092818843070e+01 1.609171322544489513e+01
-6.537761530062992321e+00 2.283718183763920706e+01 1.623559400508125350e+01
-3.787366129460006725e+00 2.272820762188676014e+01 7.177715368322646228e+00
-1.820952334514695237e-01 2.236081488706676268e+01 8.159330107172834801e+00
1.056843357964095398e-01 2.249704979528515381e+01 8.669022881926329305e+00
4.459857313560775971e+00 2.189315411153961932e+01 9.159820952116449533e+00
7.803335848244479678e+00 2.160983339564808503e+01 7.503789207900358527e+00
9.074203365141249478e+00 2.046297733557928211e+01 6.983739579517696860e+00
1.101270882546454644e+01 1.898242820072883319e+01 9.967738068928166939e-01
1.297759026301085150e+01 1.732131579809021815e+01 -5.481781325180210551e+00
1.402473668469454893e+01 1.657069308470519431e+01 -5.455692819790733950e+00
1.434344984368802223e+01 1.595098780398106975e+01 -4.541480448125973624e+00
1.564999057071490718e+01 1.257130022088341725e+01 2.223371669664053307e+00
1.665785703946880147e+01 1.024242386176206843e+01 -5.845816710644944486e-02
1.754581012961658004e+01 1.183427993050499971e+01 -8.026370608989231714e-01
1.860120856143436185e+01 1.408417816370306319e+01 -2.804458742733420440e+00
1.995283589768004973e+01 1.635395454962680262e+01 -1.816854607703490609e+00
2.155457558877301594e+01 1.976889349353861292e+01 9.199016618672969159e+00
2.260258303262405377e+01 2.182708243222225875e+01 9.204503982344997226e+00
2.185461576394209615e+01 2.119521375313253131e+01 2.874652102242559515e+00
1.964629108564755100e+01 1.945252873204694311e+01 -4.212706511592526404e+00
1.765558490276469072e+01 1.784068881734707546e+01 -7.824905381605834265e+00
1.583154427166845224e+01 1.624760727438647478e+01 5.999454323695435631e-01
1.332875691003349949e+01 1.427028222609891372e+01 2.006669217585525633e+00
1.114987521532089332e+01 1.509148803994800581e+01 2.024871886528746057e+00
8.835500985262333629e+00 1.591570600058776286e+01 3.260522207669165784e+00
5.747626439580489688e+00 1.714178965943726851e+01 5.069073341116526521e+00
3.675664846151003751e+00 1.792169394459999765e+01 6.300397165561190782e+00
1.361515585329174272e+00 1.858452452866883320e+01 5.993342708162448851e+00
-1.960715038712995906e+00 1.973765400843461393e+01 6.818324117532207573e+00
-4.202070413064759258e+00 1.998748692602816845e+01 1.778591409618685759e+01
-8.240548193770031560e+00 2.073854178980808172e+01 2.524674320972242825e+01
-1.003268610902056146e+01 2.101703465590915343e+01 2.619588646785499009e+01
-9.535243134718150770e+00 1.997628585504753573e+01 2.581989097554431112e+01
-8.241344014203031421e+00 1.763811545440983863e+01 2.550527491437705052e+01
-7.162408552319712740e+00 1.553599287304560583e+01 2.840373702987720961e+01
-5.654759843926949969e+00 1.226570472347123086e+01 3.179443250569221036e+01
-3.817604605493094549e+00 8.858774403853342250e+00 3.210659985641234471e+01
-1.641310343010638828e+00 4.467724511189369530e+00 2.974043930809713032e+01
-3.731764925294130952e-01 2.279777656678903863e+00 2.886327123973446973e+01
7.890267865755309362e-01 -1.588381452024233975e-01 3.309149669428435914e+01
1.724897518647857897e+00 -2.164044717496804271e+00 3.474059469108052411e+01
2.687893247252642670e+00 -3.917008624952766471e+00 3.431979844747493047e+01
