-3.037524342467989857e+00 -3.385036463684330810e-02 3.253271194544445422e+01
-4.253329443364213702e+00 -2.194100555578762726e-02 3.551091735160150620e+01
-6.865958202116632769e+00 -9.738944796408965932e-02 3.610958216136720011e+01
-9.384482968619478171e+00 -3.386727799940024430e-02 3.528853466233960035e+01
-1.426753237530859764e+01 1.182272987442451739e-01 3.039470456262603193e+01
-1.800763046304061632e+01 1.349523007366727478e-01 2.946494288375669512e+01
-2.054348144883304528e+01 1.468505936239662413e-01 2.778426911900363550e+01
-2.136013424204370637e+01 1.486600607971357291e-01 2.773509498907268522e+01
-2.169139082317836298e+01 3.440221673169412409e+00 2.242414683151637078e+01
-2.189476578914520033e+01 5.883549304011011394e+00 2.029831919030377918e+01
-2.212630577615959027e+01 8.443017473810122908e+00 1.751965993217318740e+01
-2.219651432533166968e+01 1.098889376744835111e+01 1.696070755532922192e+01
-2.252161472923509677e+01 1.472386293548073866e+01 1.934608417676521697e+01
-2.276840545672970251e+01 1.711917962875064347e+01 2.504467158812754946e+01
-2.306422403253835540e+01 2.101639077969740654e+01 2.654899618776081383e+01
-2.305345993058037024e+01 2.137101628525336139e+01 2.671364869059394564e+01
-2.061427369892998129e+01 2.143419950163891130e+01 2.713537869110451339e+01
-1.705057718353452501e+01 2.165763610487898205e+01 2.786754439376225534e+01
-1.451099084332104638e+01 2.169140562270629857e+01 2.538735036296554526e+01
-8.070344072522235734e+00 2.189527099409619737e+01 1.996070903219121462e+01
-5.600002426692025637e+00 2.204462077588907221e+01 9.069536313418334217e+00
-3.077935283802130773e+00 2.219770934216537484e+01 7.218516411653251197e+00
6.526308889738327013e-01 2.238722861357990013e+01 1.082903960738423521e+01
4.263733703873356262e+00 2.247463723714098549e+01 9.530237853615206589e+00
8.096402599388717647e+00 2.264095212801867874e+01 8.112666132695677490e+00
1.065215710449162501e+01 2.274666615682547999e+01 7.308697532735062730e+00
1.316165976090777789e+01 2.281358989956430605e+01 5.996453488612603522e+00
1.670418066371630061e+01 2.317270763638211406e+01 3.739328979618115500e+00
2.142036484541756991e+01 2.318092351267080886e+01 9.755140248313631801e+00
2.195521302958805521e+01 2.129954158646958007e+01 6.733967982458543666e+00
2.266371712157538099e+01 1.958341138484270516e+01 5.398405272850141046e+00
2.019256474144674840e+01 1.957102606955988477e+01 3.331060928428993262e-01
1.765561500181082621e+01 1.950904049622223368e+01 -4.208327449271108911e+00
1.502935635991762098e+01 1.935124638641444861e+01 -3.111054377816445449e+00
1.115884402689714250e+01 1.921915875845033739e+01 1.701985690803800022e+00
8.779299523366162816e+00 1.919138493646573451e+01 6.975645499548710937e+00
4.991230702179859868e+00 1.903501127998654496e+01 7.081337166732515342e+00
2.577571552616587880e+00 1.889287239139105878e+01 6.714945621057879066e+00
4.937504346389766374e-02 1.892937325998146036e+01 6.032666198171035887e+00
-2.564986322567701649e+00 1.884461780620809890e+01 1.205154315038597801e+01
-6.204667821330364319e+00 1.876011007681444198e+01 2.333168192521503670e+01
-1.001125820043657377e+01 1.866965497584113720e+01 2.677010558193955703e+01
-1.241409886522925810e+01 1.870631388820126162e+01 2.559631761146300732e+01
-1.493239176652936884e+01 1.851341875997177056e+01 2.459492323595742747e+01
-1.759871602608337682e+01 1.842623096165226571e+01 2.211577498187494584e+01
-1.819826862176543614e+01 1.736562075419639584e+01 2.177149753287677214e+01
-1.882206410752173298e+01 1.627892376994824630e+01 2.162375807270097283e+01
-1.672851697863877973e+01 1.620550800433993999e+01 2.325260387009103624e+01
-1.436870825885159419e+01 1.607490856364206167e+01 2.708131666480502986e+01
-1.180292724296166540e+01 1.596920452177865712e+01 2.777484012489559362e+01
-9.388667381063717343e+00 1.590812291380249199e+01 2.697055182574734999e+01
-5.551101439874501331e+00 1.587138868613502396e+01 2.336773974683964994e+01
-2.975287719603348702e+00 1.565730601314538184e+01 1.600096654458591416e+01
-4.517075468111882985e-01 1.563679531851765958e+01 9.224887232272596549e+00
3.387428751016740236e+00 1.545740480224037761e+01 4.561391001250571620e+00
7.247764996933288018e+00 1.541970339341118468e+01 3.460896762424444439e+00
9.471806545252372089e+00 1.533124397670938421e+01 1.821546777665821404e+00
1.209948807288628636e+01 1.527748551112706465e+01 -7.821906931644043715e-01
1.445962503925426645e+01 1.520588177944353525e+01 -3.695614653180195663e+00
1.702651706804918064e+01 1.504172698497730565e+01 -4.351336404901914534e+00
2.073010281585359138e+01 1.497090513666692679e+01 3.732737878971998491e+00
2.126067889378457565e+01 1.489366959580447158e+01 3.607831312879949515e+00
2.216584643888343109e+01 1.320445137942142466e+01 4.617566475918946090e+00
2.083295287047055311e+01 1.320617968614655879e+01 -1.881122523558938386e+00
1.702824350224069505e+01 1.292572220621294043e+01 1.589326594804365778e+00
1.324995595570758411e+01 1.272922251124972171e+01 7.104604796193191518e+00
1.073088157692012956e+01 1.255048997520129994e+01 6.707032070962332782e+00
8.115293689651611686e+00 1.251736698118956959e+01 7.955735239302600625e+00
5.719502002301678267e+00 1.233387898259478810e+01 1.002354734833629202e+01
1.897182396522717918e+00 1.223859929998807061e+01 1.356602244339796748e+01
-5.307396830412337563e-01 1.210432316959937893e+01 1.929839781366995766e+01
-3.063603927936096927e+00 1.193292171602351281e+01 2.825023371640015313e+01
-5.639586634291850586e+00 1.182726192844321567e+01 3.115158759396436494e+01
-8.116836743854905833e+00 1.173336364391464670e+01 2.847856061999183908e+01
-1.053193746818895704e+01 1.164812204256796946e+01 2.683277590096587062e+01
-1.432962978954228994e+01 1.154280426593505204e+01 2.326626865868823302e+01
-1.686223313708658367e+01 1.138645111225660855e+01 2.232367206835816020e+01
-1.739343261644509298e+01 1.149463673829464838e+01 2.230046965834537076e+01
-1.846256945933535221e+01 9.663127381635286284e+00 2.096429849575746474e+01
-1.471088715833773364e+01 9.626235045507526067e+00 2.239410827560752537e+01
-1.221855990117041380e+01 9.527102780937690696e+00 2.811539382397949183e+01
-8.529389105940646587e+00 9.391432834352485770e+00 3.345552714408197659e+01
-5.966088794072685886e+00 9.205738305018796197e+00 3.224764608424845136e+01
-2.276953157353215129e+00 9.251619970016502492e+00 2.517971821679400790e+01
4.071553898882504519e-01 9.092403772560315289e+00 1.879647027602324627e+01
4.008965704097769311e+00 8.889521589261287104e+00 1.679438628764550145e+01
7.674003804871952994e+00 8.980631307318025947e+00 1.673440183088654365e+01
1.014286751856760382e+01 8.802881016597021713e+00 1.663977690694924405e+01
1.254206325385416143e+01 8.719896280960465873e+00 1.237532524009483126e+01
1.637995717363460102e+01 8.653118042683217936e+00 -3.614658612389258785e+00
1.883545859390590138e+01 8.517492153845029890e+00 -2.558697650623660724e+00
2.101755221297555565e+01 8.491029591214440231e+00 -1.066891590526429123e+00
2.187997379777019091e+01 6.858636391083744677e+00 9.721624696450781311e-02
1.689530984340531816e+01 6.603126477204630085e+00 -8.750028632514432747e-01
1.448730437734066889e+01 6.469270819390338545e+00 7.803309820728007828e+00
1.063760113465008317e+01 6.206916495747368145e+00 1.916123045776846112e+01
6.888497587265661970e+00 5.990670895838556831e+00 1.751600363730721099e+01
4.431958230486032768e+00 5.847185989527040384e+00 1.750674871918236875e+01
1.853726620623539212e+00 5.760962671049615125e+00 2.104549375530804767e+01
-4.209648786398206610e+00 5.244684238961710321e+00 3.233001233141069974e+01
-8.049415083978257002e+00 5.177620119370566876e+00 3.591603896679210806e+01
-1.168559516269845311e+01 4.957967515757812471e+00 3.368252114341959214e+01
-1.426511871347202920e+01 4.789617688858794686e+00 2.929573825207914695e+01
-1.670978829190377368e+01 4.626929091254412540e+00 2.631691137167582539e+01
-1.707761630386795915e+01 4.684982679716207521e+00 2.629872670315271677e+01
-1.168472059969513843e+01 3.789050097748167367e+00 3.460778282647134318e+01
-9.088707767958478456e+00 3.333229400537324860e+00 3.720839968462170333e+01
-4.225694546596574952e+00 2.530317576912759048e+00 3.366644170259591107e+01
-1.790730276728375703e+00 2.002348411976639930e+00 3.071060794255238235e+01
7.871658424626071238e-01 2.153559398630922050e+00 2.693239876216942008e+01
3.395103729510630330e+00 2.084201888055359664e+00 2.221611123024972656e+01
5.947996965026547400e+00 2.227473105974588474e+00 2.244109044742812031e+01
9.628338948239672845e+00 2.224410084203239713e+00 2.558010831218042114e+01
1.215459142704548867e+01 2.341493970322083840e+00 2.044659656013190485e+01
1.478483563864017469e+01 2.380861129795496467e+00 1.255610665251399283e+01
1.708090033844915112e+01 2.513311113850587919e+00 4.829294948192704773e+00
2.100903857754646609e+01 2.421560891951614725e+00 2.924094695062771532e+00
2.181770160188691676e+01 8.342967847157267691e-01 4.027754718259053845e+00
2.010294197099777591e+01 6.901526218993543349e-01 5.923912875116542409e+00
1.755258988811188559e+01 5.801536251924693799e-01 1.349400262159236874e+01
1.509067911086360070e+01 1.727206235815521018e-01 2.034612442309402525e+01
1.126795617961996498e+01 -1.852458644203476279e-01 2.724986631990791253e+01
8.830619695737864205e+00 -4.097771853070024117e-01 3.191935695718556332e+01
6.369164063870434767e+00 -6.315977265117587169e-01 2.814221891194886283e+01
4.032848561458736825e+00 -7.478166441136486764e-01 3.191808596293267897e+01
2.931234992616325030e-01 -1.118584234761976104e+00 3.201547368016697703e+01
-2.167255933962602743e+00 -1.330951229749588904e+00 3.194184581847266458e+01
-5.801473700014398993e+00 -1.542773011776038317e+00 3.594147857108902855e+01
-9.625536288165987386e+00 -2.022017340978531141e+00 3.459217963102625504e+01
-1.209283642572152573e+01 -2.232467008763140637e+00 3.278603841810981834e+01
-1.453990632143982786e+01 -2.268985385577228620e+00 3.569475862568351232e+01
-1.972976862611712434e+01 -2.834472331824426927e+00 3.025492568174001207e+01
-2.106123621104545052e+01 -2.909773336419857248e+00 2.789668501185127170e+01
-2.142156531776358364e+01 -3.418541851413622545e+00 2.731692114069215904e+01
-2.238245220594851759e+01 -4.658911334379274294e+00 2.643921147915288117e+01
-2.044134865713599325e+01 -4.765264971763074620e+00 3.041309045160770452e+01
-1.794196692087262690e+01 -4.660933006533745981e+00 3.644013462607933462e+01
-1.547491538664270649e+01 -4.517667334835270943e+00 4.072626567770579697e+01
-9.269139405334509973e+00 -4.545686005465201518e+00 3.654825243176316008e+01
-6.834367800488355904e+00 -4.526230903092567814e+00 3.571799905425174870e+01
-3.106369686848272416e+00 -4.379776504049125663e+00 3.108987018837152405e+01
-5.643940389877905028e-01 -4.405682886415524635e+00 3.412892266830363752e+01
1.905044548684983852e+00 -4.301500557449206674e+00 3.483792141340143189e+01
5.604985052307521087e+00 -4.144399551176756624e+00 3.537196543923654701e+01
8.108837179393205474e+00 -4.157656229664429937e+00 3.482482632757477603e+01
1.193699731583805423e+01 -3.995109448563249899e+00 2.797817716232464846e+01
1.567749636072614550e+01 -3.975695750811167883e+00 1.691247403547303918e+01
1.959875710966068141e+01 -3.867049780935609693e+00 1.059410952439675313e+01
2.078017862595149623e+01 -3.755976517444472584e+00 1.047471902650441677e+01
2.189184414336073203e+01 -6.139876102399340674e+00 1.584256910346726244e+01
1.836381925801978454e+01 -6.433196993827675847e+00 2.324080881678558086e+01
1.589849765109813262e+01 -6.422008696171163322e+00 3.323665979480210808e+01
1.333613412128020315e+01 -6.599906180503753994e+00 3.699671134530367311e+01
8.371342502294611521e+00 -6.932704733496808380e+00 3.581462244157101793e+01
4.627396377498550706e+00 -7.225913356253357733e+00 3.539935284571242136e+01
-2.883632026994192188e+00 -7.755488148515649272e+00 3.231226014454313855e+01
-5.466807353162597138e+00 -7.875638270504086158e+00 3.981565868547710352e+01
-8.010229113258450440e+00 -7.959769090411832337e+00 4.356777983223435058e+01
-1.055364859083080376e+01 -8.186207973790990522e+00 4.606256782989123622e+01
-1.297975317602719691e+01 -8.375584944017907318e+00 4.550966400181634697e+01
-1.541229282634015973e+01 -8.358041934360853631e+00 3.703369781762899748e+01
-1.908221078234412005e+01 -8.686364872201659537e+00 3.163331391211574584e+01
-2.147839569782839675e+01 -8.661245270995017620e+00 3.164318226353027441e+01
-2.255322133455605282e+01 -1.059431952385333986e+01 3.188252740289186704e+01
-1.924755958684537660e+01 -1.058149072563496773e+01 3.852633938684081016e+01
-1.671253577890438891e+01 -1.068359850030656588e+01 4.500166383302180861e+01
-1.439852766276572993e+01 -1.064933771068114687e+01 4.680349365237958636e+01
-1.192850633134478500e+01 -1.077211150813170804e+01 4.470257961500010424e+01
-8.145524242836289730e+00 -1.078394294729822178e+01 4.542832222987592417e+01
-5.392905880769753857e+00 -1.082062445578105248e+01 3.781259481803194689e+01
-1.719048256462716306e+00 -1.075450811267157469e+01 3.205428604349611987e+01
2.075449795716539647e+00 -1.076240954313284703e+01 3.181431040012374822e+01
4.662506131876608784e+00 -1.088142935542670209e+01 3.543799428125202411e+01
8.390107405532646112e+00 -1.083515085798032551e+01 3.513321259808866159e+01
1.082995143375909741e+01 -1.078027896466337232e+01 3.014828264117295831e+01
1.713844607203569481e+01 -1.082839674608966085e+01 2.193682369981023683e+01
2.081715444446283669e+01 -1.078405079020137691e+01 1.745356916998697017e+01
2.172387392943906192e+01 -1.233689940924682205e+01 1.526381334837600434e+01
1.939066512355746141e+01 -1.245461377684153348e+01 1.952131710749095816e+01
1.678189338025666899e+01 -1.253342922389821368e+01 2.453688822216398435e+01
1.299056838147059700e+01 -1.265100807205734768e+01 2.893709305678356003e+01
8.153010007580716589e+00 -1.281678387632748617e+01 3.428234651713904668e+01
1.689208668828076521e+00 -1.307351932716209220e+01 2.992106187517352467e+01
-6.783046559247910556e-01 -1.328496739616548261e+01 3.758656056045050065e+01
-3.285182612034296401e+00 -1.342878295433381730e+01 4.536260321458810552e+01
-9.453754249872414306e+00 -1.362438508944909188e+01 4.789728240470995502e+01
-1.315101794089900444e+01 -1.389818308036932670e+01 4.521531267436759549e+01
-1.573554878006047453e+01 -1.401512708246219852e+01 4.523799343801213269e+01
-1.954784673531175088e+01 -1.421259859928342095e+01 3.746874814414191235e+01
-2.146459980830540815e+01 -1.420862801954339538e+01 3.754270992770965876e+01
-2.228717605266346524e+01 -1.584987594554735324e+01 3.453558273515991317e+01
-2.244246007253231667e+01 -1.616628210676100963e+01 3.453024474333020066e+01
-1.988935251908533530e+01 -1.626673703380364699e+01 4.503573425554636600e+01
-1.747263946155885250e+01 -1.628541348522016818e+01 4.635049428783530345e+01
-1.381389608682671621e+01 -1.645986205607563235e+01 4.406163455805261719e+01
-1.129492538238598343e+01 -1.654236550254006133e+01 4.405567819862618961e+01
-7.618589931003829641e+00 -1.670113031488078192e+01 4.431663482330974091e+01
-4.986427649932644535e+00 -1.665949901124314536e+01 3.695210194769845913e+01
-2.431896725701085060e+00 -1.666514359695771219e+01 3.052208169171071361e+01
1.289095480613784206e+00 -1.696018855120689039e+01 2.297154905699295924e+01
7.629830352017528128e+00 -1.709693533319410719e+01 2.743194044295010769e+01
1.510305165514673931e+01 -1.710414302959262756e+01 2.240865158882412800e+01
1.876557003981141136e+01 -1.723727640800401062e+01 1.356408966745455480e+01
2.111261423769151691e+01 -1.731185068712367681e+01 1.357967828638511953e+01
2.189367837537420769e+01 -1.878247499261999920e+01 1.495414606480956898e+01
1.701069347903283457e+01 -1.890706354865963945e+01 1.669828463607993996e+01
1.443913096951408725e+01 -1.901389731095439117e+01 2.032818602109633943e+01
1.087076253558448258e+01 -1.919206852010321285e+01 2.530542916004174359e+01
8.328531581322316413e+00 -1.919099315086812041e+01 2.505118702552650944e+01
4.482399154827344745e+00 -1.933153228819942626e+01 2.127117100805481442e+01
7.956781168115336644e-01 -1.947424151068154075e+01 2.368929242560768955e+01
-1.702772341789213106e+00 -1.976066920328609910e+01 2.803052221792401966e+01
-4.158868399353687018e+00 -1.971154678663666715e+01 3.523955941761303023e+01
-7.823202681634526812e+00 -1.999737243049490587e+01 3.538799503944908764e+01
-1.165559928107231613e+01 -2.006043296479850468e+01 3.863952569210379551e+01
-1.433122904304952705e+01 -2.016388604097227955e+01 4.243775097456059342e+01
-1.785312375071665869e+01 -2.034371452671166480e+01 3.885156275667910819e+01
-2.045277559759382768e+01 -2.043388136210385042e+01 3.698802982579169196e+01
-2.134500999593789672e+01 -2.056340128156060487e+01 3.697003917173390164e+01
-2.231604746925637528e+01 -2.187317630621164710e+01 3.188478189060616330e+01
-2.153067828171844411e+01 -2.188984426418612728e+01 3.360022974867386125e+01
-1.787703947316049735e+01 -2.199829560407634688e+01 3.564373442336902542e+01
-1.523577844920936819e+01 -2.218982175676370261e+01 3.209673071880764184e+01
-8.998532967649707004e+00 -2.242633936931676075e+01 3.069672396667025893e+01
-6.454007194071664344e+00 -2.234190201978828938e+01 2.710126866600759143e+01
-3.920496038739053724e+00 -2.243397817996073584e+01 2.153889211355947708e+01
1.044225821044341584e+00 -2.270460392972778152e+01 2.117575023523783528e+01
3.595638238194552638e+00 -2.274927161757132055e+01 2.142542099453943649e+01
6.207978261062070402e+00 -2.284855936254601971e+01 2.004664325898774990e+01
1.229962664247898374e+01 -2.295852272624098944e+01 2.159109303146027870e+01
1.733091731430124582e+01 -2.327596023313084928e+01 1.701025406581351618e+01
2.126612992619575593e+01 -2.333364479619255150e+01 1.807947344347100582e+01
