-2.929786462366532618e+00 5.475058081141589983e-02 3.239659794574732388e+01
-4.163636236568997617e+00 3.704524177198474655e-02 3.233275398670546252e+01
-7.265655767301120171e+00 -8.878925725109858280e-02 3.344877566405574498e+01
-1.038794130218122191e+01 5.350078507108124021e-02 3.556231055449273981e+01
-1.310478722956970543e+01 4.297898934100142371e-02 3.615139612851053386e+01
-1.418854228639405335e+01 -1.735149662563437445e-01 3.614808900903126698e+01
-1.600387956608785700e+01 -5.915580361137222631e-01 3.600972753127388870e+01
-1.833623931921802708e+01 -1.036486842519502405e+00 3.585144715969110507e+01
-2.139786345916515486e+01 -1.770658268014878134e+00 3.489004239745653280e+01
-2.399847855584552292e+01 -2.335779740469919208e+00 3.298027649484249935e+01
-2.628412499538069369e+01 -2.804122952658637313e+00 3.131165763667355861e+01
-2.881539374796459896e+01 -3.270105908242023407e+00 3.261212583089807993e+01
-3.119301625010146140e+01 -3.710766916890388956e+00 3.466826806837327979e+01
-3.360470638619320738e+01 -4.359927854939367187e+00 3.511268269608037684e+01
-3.613016744764266264e+01 -4.874652053566573606e+00 3.331682442291189972e+01
-3.908712031559961986e+01 -5.426006380189551948e+00 3.125082551070878978e+01
-3.958849532583771946e+01 -5.658723473121662018e+00 3.119855554043856571e+01
-3.980281086415767078e+01 -6.622231408085954563e+00 3.179314374574278546e+01
-4.063663425111416672e+01 -9.219230437084908303e+00 3.136874004309870401e+01
-4.147226847772755320e+01 -1.198837843953398696e+01 3.109747171085815154e+01
-4.214074163206520041e+01 -1.427045141859426458e+01 3.139268794562901377e+01
-4.297330510961948136e+01 -1.663409667933688851e+01 3.270742026305028816e+01
-4.373780365884525878e+01 -1.897744815773983262e+01 3.410123719433881462e+01
-4.460982116830449939e+01 -2.222515675265571389e+01 3.440905159301192384e+01
-4.562401072310441208e+01 -2.492083730537201802e+01 3.399600238062279089e+01
-4.627615071093441657e+01 -2.749075108746731289e+01 3.295129746647032221e+01
-4.699953287389406853e+01 -2.987697521246941434e+01 3.199055871587145816e+01
-4.753139940193768354e+01 -3.107097205996489464e+01 3.195893218192335894e+01
-4.758081149663134823e+01 -3.270936926364683472e+01 3.214178719979694421e+01
-4.786946131356967982e+01 -3.568118233879691559e+01 3.221673705785725161e+01
-4.814908429423839209e+01 -3.826216654100264947e+01 3.150795752945529671e+01
-4.827836823411148259e+01 -4.080795907451441451e+01 3.002207435462245400e+01
-4.842085323921514828e+01 -4.311622246415242188e+01 2.829723342368012595e+01
-4.874109542574846188e+01 -4.642075099296320673e+01 2.519194368430666842e+01
-4.889385679596126266e+01 -4.686526727532582726e+01 2.513135385140871136e+01
-4.645763903778725989e+01 -4.721509425216309808e+01 2.685902593772910407e+01
-4.383113082056552656e+01 -4.760238539979847161e+01 3.046887650421144400e+01
-4.081823866717163440e+01 -4.820267625702288683e+01 3.072212121443648414e+01
-3.921347719883047489e+01 -4.828108120311326701e+01 3.101386068335868273e+01
-3.676718710766445497e+01 -4.837576440522361310e+01 3.119699445190981280e+01
-3.438376808082515623e+01 -4.846087007325132845e+01 3.166244216440052384e+01
-3.280626668719703787e+01 -4.871536905515025495e+01 3.180268944756226546e+01
-3.427814134394932921e+01 -4.678413057470103809e+01 3.548717325564891212e+01
-3.618220937472315768e+01 -4.447378743221822361e+01 3.785683970475621152e+01
-3.720328229119742502e+01 -4.321509723702371986e+01 4.027623050559770235e+01
-3.863276361703709938e+01 -4.170339340204046863e+01 4.024438575713578814e+01
-3.692590607581268358e+01 -4.247320153727673642e+01 3.899093947539306981e+01
-3.407450920035309849e+01 -4.382484796981719910e+01 3.768975775277060336e+01
-3.195726439569187249e+01 -4.490121515963676302e+01 3.584442573537670995e+01
-2.991223111367985155e+01 -4.621479203399167091e+01 3.238973711307071568e+01
-2.745795939187939894e+01 -4.747194363697360586e+01 3.037070414735751100e+01
-2.616840970714977743e+01 -4.807216444764620888e+01 2.967807249639430722e+01
-2.279909807495788598e+01 -4.832995297317268779e+01 2.893810870863253726e+01
-2.023961108833507083e+01 -4.842645269799542973e+01 2.884123653708417123e+01
-1.935081232739689128e+01 -4.832288211382109466e+01 2.882468369438168310e+01
-1.651086492025723373e+01 -4.854066356553303763e+01 2.775404136530688959e+01
-1.402313590681107414e+01 -4.871665886049743932e+01 2.738681110380592187e+01
-1.266419018413450459e+01 -4.872905963425425568e+01 2.699615100601269191e+01
-1.219520264926873310e+01 -4.886085286331692146e+01 2.668992736196430471e+01
-9.699413071459471070e+00 -4.882642025266969910e+01 2.247195914996334665e+01
-6.458843560241545489e+00 -4.879396730620167233e+01 2.164066207166322542e+01
-3.892614830217095090e+00 -4.887493635999674524e+01 2.019005310111296581e+01
-1.408338142834081541e+00 -4.882954868464830156e+01 1.849439948703760805e+01
1.140861380350390641e+00 -4.874253560807296282e+01 1.910848794831277786e+01
3.554583187296603164e+00 -4.887156295976716081e+01 1.989285720379926303e+01
6.688746320991444172e+00 -4.872963559921830523e+01 2.015505296741505603e+01
8.990137675625762270e+00 -4.878066249622553130e+01 1.984624554233960581e+01
1.169594618908701555e+01 -4.869722136217669117e+01 1.968652591086440751e+01
1.354205968867158560e+01 -4.869128900138112215e+01 1.905262442373767584e+01
1.653929413227130496e+01 -4.864789671728861009e+01 1.885296773114411906e+01
1.983592545269129914e+01 -4.869370659154527203e+01 2.140432583139584821e+01
2.224632664578485119e+01 -4.867352520848405817e+01 2.143088438204913970e+01
2.507363402352355308e+01 -4.864183435365057306e+01 2.038043250859689692e+01
2.647673616537261765e+01 -4.862072736537536599e+01 1.861899900074672232e+01
2.789932239723449214e+01 -4.864888038715403695e+01 1.703258441510851995e+01
3.033902641976542469e+01 -4.862289883126128842e+01 1.659715749814838048e+01
3.271529023372610823e+01 -4.866341673739729856e+01 1.715400593841605925e+01
3.850364507891850252e+01 -4.862035732340941507e+01 1.695232732862886138e+01
3.878662274772244700e+01 -4.877062027003523781e+01 1.710184086878849641e+01
3.960056905590609233e+01 -4.867883188174209153e+01 1.737768863015560328e+01
4.207534107862258566e+01 -4.843506594794710907e+01 1.794758312825573654e+01
4.498845556649762045e+01 -4.825489493486010417e+01 1.682827299503795260e+01
4.649913095510944316e+01 -4.828097535245741767e+01 1.639591515034371483e+01
4.674725552364606074e+01 -4.770383547762439491e+01 1.690399040890627091e+01
4.723352750289713242e+01 -4.508924448217642578e+01 1.698597340337473227e+01
4.777323998034044195e+01 -4.277041525571353020e+01 1.676149613317228315e+01
4.821173214368241844e+01 -4.089243740074264366e+01 1.677722858582720278e+01
4.812132689341871838e+01 -3.848785630626422716e+01 1.648236871437894990e+01
4.824474118830347891e+01 -3.573061702441428622e+01 1.653150775059360811e+01
4.825195945349020832e+01 -3.473934189246664062e+01 1.651635084832792089e+01
4.761783163830867238e+01 -3.514399276422777518e+01 1.624574633321783423e+01
4.545713298498053234e+01 -3.627213505143821948e+01 1.511720835316906353e+01
4.385844583046689138e+01 -3.726172433976043408e+01 1.436511093677707152e+01
4.119840448600366045e+01 -3.870210051180823996e+01 1.525885831470183973e+01
4.087523277655058251e+01 -3.880319576278893834e+01 1.532949888048409015e+01
4.346106397708486924e+01 -3.380399032881547328e+01 1.402852118697441952e+01
4.457874455413880099e+01 -3.155610074259195841e+01 1.453635562233075440e+01
4.585586568102471716e+01 -2.941402245518053959e+01 1.440319403750604188e+01
4.693322396961782061e+01 -2.732497131653959599e+01 1.492685145596176532e+01
4.752116021900021536e+01 -2.619112519247802240e+01 1.524399451288233642e+01
4.783212506834101418e+01 -2.334225030583193217e+01 1.584361440899660245e+01
4.812646235737300771e+01 -2.098974348859498207e+01 1.665321803758349972e+01
4.832283828022419669e+01 -1.945369306787064900e+01 1.658287097517104058e+01
4.828066980298309829e+01 -1.844948138012881245e+01 1.633465300182255220e+01
4.842452994822496493e+01 -1.516932043800101049e+01 1.543272765611177988e+01
4.854613114145706732e+01 -1.258983464148339948e+01 1.528904623461033374e+01
4.868826509218857268e+01 -1.084726637846288710e+01 1.473925333586839059e+01
4.751350634317872590e+01 -1.305222267072639042e+01 1.554356225110465139e+01
4.586226002254221612e+01 -1.558261725306189405e+01 1.682981924040248600e+01
4.457871325501586313e+01 -1.754753075036482812e+01 1.822271521538026207e+01
4.347766333036945952e+01 -1.944076815439342454e+01 1.828046812555616540e+01
4.237723596207931820e+01 -2.130406692220914522e+01 1.708714892765837945e+01
4.092754872736099969e+01 -2.349564445988459838e+01 1.636982443006766630e+01
4.001893861410437836e+01 -2.495784322129921762e+01 1.697573627144092256e+01
3.889341093561614571e+01 -2.715378524496751922e+01 1.927123149760955911e+01
3.620492477264133413e+01 -3.123989134215099028e+01 2.069126913635560427e+01
3.490344391547941427e+01 -3.351650144480278470e+01 2.052268720431569804e+01
3.371578716475406168e+01 -3.540168438241496318e+01 2.026494285685095775e+01
3.251108721872843432e+01 -3.572253586330376152e+01 2.161341357362849891e+01
3.019568913740297234e+01 -3.628547295753968882e+01 2.140314612278159601e+01
2.793521622650282765e+01 -3.696534103423521600e+01 2.140314612278159601e+01
2.600680364260033173e+01 -3.751463752452003320e+01 2.266926292743560722e+01
2.507721012743092359e+01 -3.775013450262763826e+01 2.358269833839295870e+01
2.382405254002580364e+01 -3.802683730910783311e+01 2.523661629350941027e+01
2.061030317219758956e+01 -3.860937421085045429e+01 2.621709494883992164e+01
1.834693519514635440e+01 -3.906205844596241405e+01 2.659258536318249710e+01
1.546638607650225161e+01 -3.980536159628633186e+01 2.386169005931103371e+01
1.310324330848344232e+01 -4.025516157792174710e+01 2.255612293130538504e+01
8.221226078404169968e+00 -4.132311931710449215e+01 2.247150151367159410e+01
5.924655504615336632e+00 -4.168260258856441425e+01 2.174185484548366887e+01
3.640125218457411549e+00 -4.227210419622863924e+01 2.138618702980572905e+01
2.321775659968686067e+00 -4.258943892464420600e+01 2.154551132847210937e+01
4.970388641083167136e-01 -4.295533880385072933e+01 2.183239636550428742e+01
-1.587763279098178160e+00 -4.233582078024956985e+01 2.263867087896755592e+01
-4.587813076370884424e+00 -4.130224318700591368e+01 2.907634852235693756e+01
-7.175362765184866376e+00 -4.052325141766152683e+01 3.232290452172910733e+01
-1.111505405288566806e+01 -3.933272326506534000e+01 3.525220839585956156e+01
-1.360471762965335074e+01 -3.866718876199123400e+01 3.851590273184905300e+01
-1.605936149866642992e+01 -3.803218209528523630e+01 4.063858486298978079e+01
-1.847585591890183210e+01 -3.726683190761253428e+01 4.083652800343226374e+01
-2.084712088368435090e+01 -3.638481622444918173e+01 4.100356546213966880e+01
-2.185480239244031964e+01 -3.616034671368733200e+01 4.113197895506274193e+01
-2.213014346715838343e+01 -3.395266194034051210e+01 4.340346461228842401e+01
-2.264169502047090532e+01 -3.104967426556626364e+01 4.737694123369801957e+01
-2.306642508983706463e+01 -2.788224573744657420e+01 4.773103080557880418e+01
-2.347675520351710787e+01 -2.454321896220848842e+01 4.733877430632584549e+01
-2.233632109409669653e+01 -2.463260043819063938e+01 4.672312729218368332e+01
-1.936635222030874814e+01 -2.512642781318508511e+01 4.782677249889447069e+01
-1.675439226971382212e+01 -2.539956488520865463e+01 4.747904746617349758e+01
-1.371886463970281156e+01 -2.593408117954488290e+01 4.524763250535404069e+01
-1.054755620582599640e+01 -2.619034380936145823e+01 4.046014527744917189e+01
-8.016880288087092410e+00 -2.654528600016974949e+01 3.538865591891093487e+01
-3.127346341766973126e+00 -2.729583669331698914e+01 3.115944078906469983e+01
-2.494317765089594907e+00 -2.728608102487046949e+01 3.126679564383837473e+01
-3.278874265656586129e+00 -2.366659301469936949e+01 3.195673948099683059e+01
-3.644442376732912603e+00 -2.126172717273684398e+01 3.222389392413717246e+01
-4.170310344540890668e+00 -1.870463667610804848e+01 3.191661194209074637e+01
-4.834290230116157439e+00 -1.631756534999042429e+01 3.195662208215832933e+01
-5.339099222361175734e+00 -1.364939167219986516e+01 3.276216161841518471e+01
-5.860375114008063768e+00 -1.123864502779088248e+01 3.203350071436708646e+01
-6.440093609658230633e+00 -8.879214147011552427e+00 2.964100882056565567e+01
-6.856951477296878039e+00 -6.258497977240098820e+00 3.016314798079672599e+01
-7.452564826914382934e+00 -4.038434328720800437e+00 3.200368860532940829e+01
-7.935924763444515584e+00 -1.408748268099984102e+00 3.435117775319660893e+01
-9.198002394723808095e+00 4.417131119064360512e+00 3.507819414824064808e+01
-9.687344327337518379e+00 6.726641699269693575e+00 3.422588052553389559e+01
-1.010999978594640858e+01 8.696321911412486116e+00 3.318357870017434408e+01
-1.062123948533874263e+01 1.125608197561943769e+01 3.270781752101495954e+01
-1.128529899871823261e+01 1.373490989998470546e+01 3.292388258094501197e+01
-1.167000035006646641e+01 1.574753970647814683e+01 3.299109803619381864e+01
-1.189219661422236918e+01 1.675763966167926000e+01 3.311499817047164385e+01
-1.094093941948904281e+01 1.550143761159700517e+01 3.306601386056937031e+01
-9.444533274863202266e+00 1.338483383662655513e+01 3.278440055773955208e+01
9.643730790935524766e+00 -1.451522916660472440e+01 3.529162849758971277e+01
