-6.249078422246989284e+00 -8.004882966720197612e-02 3.258960287250724264e+01
-8.738487847899921945e+00 2.283395429461584220e-02 3.418539155605018465e+01
-1.265133497330258550e+01 4.889049305377188986e-02 3.595582313981977762e+01
-1.643936464333353342e+01 -9.532764171611805837e-02 3.617007009468743917e+01
-2.015134318421788251e+01 -9.946039983355305092e-02 3.572258215978893503e+01
-2.559786948968919518e+01 -1.594340289856223114e+00 3.174749141738261926e+01
-2.804433267651138806e+01 -2.247327945842471308e+00 3.088228980303100002e+01
-3.034805829622067108e+01 -3.162581614354845083e+00 3.367182848756146996e+01
-3.279840134137423036e+01 -3.770222871500599204e+00 3.502181941902204443e+01
-3.522060379343432857e+01 -4.604260904243694164e+00 3.470148917378846676e+01
-3.559891125830979774e+01 -4.552600382447999472e+00 3.470943657650673941e+01
-3.594595063357257914e+01 -5.030596377051899992e+00 3.425285320115174414e+01
-3.762992152681852076e+01 -6.690726459657923009e+00 3.296156375281443474e+01
-4.032636858652644918e+01 -9.567133040481758499e+00 3.144823365288961625e+01
