-3.062536962228965098e+00 9.162224372418198426e-02 3.205994424701786016e+01
-7.499487508509721678e+00 -2.798628676521079314e-02 3.384167083817785482e+01
-1.123021123588112147e+01 4.135772049314702381e-02 3.611970905472237092e+01
-1.381363910336125578e+01 7.247479146786005300e-02 3.613048924155300767e+01
-1.644751547740537134e+01 -3.114203462116107435e+00 3.601770009470487111e+01
-1.807524327721054647e+01 -5.180526259565363389e+00 3.576358771109858026e+01
-2.193812646688708412e+01 -9.972180812542273287e+00 3.856089871003116087e+01
-2.423050179541867877e+01 -1.275585288604929524e+01 4.337501205277465033e+01
-2.579206030862444976e+01 -1.485225831324350487e+01 4.573365023743736657e+01
-2.734457085697955137e+01 -1.683296573082797565e+01 4.656504689890758186e+01
-2.969726683929592426e+01 -1.970073606713810577e+01 4.690407200926937747e+01
-3.127803722694834931e+01 -2.172509505262904739e+01 4.590679952919187912e+01
-3.448999355281151225e+01 -2.548061626703100657e+01 4.345341374589379768e+01
-3.695881916083536822e+01 -2.849160124831519525e+01 4.370625553777826156e+01
-3.854700230303263453e+01 -3.055760463605268384e+01 4.382478580936903967e+01
-4.071023176182637116e+01 -3.339864932487218141e+01 4.200420518214320964e+01
-4.307454168706732389e+01 -3.637436582498991555e+01 3.785847462880404635e+01
-4.396026831277853120e+01 -3.779507662613638530e+01 3.490918071685730695e+01
-4.550978914740232284e+01 -4.115336343606976754e+01 3.147432881967526797e+01
-4.719921235812887517e+01 -4.464454754040907147e+01 2.870545245595337747e+01
-4.739767921738860679e+01 -4.493260366961221308e+01 2.865459594534546639e+01
-4.682820180925492082e+01 -4.526588014164329365e+01 2.971042047190137225e+01
-4.479768903319741469e+01 -4.678924055409093796e+01 2.974418995193949300e+01
-4.339316925274131620e+01 -4.747935805616655358e+01 3.045316343932967840e+01
-3.996104203927259846e+01 -4.841581572735871930e+01 3.083095477735107437e+01
-3.672779635177320756e+01 -4.872926042316680650e+01 3.104616198146788264e+01
-3.705928757417833452e+01 -4.791749332710980980e+01 3.316260009728130598e+01
-3.814998336894079500e+01 -4.495112759145219883e+01 3.597151548321817671e+01
-3.630548234812132335e+01 -4.586370230663634828e+01 3.339567528490751158e+01
-3.346675163586122181e+01 -4.747740844226245116e+01 3.244679198929705422e+01
-3.543416396423070580e+01 -4.430365207615428602e+01 3.818190530053210807e+01
-3.713474409904681295e+01 -4.134495341455081530e+01 4.126778047458339671e+01
-3.871594252368454647e+01 -4.023794348696242906e+01 4.130848668827333370e+01
-4.055646664804044121e+01 -3.863435492300934015e+01 3.971614730504291657e+01
-4.263818818932514887e+01 -3.698911505806760402e+01 3.714182205132524217e+01
-4.462274142273956556e+01 -3.547932203563724585e+01 3.226347445995381236e+01
-4.750829976676359223e+01 -3.312794205925063551e+01 3.221168696644821239e+01
-4.834999835994570816e+01 -3.019912516545085879e+01 3.114664221636917318e+01
-4.868400647509738377e+01 -2.780984390409174978e+01 3.136059312218258910e+01
-4.887016341920320883e+01 -2.506099661269306722e+01 3.103117553869414280e+01
-4.697191232054452570e+01 -2.515761498226044068e+01 3.345975761811555316e+01
-4.406203332092328395e+01 -2.729436936051892459e+01 3.798530352344544525e+01
-4.127450770663893564e+01 -2.999118595243416507e+01 4.400572907683068991e+01
-3.935196463294455071e+01 -3.192133725122386068e+01 4.533404800966845016e+01
-3.684771326698827210e+01 -3.440005403144947138e+01 4.558461167396426106e+01
-3.418389651364665127e+01 -3.702303947031043663e+01 4.594254151842265088e+01
-3.304355342618244151e+01 -3.899230793210035984e+01 4.120880329351135885e+01
-3.127999505407580827e+01 -4.233347911748639092e+01 3.484818063411175615e+01
-2.983724162988412587e+01 -4.560762952085480748e+01 3.323200755364536718e+01
-2.874229545120691398e+01 -4.669036922973612747e+01 3.007703690895102966e+01
-2.660908237764022388e+01 -4.802217584050450938e+01 2.982683904204585446e+01
-2.469521705215037599e+01 -4.837331948977739415e+01 2.890808976998862079e+01
-2.400616662894760367e+01 -4.841515137716385198e+01 2.895027387688181975e+01
-2.414780858263146968e+01 -4.798542972636185056e+01 3.273144457972063748e+01
-2.528306574696604514e+01 -4.427921304891858512e+01 3.626181358134144261e+01
-2.581970731263622554e+01 -4.218593507025683209e+01 4.062842928731234338e+01
-2.683098804060450959e+01 -3.942795020980394582e+01 4.269877524422907555e+01
-2.826123242738907138e+01 -3.627733599739270431e+01 4.468276145398182564e+01
-2.992693188113366887e+01 -3.410692113926558022e+01 4.632816266266515726e+01
-3.043322693574492632e+01 -3.338867485504115251e+01 4.631558742509172077e+01
-3.013467812832605119e+01 -3.381835248163778829e+01 4.516080046557357974e+01
-2.863655167361298126e+01 -3.567301238623199566e+01 4.341307323647910721e+01
-2.705779058122439906e+01 -3.786351350551119310e+01 4.101209070916861776e+01
-2.552612625555218884e+01 -3.971098327151008078e+01 3.625434270583679108e+01
-2.420927610936229968e+01 -4.179079869374945844e+01 3.251900220120528218e+01
-2.272592633614937085e+01 -4.377633345700250089e+01 3.079245787271229418e+01
-2.048406305412909134e+01 -4.667145716337917349e+01 2.983036624233805867e+01
-1.961115307093866633e+01 -4.712193676518198515e+01 2.845794616525585496e+01
-1.749028870803189406e+01 -4.789617195172353803e+01 2.815277593332445605e+01
-1.528109971071657469e+01 -4.840206785408315682e+01 2.750737436051490903e+01
-1.462033390760084828e+01 -4.857461038608668957e+01 2.759231920282157802e+01
-1.613530292933577215e+01 -4.503883451947756100e+01 3.224082585610476315e+01
-1.723843572530345014e+01 -4.293566996868781160e+01 3.622170941772549213e+01
-1.835379180653164610e+01 -4.039931388368954401e+01 3.657865759234717018e+01
-1.996105861099350776e+01 -3.907273598542282400e+01 3.968139658643053735e+01
-2.194389471686946536e+01 -3.746926441576314915e+01 4.220798417061430996e+01
-2.481551218362577416e+01 -3.509086782711071351e+01 4.334524689943541631e+01
-2.671837180540447676e+01 -3.350409802066484843e+01 4.488261806703358303e+01
-2.965467086758089010e+01 -3.120149259806374786e+01 4.581483640756784581e+01
-3.161162125749888219e+01 -2.950304889075500725e+01 4.479783109035452071e+01
-3.437027165790553340e+01 -2.733086816984856071e+01 4.254004946869794423e+01
-3.724261396638012656e+01 -2.492940614724490445e+01 4.004887978876553234e+01
-3.852899367352001292e+01 -2.395003480447461186e+01 3.708875857111406305e+01
-4.195622669462963472e+01 -2.260475037244442476e+01 3.439871825041593212e+01
-4.544058691730148070e+01 -2.120782971922461257e+01 3.134156563713063903e+01
-4.704463017934211422e+01 -1.937859203795320084e+01 2.843443452401069393e+01
-4.834042500854511815e+01 -1.662874688363583431e+01 2.673356298649645879e+01
-4.203566116138426167e+01 -1.732469548495917167e+01 3.326341114024396717e+01
-4.157890197276010014e+01 -1.747912481574474342e+01 3.334136477154679312e+01
-4.436268234603058147e+01 -1.502850762303228294e+01 2.729268174263143010e+01
