-2.918225915414076166e+00 7.954453719498211228e-03 3.245289828847760560e+01
-3.958795103912840396e+00 8.460488573474672647e-03 3.222447863461488282e+01
-7.574850995542218968e+00 -7.365677064755581094e-02 3.332158083823911454e+01
-1.149544225283436027e+01 7.991082489893350238e-02 3.598415100464553262e+01
-1.522252013759677602e+01 -3.513414686207153026e-03 3.612242532772859960e+01
-1.554903685019403525e+01 -1.043212768057422968e-01 3.598279906547152507e+01
-1.784100422639945904e+01 -3.128924530717616559e+00 3.596411590081197573e+01
-1.937888136862516575e+01 -5.166815416124788563e+00 3.541925326541515062e+01
-2.325976928378838338e+01 -9.797146878881875409e+00 3.773507131153358785e+01
-2.490802220393038269e+01 -1.188652908107706629e+01 4.304339461178246751e+01
-2.646115764684406813e+01 -1.389656211018993837e+01 4.613646828141195755e+01
-2.798302829441966821e+01 -1.601029817324645066e+01 4.631901911093618907e+01
-2.963069600827058636e+01 -1.779103123163459088e+01 4.637637089659639855e+01
-3.195488069117149976e+01 -2.087287464132462844e+01 4.571550581120569490e+01
-3.353566214348527552e+01 -2.270053950640145146e+01 4.381415270068386292e+01
-3.591884134059508682e+01 -2.580054949041618073e+01 4.243963439053300846e+01
-3.744153451110717157e+01 -2.780387957693447731e+01 4.337908011477731662e+01
-3.976004743492815408e+01 -3.047385490597033453e+01 4.203908457642367580e+01
-4.152030712227848852e+01 -3.246791562702568967e+01 3.944593163034232219e+01
-4.379110786983938652e+01 -3.550277001720650105e+01 3.717769885269702712e+01
-4.440947707710597570e+01 -3.670084446554859881e+01 3.572258860066840924e+01
-4.679318376580265948e+01 -4.271274776106259452e+01 3.155765308348269471e+01
-4.802835974799559438e+01 -4.589335657739638918e+01 2.628158035315820129e+01
-4.825435938709982508e+01 -4.642175079976217233e+01 2.629717383797677499e+01
-4.665317050604252813e+01 -4.703943234910101268e+01 2.785733622305170698e+01
-4.437918380007571528e+01 -4.822423265394193237e+01 2.840071179618128383e+01
-4.377156763775396087e+01 -4.824900178529323824e+01 3.028653054701498348e+01
-4.131327907236091335e+01 -4.832719774659201306e+01 3.081948542441316619e+01
-3.831091605444308357e+01 -4.883778074563108618e+01 3.076755966128994046e+01
-3.896549887506598964e+01 -4.697731169008503116e+01 3.468949427020415044e+01
-3.989161558056125045e+01 -4.484892586510927970e+01 3.616318559850771663e+01
-3.836361010642146852e+01 -4.592355637676059388e+01 3.232271929808864996e+01
-3.612225347683390453e+01 -4.713512510559895929e+01 3.207219115657278508e+01
-3.412657897523273220e+01 -4.799474433898138415e+01 3.205093162295003140e+01
-3.375907476012842068e+01 -4.810832529541008995e+01 3.206920338838975226e+01
-3.524126760203323272e+01 -4.557887665432750168e+01 3.824637603109930950e+01
-3.749517163472380332e+01 -4.168143095171812718e+01 4.072126520483888612e+01
-3.901872677574706216e+01 -4.004472882188304084e+01 4.139870793584461950e+01
-4.342595357324344008e+01 -3.567129109934370490e+01 3.725901268224730245e+01
-4.612011965357392285e+01 -3.306015020869120491e+01 3.348418812653861210e+01
-4.740234812418933075e+01 -3.087632696225600171e+01 3.132099207334131918e+01
-4.808093557324244216e+01 -2.899373459209342840e+01 3.144580141833001719e+01
-4.867855453869773186e+01 -2.605950490963142485e+01 3.129914630434952727e+01
-4.795762931750564206e+01 -2.647177450723118852e+01 3.379641351492244894e+01
-4.595324192393482576e+01 -2.809352435275994964e+01 3.888005668727433317e+01
-4.104074216341028603e+01 -3.168569991131191443e+01 4.377176306694569519e+01
-3.890501545256967830e+01 -3.329085463930303490e+01 4.511764297301802884e+01
-3.579615917711863915e+01 -3.548565160234414151e+01 4.534405026712887832e+01
-3.515388294741363495e+01 -3.693452141487823326e+01 4.503939235081719517e+01
-3.352608456525727831e+01 -4.028257843679492112e+01 4.274029081250465367e+01
-3.222364284951441959e+01 -4.233345450142096666e+01 3.677501571028633265e+01
-3.107679839718101178e+01 -4.478176724797036456e+01 3.291976763679721074e+01
-2.991442708355747016e+01 -4.697604970015174075e+01 3.229308926273124314e+01
-2.726403630556303526e+01 -4.792062157264754774e+01 2.987530967594873488e+01
-2.452275349548767025e+01 -4.852149103670862473e+01 2.907921091557879123e+01
-2.468310216141654934e+01 -4.765610442102262567e+01 3.181749441013612412e+01
-2.519849759831319602e+01 -4.523628459944268343e+01 3.669622320040314634e+01
-2.714781895030094816e+01 -4.055740484704687532e+01 4.193333105007447159e+01
-2.919766874191724426e+01 -3.730147744101627438e+01 4.471883954037794240e+01
-2.927465021304245241e+01 -3.692710831748023281e+01 4.474595354465932928e+01
-2.788895224900419478e+01 -3.861460701790611694e+01 4.106570182974272853e+01
-2.631922097633162849e+01 -4.060524708935644611e+01 3.551982563689486483e+01
-2.482316006447160461e+01 -4.248445439020134273e+01 3.201621632188486899e+01
-2.251994083425915960e+01 -4.543934780964419673e+01 2.970072701136851379e+01
-2.081718487693766306e+01 -4.743001663085345854e+01 2.931980766350519474e+01
-2.004777622364744616e+01 -4.775963495879459231e+01 2.811234156235158821e+01
-1.711112274403886246e+01 -4.847420806758366041e+01 2.813982044844034647e+01
-1.883323519566909354e+01 -4.613280540519431128e+01 3.164780279519835204e+01
-2.039248072149118940e+01 -4.430512435756546097e+01 3.330175504389110586e+01
-2.280253376388491304e+01 -4.137422486170838454e+01 3.722571618466519539e+01
-2.419803215704037669e+01 -3.949163695713192368e+01 4.097908547179842031e+01
-2.665249184128393267e+01 -3.654947402791249544e+01 4.382324751983311018e+01
-2.888858639172581277e+01 -3.363901929282760506e+01 4.539680569156150369e+01
-2.993104835182048262e+01 -3.281228505675008478e+01 4.633795140819302816e+01
-3.296126156974361976e+01 -3.083160326876333812e+01 4.428009777519994117e+01
-3.604347311914485630e+01 -2.870811792424605713e+01 4.202809288089199669e+01
-3.912267151568291013e+01 -2.678188895528370495e+01 3.886546335473865810e+01
-4.232008425145418329e+01 -2.478168310849059353e+01 3.685921335104146124e+01
-4.433985672823926194e+01 -2.342335425755522138e+01 3.386020216113679737e+01
-4.630874629286702060e+01 -2.214812169800457653e+01 3.201641540443526424e+01
-4.658475808917787475e+01 -2.163680457080026898e+01 3.009158213074816146e+01
-4.739162674720643764e+01 -1.919719224811412062e+01 2.788894361512771880e+01
-4.812364875356798422e+01 -1.675335767537969289e+01 2.654835267550848599e+01
-4.843481643797779412e+01 -1.609922562553261827e+01 2.641555960426241967e+01
-4.741307922409743014e+01 -1.643720692685066354e+01 3.004717274329146193e+01
-4.504373951463203696e+01 -1.719648433950152011e+01 3.227512779047730618e+01
-4.303414633295866309e+01 -1.803358969647939247e+01 3.247751111542203972e+01
-4.032037001425211997e+01 -1.781913867673915775e+01 3.558139881523894843e+01
-3.913300329643426778e+01 -1.866078002192348251e+01 4.259504187201850556e+01
-3.430196578658062379e+01 -2.262727895143811807e+01 4.537917297268003125e+01
-3.239693757389733264e+01 -2.412854826956458965e+01 4.611708718026087439e+01
-3.045363533529676303e+01 -2.590354344020943955e+01 4.528464348055542388e+01
-2.870407096613097764e+01 -2.738242977018362012e+01 4.520188726975266746e+01
-2.693275403889286679e+01 -2.918864650791493887e+01 4.546830183514721568e+01
-2.421554786973865703e+01 -3.175972020519056471e+01 4.409581277482886463e+01
-2.244833311197479730e+01 -3.341452645133291099e+01 4.408036161460942992e+01
-2.192410714721679810e+01 -3.419532344216769104e+01 4.243504300451318301e+01
-1.970696050695486079e+01 -3.714181681546074287e+01 4.004163252866632661e+01
-1.813281405027233006e+01 -3.954338795650784277e+01 3.396297501613300085e+01
-1.610661476598857789e+01 -4.277232171444056519e+01 3.124790714029101224e+01
-1.485382022861443296e+01 -4.489474418652230980e+01 2.809549093017023935e+01
-1.329353243667422468e+01 -4.736123806288404836e+01 2.785937820790292818e+01
-1.072366425949250335e+01 -4.823976252125110165e+01 2.493707367680147513e+01
-8.190074882703022752e+00 -4.871073808276789663e+01 2.297092927598200163e+01
-7.789942146963492853e+00 -4.871098265906418590e+01 2.303355072119400404e+01
-8.343546610183777190e+00 -4.730938958911458059e+01 2.629841305175756361e+01
-9.391797934348648624e+00 -4.503119310516547102e+01 3.057293547154027635e+01
-1.045971713849090357e+01 -4.198235113064630752e+01 3.221020796904588224e+01
-1.100586464204812209e+01 -4.103542918204126977e+01 3.614776702432248356e+01
-1.267400355770791442e+01 -3.788373189074770409e+01 3.805205637006056918e+01
-1.423646670552522941e+01 -3.599380997236672641e+01 4.338492095900287637e+01
-1.596222005535383026e+01 -3.404307281283477238e+01 4.455949233447064017e+01
-1.748595136442564169e+01 -3.186165052261007347e+01 4.645781418051790723e+01
-1.907841329474717185e+01 -2.986426946317383013e+01 4.781126779968959539e+01
-2.148195372399177927e+01 -2.703913248413792303e+01 4.761177842618169365e+01
-2.238669713813375139e+01 -2.600683342250645680e+01 4.757161722021161410e+01
-2.450400443234141790e+01 -2.476247046532883189e+01 4.701118260708859964e+01
-2.779368542195259550e+01 -2.260843554471397709e+01 4.719114405507323085e+01
-3.094393130923171853e+01 -2.049323304851031580e+01 4.531386201854943607e+01
-3.298191224030014723e+01 -1.922786494954073788e+01 4.295101186611046984e+01
-3.624681874156871686e+01 -1.711349002278929277e+01 3.912132344247373084e+01
-3.831605310541307574e+01 -1.577446633933852738e+01 3.444691007331350363e+01
-4.153241016834846988e+01 -1.373141351816957467e+01 3.062185348931921425e+01
-4.386099127335019432e+01 -1.242332043200114455e+01 2.733242189944426670e+01
-4.518404227354884029e+01 -1.111844918474470312e+01 2.439535470352291568e+01
-4.753443417110023717e+01 -8.722998531176159531e+00 2.435058732404154114e+01
-4.854312374517147788e+01 -5.769222285645160042e+00 2.489110669115658325e+01
-4.683847962694803613e+01 -5.943682938720227682e+00 2.534811404650523059e+01
-4.447684974425472149e+01 -6.177232071991246798e+00 2.689945588424333778e+01
-4.284278960113434920e+01 -7.251476295615518985e+00 2.978826504556605670e+01
-4.061098305797510477e+01 -8.615729711032964033e+00 3.464908007834148407e+01
-3.692278602559566281e+01 -1.012071423211912879e+01 3.604975305987392176e+01
-3.464442517198802562e+01 -1.086751319441090935e+01 3.985131428118768326e+01
-3.391681822660707724e+01 -1.130243023018788584e+01 4.281425639252979209e+01
-3.219010832701102487e+01 -1.294900829016825838e+01 4.523116491512264759e+01
-3.013596366274972382e+01 -1.448709061196042924e+01 4.628064904920405098e+01
-2.821921720247723187e+01 -1.603215767779085965e+01 4.618482447531123825e+01
-2.467157314462048134e+01 -1.875937824753392391e+01 4.547956868989228951e+01
-2.371404403309125541e+01 -1.942727321041862609e+01 4.466173464126869419e+01
-2.173843242281742505e+01 -2.102038558943888802e+01 4.445471792813078338e+01
-1.997327509454798644e+01 -2.239265710686195732e+01 4.563558927232467255e+01
-1.819442284729684545e+01 -2.384748720716033077e+01 4.645506057413086864e+01
-1.761161851774750176e+01 -2.425464445746339592e+01 4.790174961349381277e+01
-1.614885857485948151e+01 -2.604760880117742872e+01 4.754246436727739678e+01
-1.439464166742875939e+01 -2.776032391061337634e+01 4.611957273589494122e+01
-1.261794676382413094e+01 -2.937809635307448630e+01 4.612660615605827275e+01
-1.076236267686795856e+01 -3.281851017155654660e+01 3.806743505851791554e+01
-7.959976345744434134e+00 -3.834109174709863055e+01 3.229013966419367421e+01
-6.848783025361395715e+00 -4.054537166583764218e+01 2.845362296302313965e+01
-4.990009186975048472e+00 -4.417154773686225155e+01 2.200444908505829034e+01
-3.915489880641775056e+00 -4.628348071536224495e+01 2.202173537464242159e+01
-1.861313411540015172e+00 -4.706105149059374071e+01 1.945280025354691489e+01
-6.861081489327494620e-02 -4.774507965736008686e+01 1.870445076266118534e+01
1.097603762585015685e+00 -4.814853774236640049e+01 1.857432835074069288e+01
3.005715257070173951e-01 -4.551427279921085756e+01 2.127681974448641355e+01
-7.328478412815240262e-01 -4.215890440096008263e+01 2.383676790589489514e+01
-1.602477912917732894e+00 -3.918441712172760560e+01 2.474456285123039123e+01
-2.678848324524651048e+00 -3.710950706370390861e+01 2.897366685108434581e+01
-4.028806455896216221e+00 -3.500759310780763656e+01 3.099749206233192922e+01
-4.939698006802383468e+00 -3.325236857100519927e+01 3.748366837176072863e+01
-6.666148932661791982e+00 -2.988817065909480064e+01 3.939004030993126548e+01
-8.542046500931858688e+00 -2.690162804072057057e+01 4.110997155587441654e+01
-9.825705112254839335e+00 -2.463591693823829942e+01 4.121722187253367053e+01
-1.229095945887334729e+01 -2.203764516843698473e+01 4.388123332743983696e+01
-1.504261264782150498e+01 -1.933679225099904286e+01 4.460052489659163655e+01
-1.658266298428915775e+01 -1.813536250026667673e+01 4.344987391467423521e+01
-1.850627634114139042e+01 -1.675637910732955049e+01 4.235205231375346813e+01
-2.063472239111106887e+01 -1.524302052809400010e+01 4.180150392711207274e+01
-2.257398496209238203e+01 -1.372566890706896103e+01 4.127313623311111002e+01
-2.555285627179094021e+01 -1.151998002870558402e+01 4.138311786496433342e+01
-2.858591546702631803e+01 -9.286121986500408099e+00 3.927597264291512147e+01
-3.171639718509929295e+01 -7.013722348020617225e+00 3.604339822182174657e+01
-3.366435822991180515e+01 -5.638873526420582039e+00 3.566593956833114021e+01
-3.691066303169073137e+01 -4.541423792490478561e+00 3.213197935434708086e+01
-3.944567807542551208e+01 -3.623046438514039735e+00 2.929396616716491408e+01
-4.200947551257277723e+01 -2.989752716214693073e+00 2.756407026490064993e+01
-4.430854608106955794e+01 -2.265236475075752764e+00 2.612322635667997872e+01
-4.581985707843819000e+01 -1.588313323497647644e+00 2.434048850800910557e+01
-4.682654355047408501e+01 -5.768725855014388004e-02 2.214978799964777068e+01
-4.758967341775132809e+01 1.917265568680816434e+00 2.176153233293433686e+01
-4.796086075504423007e+01 3.044477822806214373e+00 2.177965571501743014e+01
-4.648900174600167645e+01 2.972903090499883216e+00 2.567732636734747587e+01
-4.289092853274895134e+01 2.538106640064662578e+00 2.836534684174838716e+01
-4.224729380670178358e+01 2.569068096066525975e+00 3.053775615731490589e+01
-3.923600014874593711e+01 1.888249308861829512e+00 3.112633768895764774e+01
-3.875385554893251339e+01 1.712138064172459950e+00 3.137680693716062308e+01
-3.625230939973371846e+01 1.125988489294070360e+00 3.145930314353661217e+01
-3.419863254481663262e+01 -1.772014919027484758e-01 3.217077619166888525e+01
-3.088845521152586926e+01 -1.981671253596875903e+00 3.180724775968099038e+01
-2.882545789874096798e+01 -3.297443878912913906e+00 3.161260176607108363e+01
-2.862982043162024226e+01 -3.526093000666524979e+00 3.170149559061613331e+01
-3.247295470271194517e+01 -1.224647007454055414e+00 3.195946321230706388e+01
-3.556255584028936312e+01 5.359037397532083746e-01 3.148808663834140376e+01
-3.906284147047789901e+01 2.641104280730161680e+00 2.712923175163031786e+01
-4.224829676655681254e+01 4.390550995957497982e+00 2.342245805099837241e+01
-4.441382419832753214e+01 5.772693786864399712e+00 2.135975007785318169e+01
-4.629748239450912450e+01 6.856003248286139495e+00 2.130468238237159895e+01
-4.695036113626591145e+01 8.566890500037107614e+00 1.989633743119197007e+01
-4.806924752793184297e+01 1.112051452198556944e+01 1.864137768216364321e+01
-4.809277604451079213e+01 1.144182490688580422e+01 1.872763023339974708e+01
-4.620230689126491797e+01 1.063936683608592482e+01 2.157021878775091039e+01
-4.380695724223519250e+01 9.957875874494527935e+00 2.362027290047409878e+01
-4.023309068044403602e+01 8.557191117212331832e+00 2.604197564391428088e+01
-3.831095152602786413e+01 7.878619626986893998e+00 2.796017853260401509e+01
-3.564421981949403317e+01 6.651006812294956383e+00 2.867834497698569507e+01
-3.421293324653433388e+01 5.312092481201910132e+00 2.917029644132739463e+01
-3.221675979390042954e+01 3.588364046758319770e+00 2.953753931180667180e+01
-2.941080609206173690e+01 1.276627021391694816e+00 3.039505208120245783e+01
-2.569383135358564374e+01 -2.200003429754932238e+00 3.271216566573271933e+01
-2.285195110982167321e+01 -4.670731654748192518e+00 3.472964447394845422e+01
-1.825523602257582212e+01 -8.762417832752545266e+00 3.688208463482356336e+01
-1.686031538952597586e+01 -1.006560453034371605e+01 3.863952575872789197e+01
-1.513048181080664456e+01 -1.160061935520652199e+01 4.011221999724974552e+01
-1.386098671281032324e+01 -1.287058571589196809e+01 4.115346070258328126e+01
-1.213068402973788018e+01 -1.478947877793605770e+01 4.083351543928988292e+01
-1.092660452254836478e+01 -1.618250554286231235e+01 3.739477316549319141e+01
-8.676993274811586332e+00 -1.940844887971298505e+01 3.556257219658580482e+01
-7.166452908035112479e+00 -2.135132822620803950e+01 3.459768919911751084e+01
-5.507924100444561155e+00 -2.342792238832354812e+01 3.225342786887954105e+01
-3.452564135081983565e+00 -2.646513228617826741e+01 3.153801901909241323e+01
-2.683619995552904314e+00 -2.768037612047188745e+01 3.184002082758288665e+01
-1.856820143361511022e+00 -2.985372022697535854e+01 2.924719826219550001e+01
-2.127781925210302516e-01 -3.347337841457429874e+01 2.595857538203938120e+01
1.650316628434939759e+00 -3.804969021090801817e+01 2.198408578433923211e+01
3.293254631844956037e+00 -4.138053901040781568e+01 2.175215086044379120e+01
4.245616083328204837e+00 -4.374748478880491831e+01 2.162571502367394771e+01
5.070196108101223231e+00 -4.565766120991778365e+01 2.175317904742209763e+01
6.743688456824928679e+00 -4.678996621977037762e+01 2.049469049610669913e+01
8.590343243079042068e+00 -4.784725315497876608e+01 2.036110447357512498e+01
8.609344755590182530e+00 -4.734311124077903798e+01 2.176095076146919638e+01
9.038285799608933857e+00 -4.264777506139726171e+01 2.292784107891791123e+01
8.294950737043359723e+00 -4.069213140003152773e+01 2.105516045672150582e+01
7.238306414345170303e+00 -3.829882260665803528e+01 2.105993268184268175e+01
6.874230629584308083e+00 -3.708113810219805373e+01 2.178803211710217269e+01
6.050020392340358377e+00 -3.464661133997054776e+01 2.290833862083330175e+01
5.501152531736187790e+00 -3.378019144670409446e+01 2.565535497427822165e+01
3.963375217208966017e+00 -3.061864704707359763e+01 2.927823638176710830e+01
3.718159964171523502e+00 -3.021647505220739305e+01 2.930711826291038236e+01
4.607835827157051867e+00 -3.160062518373614182e+01 2.571245954536563261e+01
6.335732933605284778e+00 -3.481932630084233438e+01 2.155585718113977478e+01
7.560756055970194289e+00 -3.715405148566903648e+01 2.181004236710680999e+01
9.472722112256374061e+00 -4.020790376517565790e+01 2.260982250975891716e+01
1.070352431079299826e+01 -4.246073723193069327e+01 2.171273848654071870e+01
1.280277753528757501e+01 -4.634405521545711082e+01 2.070590305196813929e+01
1.331054945611803575e+01 -4.655431931787775568e+01 1.959921893097488521e+01
1.501635326186812414e+01 -4.752504722382957425e+01 1.922291108022076145e+01
1.436750885698535107e+01 -4.673192975417670425e+01 2.174433895067301847e+01
1.195283981448242550e+01 -4.205697501224991441e+01 2.249621427208731816e+01
1.060978401150548223e+01 -3.987934764395313891e+01 2.197221487470718415e+01
8.994393943551978410e+00 -3.660694813440273521e+01 2.298795642916476112e+01
6.950613981940962027e+00 -3.330209841561434558e+01 2.587154197704922964e+01
5.822565263301615168e+00 -3.107887538751467815e+01 2.860087829338981535e+01
4.594705587342652109e+00 -2.881967505666261786e+01 2.973211854898396211e+01
3.402367289821059071e+00 -2.671905627964006058e+01 3.009540945740024753e+01
6.884816326522882335e-01 -2.276258044380823975e+01 3.131484819722617274e+01
-7.786838682750074625e-01 -2.067414163570666119e+01 3.160679784756403876e+01
-2.258316467837759411e+00 -1.876759932413028764e+01 3.187304486436104156e+01
-2.808325350745640492e+00 -1.821393266333449645e+01 3.178203468842439960e+01
-4.288394607550219284e+00 -1.611764034559305614e+01 3.221074164952563734e+01
-6.323210484349544025e+00 -1.290371446230203034e+01 3.365532563788665499e+01
-7.722138376592553755e+00 -1.133424991778529112e+01 3.355262472868265888e+01
-9.444544115954725427e+00 -9.419983470390334901e+00 3.272694294183418151e+01
-1.126288860346008924e+01 -7.489929287833872351e+00 3.268976618361504194e+01
-1.297441289096073724e+01 -5.657164781912576323e+00 3.533852160728189062e+01
-1.469807464243691797e+01 -4.044636393193269619e+00 3.587897416856118582e+01
-1.643105288069222425e+01 -2.160975526230036969e+00 3.596140764936998835e+01
-1.996342984367379714e+01 1.368676498919223050e+00 3.538679367698451728e+01
-2.090948973797251043e+01 2.205613223298243941e+00 3.417379403597836074e+01
-2.314705112954455046e+01 3.520774431675143035e+00 3.273821775581041749e+01
-2.581257875340548580e+01 5.355646924524109842e+00 3.222436209197255863e+01
-2.778471199822558901e+01 6.340064353040153478e+00 2.943409115788507435e+01
-2.983812036652824418e+01 7.395235442157935601e+00 2.791892330307035408e+01
-3.199181201380346451e+01 8.558757025728692014e+00 2.632767509696878250e+01
-3.426477416220788541e+01 9.720223571663225925e+00 2.315978540219785131e+01
-3.779258674279483898e+01 1.153770110725043274e+01 2.238679443486496012e+01
-3.999288464435296220e+01 1.264238078596732606e+01 2.193827564036607569e+01
-4.227859092284219855e+01 1.365128312057718851e+01 2.012499677677321586e+01
-4.524061785228177257e+01 1.529669356594433616e+01 1.918453540983352923e+01
-4.576383761666273386e+01 1.587927619716745831e+01 1.756392054077100795e+01
-4.782302243046439116e+01 1.863890114759859173e+01 1.641695688583647339e+01
-4.574777513650556671e+01 1.858601749364222044e+01 1.805847687501626453e+01
-4.320293834511019071e+01 1.853589269466303691e+01 1.945855156414549825e+01
-4.161082749842046979e+01 1.860494712452875632e+01 2.013760559214917834e+01
-3.976234345050809793e+01 1.768320525167369439e+01 2.080923905076485525e+01
-3.630887203532984842e+01 1.632643254192197091e+01 2.095352593282200004e+01
-3.455767446900595985e+01 1.538565284095023777e+01 2.261854127002787607e+01
-3.311004463061204461e+01 1.513207942248283189e+01 2.370194005322652941e+01
-3.070162175624228951e+01 1.408202248734921369e+01 2.553924600494248054e+01
-2.778132585140916788e+01 1.299805210006894640e+01 2.923882235249737249e+01
-2.667234695811382750e+01 1.218127965473346919e+01 3.172672367827429696e+01
-2.263307611090883142e+01 9.553136438165271471e+00 3.524420961665914120e+01
-2.127081795753460369e+01 8.697032676398544382e+00 3.684757046397871960e+01
-1.961855723626745274e+01 7.893484595886096855e+00 3.735811989460393789e+01
-1.754363145876168772e+01 6.535069865918996079e+00 3.719054399462637406e+01
-1.639864559621396367e+01 5.773476311368860969e+00 3.720585227139837770e+01
-1.457095860679502763e+01 4.040741168311144271e+00 3.697209848096955653e+01
-1.191378135720336928e+01 1.436416920013328991e+00 3.474642638527848248e+01
-9.051696922694416614e+00 -1.107340134171553192e+00 3.116355381518294010e+01
-7.266767692780012666e+00 -2.885489428073829909e+00 3.034153078311346619e+01
-5.755364883726493908e+00 -4.158989372460039746e+00 3.030192297611811014e+01
-4.297771811966085487e+00 -6.236732184921859989e+00 3.319160637769208932e+01
-2.182001713236365603e+00 -9.278491254834099422e+00 3.424382128176429063e+01
-8.692206222375455926e-01 -1.130624257225071538e+01 3.471430615124137375e+01
-1.290230108012773158e-01 -1.227531437308448403e+01 3.448302126550248659e+01
3.331078478673620058e+00 -1.747902193552188876e+01 3.282984625897519493e+01
5.356607156938953729e+00 -2.050356501954485111e+01 3.149530572282699836e+01
6.771823721680890529e+00 -2.308954743229107365e+01 3.001403482437530457e+01
8.568182999530181476e+00 -2.638449819954360009e+01 2.914592525162072079e+01
9.961748447440335497e+00 -2.850872078719175207e+01 2.845742547613204465e+01
1.088778277829354657e+01 -3.020694328336438517e+01 2.806490981212316882e+01
1.172064536217753883e+01 -3.163941771902945277e+01 2.744890469799194577e+01
1.263349513729860085e+01 -3.259549390488142251e+01 2.730216258999842438e+01
1.366490425722889057e+01 -3.442003317290472353e+01 2.637815038160436742e+01
1.475814356332773336e+01 -3.573965420281860617e+01 2.616139805811014440e+01
1.691279838101255351e+01 -4.046309711991099789e+01 2.520891073853264785e+01
1.917187494286891436e+01 -4.529956804296599415e+01 2.193371328488440497e+01
1.961128864332282973e+01 -4.563777554670265602e+01 2.157004273952196627e+01
2.208168130207329583e+01 -4.772454005538966015e+01 2.159378988895742069e+01
