-3.066783019662206566e+00 -9.368791371145646085e-02 3.230899962555042748e+01
-3.950432663449447102e+00 -9.325294988503624039e-02 3.207689462571361361e+01
-6.512370356796759907e+00 2.153787155485724011e-02 3.268251765935297470e+01
-1.011103924112472718e+01 -7.125759208217441465e-02 3.505749245721275997e+01
-1.390899688091631425e+01 6.697821601104192446e-02 3.624406502463413915e+01
-1.608424669225747294e+01 9.315765942207562822e-02 3.617052404943314770e+01
-1.700796252911780471e+01 2.792012124168270770e-02 3.616981854384004436e+01
-1.800331110905843701e+01 -1.301044519188142290e-02 3.596794660845826286e+01
-1.902368574362782638e+01 9.124516618775305177e-02 3.574339706605599787e+01
-2.017662869783061552e+01 2.622404474864516860e-02 3.541500205994179851e+01
-2.119150664843064646e+01 -2.590886066719928077e-02 3.487316645598881593e+01
-2.220978655656560008e+01 4.981927490640647438e-02 3.405684335751068659e+01
-2.332575554733546497e+01 2.045530305590039302e-02 3.296742564963113864e+01
-2.430038140130814739e+01 -6.638558200560608358e-02 3.272938813265662361e+01
-2.534803632207185942e+01 -5.846748043713730775e-02 3.166964473628823029e+01
-2.645647001440062951e+01 -1.135915063820080659e-02 3.035672464385882563e+01
-2.858521725983005268e+01 -1.086044768009643280e-02 3.029143743870929839e+01
-2.959684399616923400e+01 -1.170234243492062343e-01 3.093056565007288583e+01
-3.061322766980478249e+01 -1.423205844961007438e-01 3.077868501106857835e+01
-3.170034876874641228e+01 -3.102864438715025042e-02 3.115337472944752406e+01
-3.282441853192425896e+01 1.681034217713134327e-02 3.144767650223795386e+01
-3.387449123233827208e+01 -1.285994904769751923e-01 3.185299464948474224e+01
-3.498409527035168765e+01 2.382917970386348727e-02 3.190125600318495103e+01
-3.590907424439470219e+01 -1.377541238648454236e-01 3.172350205085259134e+01
