-3.072994236298431492e+00 -3.101937421369792280e-02 3.232737949942139011e+01
-3.906463051649725404e+00 5.043972285514080472e-02 3.213418306240959055e+01
-8.956187879365266724e+00 -9.301516164688254651e-02 3.436848931953790753e+01
-1.268071230165639918e+01 2.618565857046279907e-02 3.612210916990657950e+01
-1.437307446907545305e+01 -2.332982944568841255e+00 3.556611038420109594e+01
-1.820221185512600215e+01 -7.291298030920505546e+00 3.592371201879893050e+01
-2.119507482421357736e+01 -1.126176615084220245e+01 3.895780294857703296e+01
-2.370611236604350225e+01 -1.436171307735003211e+01 4.526270783244912366e+01
-2.602776927243905902e+01 -1.717664577377731661e+01 4.663533465461933503e+01
-2.768797648957403368e+01 -1.899632733952964259e+01 4.674121855395720360e+01
-2.923071870143589379e+01 -2.064287643022267105e+01 4.698024537402992706e+01
-3.162175779575230194e+01 -2.341720667306424986e+01 4.500807233307913435e+01
-3.425429880807002547e+01 -2.627677761426476621e+01 4.368267940641005964e+01
-3.596555271751452665e+01 -2.801476871911210864e+01 4.316671837018102309e+01
-3.838272697776606179e+01 -3.064546310260571360e+01 4.435969558485990660e+01
-4.011216475932783965e+01 -3.248666817069364754e+01 4.285663364630179473e+01
-4.266606800068314698e+01 -3.521843798653248570e+01 4.002828938672931258e+01
-4.422774157324175803e+01 -3.674312532077235716e+01 3.748535143634808975e+01
-4.461662389785907834e+01 -3.766676412563361254e+01 3.696885140538679337e+01
-4.689554477832253099e+01 -4.358583268313665116e+01 3.069887020490541474e+01
-4.794495000906157145e+01 -4.603693289812538580e+01 2.659811122241189807e+01
-4.743417152628975941e+01 -4.639661246585251320e+01 2.688702897385797286e+01
-4.395965197088388976e+01 -4.790011005712046455e+01 2.881631317755187283e+01
-3.914639603291298187e+01 -4.858974449450096245e+01 3.088029888130328970e+01
-3.952568787302710973e+01 -4.732602646018890624e+01 3.382132561325807529e+01
-4.054802675690829261e+01 -4.403446170475614707e+01 3.753413456272459570e+01
-3.878284105943070870e+01 -4.521581293274690694e+01 3.558338399680888386e+01
-3.664654547304012766e+01 -4.666079403670649839e+01 3.253312881101605569e+01
-3.671712829466122940e+01 -4.618301021745627821e+01 3.604199001800084545e+01
-3.813879019085769073e+01 -4.255044263184534969e+01 3.958409330847212715e+01
-3.850078591407821449e+01 -4.198684075928757409e+01 4.050487612891761557e+01
-4.123750395800880142e+01 -3.964700306545533692e+01 3.973219029782129041e+01
-4.403784497944904075e+01 -3.712497655782738804e+01 3.626263893771898950e+01
-4.595481099527755475e+01 -3.560651940884974209e+01 3.459076862804792540e+01
-4.650829116671375374e+01 -3.455630325919391055e+01 3.190639114991223124e+01
-4.815732900502085556e+01 -3.118876972363556987e+01 3.137906899889855694e+01
-4.734612368492016543e+01 -3.158309890272816745e+01 3.225003537271344101e+01
-4.517902073858115841e+01 -3.278081114422239750e+01 3.803684603960528676e+01
-4.061786828142712835e+01 -3.513668635418819974e+01 4.288550948929160711e+01
-3.844414744664992867e+01 -3.625157972191502154e+01 4.396477285453556760e+01
-3.772570358273721780e+01 -3.749379105836598569e+01 4.325898672108791487e+01
-3.485189942135511387e+01 -4.308777397105625084e+01 3.752460291531917846e+01
-3.305719590831762389e+01 -4.626802094517162089e+01 3.368135338727321937e+01
-3.204734260464081075e+01 -4.691981130064517913e+01 3.177565016513063156e+01
-2.965571962416046503e+01 -4.779059902770571000e+01 3.146072041255098029e+01
-2.927848238601682240e+01 -4.794723454389266237e+01 3.436167464362455348e+01
-2.963036277125690887e+01 -4.560149099666765693e+01 3.888287996099753485e+01
-3.005809339540765279e+01 -4.322613659500724026e+01 3.939963262786043430e+01
-3.003368743805053498e+01 -4.279961887107063490e+01 3.577949988507975121e+01
-2.865541922476660730e+01 -4.442783490751865116e+01 3.045967214697227732e+01
-2.617763329748668610e+01 -4.710621757295560741e+01 3.012605177221621844e+01
-2.631148910359922866e+01 -4.679578462655098292e+01 3.609600572076994496e+01
-2.818076868676770275e+01 -4.367229625921261515e+01 4.107537136103663045e+01
-3.011450176846334159e+01 -4.036107450082820236e+01 4.454511857710971867e+01
-3.134249118034039583e+01 -3.843236767575620405e+01 4.658430772037213075e+01
-3.239131934526759693e+01 -3.616519528783076254e+01 4.622296021715855829e+01
-3.386927812215834166e+01 -3.489487181723130504e+01 4.543117241961855512e+01
-3.685635994511014246e+01 -3.287501437793344650e+01 4.427635122289861869e+01
-4.010710421404475312e+01 -3.057636333367686632e+01 3.997628848237728505e+01
-4.204854243894829580e+01 -2.916844992158674543e+01 3.808030603754330201e+01
-4.563186708289868676e+01 -2.752822324634977136e+01 3.381309364896013392e+01
-4.621957445437669065e+01 -2.665372681209656491e+01 3.279398009984227969e+01
-4.732482974623240324e+01 -2.451679341736424433e+01 3.176756425210049883e+01
-4.478183100348029200e+01 -2.418470342475210799e+01 3.763580847838048982e+01
-4.221395555776999231e+01 -2.408386052015930190e+01 3.751573214728713168e+01
-4.379372974518910411e+01 -2.304917660760042608e+01 3.046553443042763476e+01
-4.720792518910715785e+01 -2.067478539325374598e+01 2.909653520749252564e+01
-4.809206828624969887e+01 -1.732359864046221176e+01 2.708248022881856443e+01
-4.817451083729624628e+01 -1.691794706719037222e+01 2.707660796108893564e+01
-4.704182993929696721e+01 -1.731001160639414493e+01 3.079152217697265570e+01
-4.355068281831265153e+01 -1.808790274290953448e+01 3.367709244567474514e+01
-4.226282020736317691e+01 -1.876451292090346001e+01 3.841001738768097340e+01
-3.939004131214023374e+01 -2.063431298304880457e+01 3.939473750662120466e+01
-3.846933320006581880e+01 -2.139706424794664485e+01 4.276088897860169169e+01
-3.450478549154182417e+01 -2.632846715343042376e+01 4.414314891595402202e+01
-3.273701460551928477e+01 -2.818893316618517275e+01 4.514724447947651242e+01
-3.155696757525873508e+01 -2.991327442550770144e+01 4.616288698638841481e+01
-3.015460171085532792e+01 -3.202236788386963440e+01 4.446751781939641290e+01
-2.656963046122632832e+01 -3.731287661051781157e+01 4.160624715821899855e+01
-2.551517678159090963e+01 -3.926953205012539883e+01 3.860623642646893927e+01
-2.382003906525702774e+01 -4.240882089959654166e+01 3.450435259247339559e+01
-2.267259324576313873e+01 -4.474638129084970473e+01 3.124275317288015685e+01
-2.226489835963169028e+01 -4.533032759248519739e+01 3.009200512736381228e+01
