-3.049731422529589064e+00 -1.986325396006234645e-02 3.227662908185196500e+01
-4.495081864921658621e+00 8.542038341089598363e-01 3.315499202671221468e+01
-7.803545624211949416e+00 2.507722616221644163e+00 3.498892063899853611e+01
-8.701188586096556321e+00 3.049133065522990016e+00 3.501959784134938758e+01
-1.063978170964332826e+01 3.455515304925987241e+00 3.760925106811053098e+01
-1.429771524416407402e+01 4.556834201066927825e+00 3.709612858738810814e+01
-1.652697632174995590e+01 5.148767234092880507e+00 3.704476097663147272e+01
-2.029512339507039798e+01 6.173338138035498801e+00 3.635840902876775971e+01
-2.381561920519040854e+01 7.120167321453921616e+00 3.426510277241298041e+01
-2.737848797540378243e+01 8.073154832479719545e+00 3.096232058726536707e+01
-2.995112787392206855e+01 8.745724234091145632e+00 2.802337150528024878e+01
-3.361040887695124724e+01 9.633281307069733401e+00 2.640071219513391654e+01
-3.490220460603203634e+01 9.985566696264386977e+00 2.576279595573143766e+01
-3.580990797927021418e+01 1.220332768341763163e+01 2.294337983242412449e+01
-3.743581291728957439e+01 1.550855805480122029e+01 2.087473590653500466e+01
-3.907139126614853097e+01 1.887155433886509215e+01 2.053324230938133255e+01
-4.001076628683021141e+01 2.109306801199206305e+01 2.057633761381438120e+01
-4.167592333326144427e+01 2.459570351703349189e+01 2.051364701821595560e+01
-4.277625722830968868e+01 2.683137305815133900e+01 1.876749494491754078e+01
-4.387309339151827459e+01 2.917474425456105891e+01 1.798007613775286373e+01
