-3.076026646697842981e+00 -1.441831719232140874e-02 3.244189202360833946e+01
-5.069564047295116005e+00 -4.272985021274960937e-02 3.249012173023772476e+01
-8.870182963079395577e+00 -4.754261011880733800e-02 3.493275815565456810e+01
-1.123240906300856246e+01 -5.000261343886330812e-02 3.608536456487620825e+01
-1.486128768903649089e+01 -9.564593079017379151e-03 3.628568384667878632e+01
-1.740817421722255176e+01 -5.883655886787343692e-02 3.602375579177120812e+01
-2.224889897559787499e+01 3.833027048793959460e-03 3.485598718521504935e+01
-2.497747722274358395e+01 -1.269501756532079584e-01 3.229371596707580494e+01
-2.985225937127045626e+01 -1.013263930938590185e-01 3.056262110449828029e+01
-3.220394763483504619e+01 -5.739951036599703904e-02 3.131407377598729269e+01
-3.490110329723057703e+01 -7.306014017428125173e-02 3.197817592993974145e+01
-3.719977176782333572e+01 -3.517963899331048860e-02 3.171418638654366617e+01
-3.980421255223514976e+01 -9.742078552104313505e-02 3.015679496026620399e+01
-4.433316070922408869e+01 5.575131137455466845e-01 2.696401171947623254e+01
-4.724757977111471519e+01 3.065391814657817626e+00 2.199408408259473191e+01
-4.755055324193613586e+01 3.225764832299124141e+00 2.175730714702467949e+01
-4.815293436907324320e+01 6.817236859304738772e+00 2.105650303862025652e+01
-4.840612227074117868e+01 8.920503994681082460e+00 2.019685730493167242e+01
-4.876740409672731147e+01 1.176052225685239883e+01 1.853494022844419575e+01
-4.880970834370474876e+01 1.505690694951647579e+01 1.763071622436006081e+01
-4.884183378815046694e+01 1.753021653324989160e+01 1.597818382677303362e+01
-4.875042156025995865e+01 2.348267158691614398e+01 1.725529035735418759e+01
-4.873885902353787003e+01 2.713249605059607106e+01 1.683186187023346037e+01
-4.866847993947431661e+01 3.111703320237903725e+01 1.857385094900371669e+01
-4.873943572156517945e+01 3.607849673073863528e+01 2.152324783851450718e+01
-4.863340825051984240e+01 3.957045684803601659e+01 2.438871385533021652e+01
-4.882000903809524317e+01 4.311086255964902847e+01 2.659362406440791915e+01
-4.742143266940018265e+01 4.544937737231246189e+01 2.470188511874856729e+01
-4.612808046050258781e+01 4.740300826368915921e+01 2.476993826513453101e+01
-4.727721560808329571e+01 4.480853935817965805e+01 2.664778159620465203e+01
-4.812778619149085557e+01 4.286418927111148491e+01 2.656916704306382471e+01
-4.686414042387310985e+01 4.519823740346799212e+01 2.555220748644766005e+01
-4.566545736248034615e+01 4.732506453248416989e+01 2.512440819435476058e+01
