-3.042768112517722390e+00 6.790075124947736462e-02 3.225548934094574349e+01
-4.132322959474258539e+00 -5.167594536222860566e-03 3.208324794530270907e+01
-6.564309307469046395e+00 9.379589458719969630e-02 3.260810221639083295e+01
-8.936934376969068339e+00 8.175639896199647649e-02 3.516513249663885432e+01
-1.298792950735364471e+01 5.894271347049625381e-02 3.619068678126276950e+01
-1.521459894433886895e+01 -2.032398462170022235e-02 3.606861314100376603e+01
-1.814320465932883764e+01 8.266916239383700904e-02 3.589554417593487301e+01
-2.016678831080079703e+01 -3.115971980815199216e-02 3.505693323221738211e+01
-2.328606210453964565e+01 -1.885805373017895858e-02 3.401715176723023859e+01
-2.647461505162551632e+01 8.217689817085539750e-02 3.063423424184857424e+01
-2.895408110645128730e+01 -4.745923783744568358e-02 3.029973031120908189e+01
-3.143301202950338435e+01 1.655396702784006080e-01 3.174105919241791440e+01
-3.500096914324090847e+01 1.196492927881652873e-01 3.147921368870775183e+01
-3.867181389290347937e+01 1.047040388159176522e-01 3.055921611524487602e+01
-4.248515514634019752e+01 1.856300680123817992e-01 2.875102058501991564e+01
-4.445580494921745185e+01 9.270865076442785790e-01 2.412809185365268050e+01
-4.679559142557563689e+01 2.094959243651794534e+00 2.259066263449188838e+01
-4.715259916329394940e+01 2.518726253713904129e+00 2.144136232161552513e+01
-4.820038724066735369e+01 6.121138783614172851e+00 2.097165083148956199e+01
-4.839945375452145981e+01 8.073684348401233279e+00 1.922758039464502389e+01
-4.875405914196080204e+01 1.119188541724998132e+01 1.815171155092793498e+01
-4.881952073352528032e+01 1.426229283928998903e+01 1.744082375318588163e+01
-4.883276836295367218e+01 1.786272483321747728e+01 1.612776547759782986e+01
-4.880466035908889921e+01 2.041459100300469487e+01 1.643670435890741999e+01
-4.876863692948055728e+01 2.296619254847958302e+01 1.731048184730280326e+01
-4.876880461675650480e+01 2.503772931503189980e+01 1.689490127715597012e+01
-4.876168113113617153e+01 2.794231914956821683e+01 1.610518458452628110e+01
-4.884989538544314058e+01 3.130838566176299764e+01 1.790942810391353746e+01
-4.873812139196598991e+01 3.396281929052888415e+01 1.992697282905201916e+01
-4.877727691217750561e+01 3.634917796354574904e+01 2.160542397737818021e+01
-4.874262325444735922e+01 3.832583622505773491e+01 2.332382437799833497e+01
-4.877988092099169393e+01 4.142876919209626152e+01 2.620289490214158690e+01
-4.883329743888929642e+01 4.348802892518995122e+01 2.662334388166766175e+01
-4.869613276441803862e+01 4.596345228354611834e+01 2.491425750961228758e+01
-4.727455698503078452e+01 4.707150385119056324e+01 2.460048565545850963e+01
-4.413732531589593577e+01 4.806805706884001239e+01 2.646110383457640935e+01
-3.922289119660403145e+01 4.862173976518516838e+01 2.839404856455313464e+01
-3.943351834798534128e+01 4.780980900301986480e+01 2.781510339811293875e+01
-4.101875192526399161e+01 4.449665333687181601e+01 2.712096314748726655e+01
-4.195839637113030562e+01 4.221997166878630026e+01 2.622885919010246525e+01
-4.274064833034299937e+01 3.989151599727183140e+01 2.476584869479207640e+01
-4.161118192000434846e+01 4.030452533302309348e+01 2.525772415065295107e+01
-3.830108265000163925e+01 4.153007790054532933e+01 2.589129514380121222e+01
-3.599278545511026550e+01 4.465707602634441287e+01 2.840503669447524260e+01
-3.513524923785943344e+01 4.539590941441393568e+01 2.873881760606281333e+01
-3.202688812008320696e+01 4.768927503189999584e+01 2.729742631273379061e+01
-3.028480613749709960e+01 4.784172593389546790e+01 2.577101795695355690e+01
-2.765169166465104311e+01 4.839016347538290574e+01 2.605699002988518487e+01
-2.441960726651814539e+01 4.852705381228622628e+01 2.503080090993631757e+01
-2.067905788638101683e+01 4.865761548382076285e+01 2.290914466148055695e+01
-2.011335252046199074e+01 4.875303010954559113e+01 2.297928246232556404e+01
-2.155858615071781870e+01 4.737426667850628803e+01 2.624578645651551412e+01
-2.349494631348150975e+01 4.534439651134248805e+01 2.666529404373572376e+01
-2.549690478473405264e+01 4.425748781763804374e+01 2.529141680812698212e+01
-2.802243541786518577e+01 4.325067066614812461e+01 2.522291753982283780e+01
-3.023423953696624977e+01 4.013718228384631459e+01 2.494536730914119360e+01
-3.079227546499188151e+01 3.966633320655598283e+01 2.475121286771143758e+01
-3.410309212098504617e+01 3.773323643050246545e+01 2.203716344165921370e+01
-3.610036016681841886e+01 3.673144589467509746e+01 2.178346110131938573e+01
-3.857758491849461535e+01 3.551627934614462845e+01 2.179107218658936773e+01
-3.981435310971007624e+01 3.406563497922989825e+01 2.148369972375940407e+01
-4.144348353401452556e+01 3.234066667850152754e+01 2.054314196972566720e+01
-4.250387928853754715e+01 3.028589843628350664e+01 1.916902178579169558e+01
-4.318287773854768119e+01 2.786643780050996000e+01 1.835436625280890510e+01
-4.380540393225879825e+01 2.282513393204338215e+01 1.934603101135192205e+01
-4.343572632177637161e+01 1.785508902496405881e+01 1.906971372642920670e+01
-4.197251708367841161e+01 1.935824757771374749e+01 1.944245633545198260e+01
-3.981523675615550673e+01 2.136951042701481640e+01 2.082448320790772200e+01
-3.952689139543119978e+01 2.212697158268563413e+01 2.221867827427974618e+01
-3.775167426157678108e+01 2.534398348727929218e+01 2.230061959949351547e+01
-3.479244387831773366e+01 2.938826407244708960e+01 2.261634765213942444e+01
-3.323775651112617879e+01 3.074444728194746190e+01 2.581129264744344809e+01
-3.092222219446701814e+01 3.265082008850096429e+01 2.659257743299757237e+01
-2.850153118238127092e+01 3.432614115191122295e+01 2.619303288112933359e+01
-2.695449843985232974e+01 3.564275826450960949e+01 2.613309873714218057e+01
-2.554984163364011351e+01 3.629317751622399868e+01 2.628992473036348088e+01
-2.268001865907987380e+01 3.821628188908454860e+01 2.688420051766184571e+01
-2.160192645883489249e+01 3.894361009517810857e+01 2.613200457454500381e+01
-1.875514832546840083e+01 4.131556620617872966e+01 2.521320051928719508e+01
-1.840921630368010398e+01 4.194370402501775175e+01 2.269195565317139085e+01
-1.594194686666417127e+01 4.513331684637276453e+01 1.936762039457063622e+01
-1.321142229069626239e+01 4.754934150411613558e+01 1.603751243703573337e+01
-1.078077419880095711e+01 4.794857090811460409e+01 1.342405501090722986e+01
-6.855086719842614862e+00 4.832263955892297247e+01 8.264373953845957743e+00
-1.557613806876145368e+00 4.859202947109940851e+01 7.149192563058970329e+00
9.231876646631320682e-01 4.855423290975127770e+01 1.087396759063348739e+01
4.629668500340501147e+00 4.872280862705278537e+01 1.179097266761779039e+01
6.702010584844238394e+00 4.876286272388353638e+01 1.069200161365898616e+01
9.355655552650706142e+00 4.876252250856729376e+01 1.148184938400227573e+01
1.506449119068443032e+01 4.881799073579514925e+01 1.022038413942165036e+01
1.766170674178118460e+01 4.866175288986840286e+01 8.982931849765323662e+00
1.916139405694253739e+01 4.880192361643907617e+01 8.755600951860046166e+00
2.179651057065608910e+01 4.872665441826486443e+01 8.294466219641055460e+00
2.543429964508519348e+01 4.867140003851271501e+01 7.442282321764165154e+00
2.928572843799763348e+01 4.871460126721917305e+01 6.443206592877385397e+00
3.170047830620697482e+01 4.858857421769095453e+01 5.282505010078960339e+00
3.432363934363027624e+01 4.860204475705262439e+01 4.656329211235173737e+00
3.702705471824057781e+01 4.871463753777688055e+01 4.362974366252593050e+00
3.938072077085544720e+01 4.892845337097491409e+01 6.071608787958862052e+00
4.430799221598532256e+01 4.891235089340943887e+01 1.109295385436530701e+01
4.723094772737542257e+01 4.553625845172157938e+01 1.112071632247483066e+01
4.832509866878888261e+01 4.212872901173417972e+01 7.880449524024525587e+00
4.833080369057367420e+01 4.152256368494504102e+01 7.835864946774787398e+00
4.469672540388214088e+01 4.268445081675825037e+01 5.001217478030151931e+00
4.354902273668002977e+01 4.294746470866468258e+01 5.043739417527529412e+00
4.528352869263131453e+01 4.083505197669001774e+01 4.722658407521752366e+00
4.712271935491344266e+01 3.821585692927889255e+01 5.719416820386308942e+00
4.721903632808069773e+01 3.790654998786526875e+01 5.642176469306804165e+00
4.811452440229980709e+01 3.415696381582107932e+01 7.382939320579961162e+00
4.834088739359501119e+01 3.337601078738961746e+01 7.351571450118792761e+00
4.486739814256888081e+01 3.450076656900399286e+01 4.655571085598382730e+00
4.221225591422356871e+01 3.576415890034623857e+01 7.615768323537422946e-01
4.052417943911451204e+01 3.689524027285591501e+01 -2.196668659691440872e+00
4.035122676124305485e+01 3.717047266849912290e+01 -2.047182309909093778e+00
3.927283433137623092e+01 4.070387313844410215e+01 4.010615467964198100e-01
3.904725540813275586e+01 4.163412642168906785e+01 3.460505473628395223e-01
3.734674228574929344e+01 4.211585791568710135e+01 -8.073533567638401243e-01
3.472151874773302893e+01 4.292578344259547407e+01 -6.519075534060602140e-01
2.962311796901612482e+01 4.321627701026065438e+01 1.134503420937009732e+00
2.819300480165990308e+01 4.323990464324109695e+01 1.976695577199512055e+00
2.466572166137042288e+01 4.342691260429959499e+01 3.468670859804380058e+00
2.223827982192390706e+01 4.353595592515964796e+01 5.660558266311983111e+00
1.830643097430603561e+01 4.355860431999863636e+01 7.355068886394912298e+00
1.460867182488454930e+01 4.373994286767708672e+01 7.673709165450405933e+00
1.369409736510841746e+01 4.365213344804023876e+01 8.654184613826700456e+00
1.003339105110988072e+01 4.353812420916090531e+01 8.657850564677833205e+00
7.205057562907125401e+00 4.348511662629837815e+01 9.087423511416490740e+00
4.916882520651548738e+00 4.342387734190648274e+01 9.317975196375314795e+00
3.945994689075453365e+00 4.356121192970211098e+01 9.247378637952893499e+00
-1.326083934412787269e-01 4.338639500342227961e+01 8.114914895407896012e+00
-2.415892837214573152e+00 4.323128329068003950e+01 7.396208712965600007e+00
-4.995063726692728245e+00 4.321955859406635625e+01 6.612534656031419544e+00
-8.303918332363247501e+00 4.151762209185864094e+01 1.054387182378663645e+01
-1.046871975128216548e+01 4.002186162179159368e+01 1.372331694670671354e+01
-1.208297109728264118e+01 3.822372994415437120e+01 1.952342617526725377e+01
-1.375427626305274309e+01 3.671176275114675747e+01 2.390065294949951635e+01
-1.562768638008619249e+01 3.501458179586195030e+01 2.605805546173787235e+01
-1.637843721144645315e+01 3.446298536794344614e+01 2.638100718727550031e+01
-1.960232249990329478e+01 3.244497115617481597e+01 2.718269937176293638e+01
-2.166028126168232504e+01 3.126960635105582398e+01 2.728155023550924696e+01
-2.417383267499109678e+01 3.021986497023655360e+01 2.709855109963795172e+01
-2.542420427011477457e+01 2.902005137645316069e+01 2.685878506431236090e+01
-2.819230404729623629e+01 2.710070123171180967e+01 2.654134800496512625e+01
-2.914955095601082391e+01 2.578173550991168383e+01 2.548261073069064508e+01
-3.133918994109543732e+01 2.316509660833357032e+01 2.324133393107280909e+01
-3.210203536182643802e+01 2.177731054166230962e+01 2.081089403864576681e+01
-3.373324932426540101e+01 1.867761115662774074e+01 2.064663269393722089e+01
-3.454433751884493375e+01 1.758575203813088805e+01 2.038115437857002732e+01
-3.630885200235223920e+01 1.590477001542604008e+01 2.098239035353892490e+01
-3.765351412759557803e+01 1.466016499756881331e+01 2.212233143259217982e+01
-4.063607769329300368e+01 1.345881915109811544e+01 2.223839153992237883e+01
-4.133329678924230421e+01 1.076730929085480248e+01 2.295619245465860914e+01
-4.177653533518383000e+01 8.611341723091818778e+00 2.387259030706786689e+01
-4.122443924931877035e+01 8.675818351651589211e+00 2.407089048356567318e+01
-3.753002860849665012e+01 9.336593784572476906e+00 2.571556455719173684e+01
-3.679208555856428120e+01 9.382371785826155275e+00 2.575144073848978366e+01
-3.292483139220521338e+01 1.147639231870353882e+01 2.507116433656290866e+01
-3.073350740709932083e+01 1.413840210398148223e+01 2.546112176470593980e+01
-2.951979113109003094e+01 1.573729773252799546e+01 2.599859708474269837e+01
-2.761023734344642833e+01 1.814630762759107085e+01 2.579311383959337434e+01
-2.631634654224288994e+01 1.970686685653291903e+01 2.619158358936932629e+01
-2.492627003583787371e+01 2.183461370542062596e+01 2.705514772343668284e+01
-2.392563426700054308e+01 2.261374675572112736e+01 2.743396464517133992e+01
-2.001648689039158668e+01 2.500371596377724615e+01 2.774137191770973132e+01
-1.676272443201995799e+01 2.662845968570046296e+01 3.026802056166523869e+01
-1.456961850012012150e+01 2.794142348659145014e+01 3.031395601327939104e+01
-1.239952758921915255e+01 2.921133992810100466e+01 2.985576045630568487e+01
-1.207307076728622519e+01 2.935796689040267538e+01 2.826523285271559871e+01
-1.034775724076282621e+01 3.099892090520300769e+01 2.466655281520577248e+01
-8.056982431580369308e+00 3.312358290141743566e+01 2.087172404430805273e+01
-5.988422538900175063e+00 3.479536643951426100e+01 1.580445858220513422e+01
-3.839463706529461895e+00 3.631479927601049695e+01 7.498772179135378302e+00
-1.598058203119699261e+00 3.728214930958453976e+01 7.330142316638791122e+00
2.587524314180039031e+00 3.799666538162560414e+01 6.195927722360996981e+00
4.966575763751094108e+00 3.810091358851560983e+01 6.487350278018069183e+00
7.661374719412914480e+00 3.822848932756668461e+01 6.897866508377380690e+00
9.886468385249674640e+00 3.843774668456698151e+01 6.736020681923901243e+00
1.229168428205247032e+01 3.856094662043345522e+01 6.899404687850910989e+00
1.466835439112132455e+01 3.844647536685175737e+01 6.723365204326375633e+00
1.820961476668517065e+01 3.855354910431061199e+01 5.060573247965487909e+00
2.071074972668950309e+01 3.842357169911217341e+01 2.838073489973929497e+00
2.425834363130805116e+01 3.814060665197232680e+01 -3.167551322205081288e+00
2.758438314802190661e+01 3.804611163775602733e+01 -4.741655406721399402e+00
2.972798605622948642e+01 3.800168819355884153e+01 -6.058061705039412992e+00
3.246522119088094627e+01 3.661071959339685833e+01 -7.208489658610916173e+00
3.364275935968546349e+01 3.528308098197183540e+01 -7.850191094127310976e+00
3.548763262576619582e+01 3.322550741066561386e+01 -6.707057027783592140e+00
3.765292417846612949e+01 3.161772684457799798e+01 -3.549155675830978574e+00
3.951454931643959867e+01 3.037421425604956582e+01 -2.282154266924324659e+00
4.023797640586327873e+01 2.999787848487800801e+01 -1.005444931555278476e+00
4.385892843865232749e+01 2.892403202403668416e+01 4.619847779162639334e+00
4.437927458893547339e+01 2.858204221340746543e+01 5.116143340647099080e+00
4.691659352831174346e+01 2.588747845811247217e+01 6.228340291636428105e+00
4.745602131869438978e+01 2.540562773306726285e+01 6.228107126658334991e+00
4.766118613182621289e+01 2.398567431236949332e+01 4.843587763859506623e+00
4.828596946387499855e+01 2.114098456065437759e+01 3.700028717246416132e+00
4.642558191163959691e+01 2.176902550429987926e+01 2.053005042343157616e+00
4.391036082468642121e+01 2.262210610209828943e+01 9.141473539663106385e-01
4.344813698154752757e+01 2.266212701150999109e+01 7.704854607376030451e-01
4.439851482125577320e+01 2.036497859392491350e+01 1.099807410839447108e+00
4.590839000747200060e+01 1.749786768764090539e+01 1.343866202812216804e+00
4.795221246678663363e+01 1.333425611090994778e+01 1.914443214305525220e+00
4.845225872678903301e+01 1.020643076803594695e+01 1.536167584428372868e+00
4.866628793294664490e+01 7.297243925496262662e+00 2.858036478448279016e+00
4.882666682280224535e+01 4.645836780779203146e+00 3.580596780921940336e+00
4.868877571011441319e+01 -7.764225306032331853e-01 5.992758408490077571e+00
4.880059520304426712e+01 -3.985847543505391943e+00 6.580297908337184865e+00
4.868212165903630506e+01 -5.749491223724093381e+00 8.618411821457842237e+00
4.874393327919448637e+01 -8.937972936474022134e+00 1.279282805063573925e+01
4.876662842304108381e+01 -1.071176380410664564e+01 1.539774148213346017e+01
4.881021464952998912e+01 -1.405344831114656934e+01 1.539498892894212823e+01
4.885244112756629420e+01 -1.575803455675609399e+01 1.613032431477689244e+01
4.871723681292928632e+01 -1.848322271270122741e+01 1.651131121955268810e+01
4.870829830040665342e+01 -2.080894267750259274e+01 1.547766168186745617e+01
4.882031848322586143e+01 -2.357889949216853509e+01 1.536832856122709856e+01
4.878472955452965465e+01 -2.514006944863578141e+01 1.534897433333791916e+01
4.876479056710340387e+01 -2.779132662792712694e+01 1.529382665374158812e+01
4.876605752531295934e+01 -2.917652934878256943e+01 1.548460706896524464e+01
4.888142724368935887e+01 -3.159595301499573594e+01 1.624209587940014643e+01
4.878668566025626063e+01 -3.464620065749251410e+01 1.658744431746419323e+01
4.892218973973347573e+01 -3.710193612608509994e+01 1.658295907058840157e+01
4.878312796203421442e+01 -3.959842235598523530e+01 1.668885793716209065e+01
4.875050317393862542e+01 -4.140405122332082755e+01 1.682978241040871836e+01
4.876818994234631077e+01 -4.467347802764481912e+01 1.677721640354968358e+01
4.591908461802231756e+01 -4.716739810019418400e+01 1.712353415023228820e+01
4.561461160376427415e+01 -4.749374301428231604e+01 1.730355874841946218e+01
4.342861005359485915e+01 -4.799426275943464759e+01 1.809539517645834295e+01
4.106656178259313350e+01 -4.856637580673918109e+01 1.748050996407176072e+01
4.161618271004614655e+01 -4.719865532588794110e+01 1.767730560837481235e+01
4.251885310844730270e+01 -4.504054430257699693e+01 1.728718753759277860e+01
4.286881622445252304e+01 -4.383210634291905450e+01 1.734058028704934173e+01
4.158631412982827413e+01 -4.457460913900366961e+01 1.738746347802712222e+01
3.824817519764952323e+01 -4.666823604820120863e+01 1.705776898936450436e+01
3.784123336924275094e+01 -4.685123647051751306e+01 1.698288495890843208e+01
3.576209041667419086e+01 -4.758491122719527766e+01 1.685343237658237570e+01
3.343507064161590137e+01 -4.833631001511414382e+01 1.671529032569499051e+01
3.383956934096558200e+01 -4.660732876447513462e+01 1.702179186324034532e+01
3.456473880122325681e+01 -4.419811347152363368e+01 1.751711742384627613e+01
3.465085604228367089e+01 -4.357111787958807980e+01 1.734999745959378004e+01
3.565751111914293858e+01 -4.255265928322706515e+01 1.705781824187736717e+01
3.756697841563318718e+01 -4.004750051793082122e+01 1.670311242707690980e+01
3.897813850060743590e+01 -3.913961331506622088e+01 1.527828368603540099e+01
4.170244310893286155e+01 -3.741195627818269287e+01 1.404727863658234455e+01
4.199665527862441650e+01 -3.690612421735274751e+01 1.369442237907268378e+01
4.330398816943028351e+01 -3.315432079314177827e+01 1.401978487439841636e+01
4.364186287480190174e+01 -3.003586954448847379e+01 1.439870864654339400e+01
4.358218453815843674e+01 -2.498280837136305976e+01 1.529242824757075780e+01
4.343624227058573695e+01 -2.261558785216290701e+01 1.782173843364712695e+01
4.352919422093160051e+01 -1.987363669709275626e+01 1.821699041927665519e+01
4.348431620400274511e+01 -1.725861387745929321e+01 1.817541697869138773e+01
4.344947252313843222e+01 -1.482938781581489351e+01 1.773374135059474455e+01
4.347868329211662086e+01 -1.451260893678548136e+01 1.685182087486152369e+01
4.342959296567696725e+01 -1.214880586432065712e+01 1.467895166724304978e+01
4.349031936377488705e+01 -9.848404493224631295e+00 1.309202285210998262e+01
4.347328033111648438e+01 -7.050878302710684942e+00 9.052827904811353577e+00
4.347619095771725739e+01 -4.825831116769738749e+00 5.036004844147406345e+00
4.347953448029607415e+01 -2.141047973025218543e+00 3.950505770416411266e+00
4.353363219173984788e+01 1.766166847578721499e-01 3.869038733584995615e+00
4.348159531796556365e+01 2.846398444326418975e+00 3.540144206679412431e+00
4.343366824855116448e+01 5.138317026260887488e+00 3.075584294494273063e+00
4.336455193291935473e+01 6.020460344760040883e+00 2.608208393999423613e+00
4.295383345623131532e+01 8.383943686634044212e+00 1.428374040776624998e+00
4.136778705119310473e+01 1.275078041476698942e+01 -1.006321830474566692e+00
4.079831648417028589e+01 1.437749364806630226e+01 -2.773387561914623323e+00
3.968979643727571727e+01 1.672533966318248844e+01 -3.664214664744107175e+00
3.925569547648086655e+01 1.761193980768295120e+01 -3.557944909277994228e+00
3.879693611823985577e+01 2.137181318521258078e+01 -2.840874879133922892e+00
3.874264392736880325e+01 2.172903919256576089e+01 -2.570093105702559555e+00
3.699840530908171843e+01 2.392964457546666424e+01 -1.041434718653249991e+00
3.570989200136951069e+01 2.533917308868181806e+01 -6.220634493714554125e-01
3.408835923429233361e+01 2.640057388886765466e+01 -2.471424037323660672e-01
3.264599486904049286e+01 2.768516240808461859e+01 -5.475446758608322195e-01
3.074049745932583022e+01 2.932350721908371582e+01 -1.084522382119474937e+00
2.856081869868090806e+01 3.074273688047225406e+01 -1.374288177922017518e+00
2.648760255146395082e+01 3.212869279068192441e+01 -1.628837115147470094e+00
2.173385762693439460e+01 3.289023476336279828e+01 6.777743620716811801e-01
2.144209154535192496e+01 3.298790125956863761e+01 7.712083338042162728e-01
1.935363742220332739e+01 3.300601828281115502e+01 1.873523908052465936e+00
1.704835219366799137e+01 3.313775404461598839e+01 2.771041613895014688e+00
1.444832572446919983e+01 3.307383581243676218e+01 3.552281194797626718e+00
1.202138940677333245e+01 3.320297251904971603e+01 4.274386977133219467e+00
1.091070159156121910e+01 3.323774811869304813e+01 4.320117300449018316e+00
8.442528737770766512e+00 3.319774932532061484e+01 4.648727844159164846e+00
6.921771660068642973e+00 3.326492679734969471e+01 5.354515810835574818e+00
5.295799439787197471e+00 3.290148909884430850e+01 6.847935972848444131e+00
3.515749914895811568e+00 3.257303578753367646e+01 7.351995082895616207e+00
1.327465148219577618e+00 3.111545844763964297e+01 9.982610236122331671e+00
6.835180990876832396e-01 3.068714600326025277e+01 1.111143642029240475e+01
2.699801282041430550e+00 2.983011555169446538e+01 1.001495843311619183e+01
4.744688944551981535e+00 2.857717277789780397e+01 9.368260471143253554e+00
5.397259493316288292e+00 2.820820805515250740e+01 9.375693016100573374e+00
8.947650514874835537e+00 2.804751818970186150e+01 6.624539453970201386e+00
9.779139827022001796e+00 2.798196609066366491e+01 6.709552062131788119e+00
1.387584126790159722e+01 2.772152762947702342e+01 6.091863454462293603e+00
1.623146357003938789e+01 2.753724274685943740e+01 5.296809650951638915e+00
1.845119739129797409e+01 2.749561237282965109e+01 5.079015945988452962e+00
2.122937601379193850e+01 2.725829680658181076e+01 5.147821652866499065e+00
2.463149383172870444e+01 2.567901439038594091e+01 7.111674302772338585e+00
2.581167679590608088e+01 2.518156907084789964e+01 7.696478854360216282e+00
2.665423010705458395e+01 2.445707748101044388e+01 7.525922645604183003e+00
2.872383470409186756e+01 2.253406672526676502e+01 6.978002538668318877e+00
3.015849346526227848e+01 2.113225230450581904e+01 2.432349819210170683e+00
3.231315748793594622e+01 1.896081850087309206e+01 2.082408094282769184e+00
3.250968640813130861e+01 1.833308783202794956e+01 1.218393307113855517e+00
3.326730110406882801e+01 1.586494637609018632e+01 -6.907231535154202406e-01
3.388538820249835481e+01 1.402842598689927733e+01 -8.423280216602497816e-01
3.453223282671417138e+01 1.192834478785239227e+01 1.288231993140500353e-01
3.500970845663990616e+01 1.081396014288690743e+01 1.353062682545442375e+00
3.670808805895074300e+01 7.414422751718197091e+00 2.310373306454760911e+00
3.737579591159413894e+01 4.879815696360407351e+00 3.062869565983493025e+00
3.812519409171366647e+01 2.612465303407751627e+00 4.849209225983885041e+00
3.805600906088662327e+01 9.471023042947632753e-01 6.451799619295704780e+00
3.823351927068756595e+01 -1.569914278338254476e+00 7.834985318750895544e+00
3.846268524382058018e+01 -3.421518800179040198e+00 8.813033156092567211e+00
3.860555062324054632e+01 -5.936997194118999843e+00 1.154032777400213483e+01
3.844288360605797550e+01 -6.529007098726568259e+00 1.244237305757900280e+01
3.863697815444027839e+01 -8.761092329398849188e+00 1.571758429837842286e+01
3.857164197638109471e+01 -1.101205445709941877e+01 1.878574321354420462e+01
3.854569055508631692e+01 -1.189703716641228937e+01 2.162244643266695121e+01
3.847880699722021092e+01 -1.595684566022711692e+01 2.315082989911375577e+01
3.862013196522768510e+01 -1.835910666202138941e+01 2.207037541942727188e+01
3.868115459853586202e+01 -2.020920431410117502e+01 1.913428053474677881e+01
3.863018215205027417e+01 -2.287281088107931382e+01 1.792505203373174538e+01
3.861945448200351194e+01 -2.331891236234347176e+01 1.785012796908313248e+01
3.833541045670298075e+01 -2.509429854829116380e+01 1.800769727550191135e+01
3.814682395805446902e+01 -2.770061860582386259e+01 1.831483052431406833e+01
3.720331816962751503e+01 -3.020332649641200007e+01 1.973001155487614255e+01
3.639827025902831537e+01 -3.236648537283157623e+01 1.951157949146663029e+01
3.492930912210510996e+01 -3.405143550751589743e+01 2.015214843190940996e+01
3.318018238886300253e+01 -3.603447390947238205e+01 2.012361589851139243e+01
3.184871202859078920e+01 -3.764749401778600202e+01 1.980205152444456118e+01
3.032561365345490145e+01 -3.948561668420021675e+01 2.019210335229415065e+01
2.994167542032304041e+01 -3.996327393758763691e+01 2.023053861935070685e+01
2.954694250688539725e+01 -4.151803649197558599e+01 2.053498321317061226e+01
2.877160795576331509e+01 -4.393797306444053419e+01 2.027121770523181965e+01
2.881048579194017378e+01 -4.426733239216033411e+01 2.028457856398322079e+01
2.671218938980112156e+01 -4.612672904458647594e+01 2.072684478374747030e+01
2.526352173678065682e+01 -4.756791818473305966e+01 2.157985662492215084e+01
2.370003247914644717e+01 -4.803750597474546424e+01 2.135592743965975160e+01
2.214392808625427733e+01 -4.842666580638135088e+01 2.114046860256123139e+01
1.957493083805563217e+01 -4.861216366247500531e+01 1.944579209485801741e+01
1.868602623610086155e+01 -4.866462716173609948e+01 1.885531324812149023e+01
1.903433709619706349e+01 -4.780021062005224053e+01 1.957876065826901879e+01
2.006138028314345689e+01 -4.556308269607577444e+01 2.310832457369907900e+01
2.091380558449255034e+01 -4.383301912254302124e+01 2.364330212509621632e+01
2.185055634163973792e+01 -4.267620640159052670e+01 2.443356736866749657e+01
2.275796465700839022e+01 -4.134845679184649470e+01 2.476804115670217143e+01
2.354047155755118936e+01 -3.913790386269923260e+01 2.443729427869252291e+01
2.421596594909606281e+01 -3.789991488465304315e+01 2.346762781128168385e+01
2.579448936528513059e+01 -3.465950371834836830e+01 2.302043988491321969e+01
2.747731038142653404e+01 -3.216238753760442393e+01 2.410082166604319553e+01
2.843619586188955850e+01 -3.046611632738116882e+01 2.531055867395231473e+01
3.022662202900541217e+01 -2.882150975040043406e+01 2.536391385770050633e+01
3.080855540748504495e+01 -2.830306066085961447e+01 2.524216489130462193e+01
3.141881824322746297e+01 -2.674871798027042402e+01 2.424993683903191410e+01
3.233798410142625102e+01 -2.417296589100670090e+01 2.369993624626410167e+01
3.322363232707450464e+01 -2.042767925621048875e+01 2.459476061736400254e+01
3.337330332138853350e+01 -1.924141466441314208e+01 2.551167582333117423e+01
3.345360848738960868e+01 -1.791893795588773841e+01 2.790183680392796717e+01
3.345297970789706454e+01 -1.529899738982506463e+01 2.887327413555025402e+01
3.349721576260768074e+01 -1.377326223296324414e+01 2.899245166070707924e+01
3.330124331788664449e+01 -1.013393707320788906e+01 2.757156164036929269e+01
3.326449469685483251e+01 -8.619149290225479376e+00 2.541826961224209569e+01
3.321528541247653976e+01 -5.119778541652730830e+00 2.074654409709567560e+01
3.284208138500663665e+01 -2.763177764957518434e+00 1.724223543712711049e+01
3.236968013902528440e+01 -2.710597473894684750e-01 1.577409875894163349e+01
3.162997735303209978e+01 1.804046843497760344e+00 1.272025681018511278e+01
3.061230595932432763e+01 4.286821526801788629e+00 1.237406556723672146e+01
2.986521058498253822e+01 6.165608404231236683e+00 1.163241822264590120e+01
2.879217325564782115e+01 9.048926280245110476e+00 1.152471826671219368e+01
2.839646579919059732e+01 1.129216466281208575e+01 1.064159215373291190e+01
2.780816495016292578e+01 1.376513587337866440e+01 1.012749592344341920e+01
2.747941119041428593e+01 1.432081956530371869e+01 1.182106970550870528e+01
2.611302941647013398e+01 1.623733761561610578e+01 1.356215102496374847e+01
2.497083198832671869e+01 1.781117382934588989e+01 1.347548023552575103e+01
2.339348950254951731e+01 1.895494100770268631e+01 1.554827628087854663e+01
2.134819925862601053e+01 2.048542727350067949e+01 1.442471492419992352e+01
2.098560443718503521e+01 2.073220161408475803e+01 1.434312177764392615e+01
1.931795987376856516e+01 2.108229337590040231e+01 1.278105884757353117e+01
1.701560533778511797e+01 2.169747243554076732e+01 1.231554014686139986e+01
1.629085060344723246e+01 2.176726521037158335e+01 1.213428673567462468e+01
1.382009876541279603e+01 2.227791451634718456e+01 1.296221684762856796e+01
1.181054844397874071e+01 2.258604163277712473e+01 1.319609028809915507e+01
9.378273523358148012e+00 2.277201355318794285e+01 1.309022017742386979e+01
8.517662375176669798e+00 2.275218295847327710e+01 1.324030482315738411e+01
5.873058893517447920e+00 2.307936445752266152e+01 1.429679472215365621e+01
4.316871235219842617e+00 2.337325702182450016e+01 1.532529174855264564e+01
2.323558248910241097e+00 2.394944831769257831e+01 1.627091155869526418e+01
7.171079895500018786e-01 2.448119126538695056e+01 1.762888146933866906e+01
-1.758335414537746555e+00 2.506149360983755869e+01 2.075699278704834683e+01
-2.541743934725702481e+00 2.528676819035499435e+01 2.114575488313630913e+01
-4.162669302830329876e+00 2.510442588708517775e+01 2.614163597975751685e+01
-6.886177103614527617e+00 2.453548684019426318e+01 2.881356557483136882e+01
-7.261605765711366622e+00 2.441872505301151719e+01 3.091855671993480925e+01
-9.505537801987239632e+00 2.322658518798213478e+01 3.259569368226775765e+01
-1.135524211843148912e+01 2.230724043106590315e+01 3.267014184938617660e+01
-1.360173415560043253e+01 2.127165952521825432e+01 3.240276923069369985e+01
-1.597255588420322603e+01 2.034283752759003150e+01 3.220471467675407240e+01
-1.744989283633161037e+01 1.898557392962110768e+01 3.361053448354687845e+01
-1.990685680804191549e+01 1.723350044990143104e+01 3.433340202297874555e+01
-2.032543554285039278e+01 1.659519600138930784e+01 3.436035103023802151e+01
-2.187767165354848231e+01 1.464572326237929190e+01 3.283041977339541262e+01
-2.315127287044787607e+01 1.325315779821407070e+01 3.284377162512835469e+01
-2.113066706332840639e+01 1.338025913941304701e+01 3.402128897069828639e+01
-1.867343451934990739e+01 1.359564126331707890e+01 3.446723894443519498e+01
-1.680730891210980360e+01 1.378045299050617700e+01 3.370971869014808675e+01
-1.500225004981179033e+01 1.429755532458852230e+01 3.316771672393345227e+01
-1.380146322130241288e+01 1.480889178081618596e+01 3.285621712698926444e+01
-1.044853011327332126e+01 1.651096975873063855e+01 3.307291739959994459e+01
-9.959781728385388888e+00 1.666059281771546807e+01 3.242392457417457763e+01
-7.140545613461412700e+00 1.730606498757997613e+01 3.178143535437454048e+01
-6.038633995277842281e+00 1.765628264226961619e+01 2.927493105689957886e+01
-2.634594091403169358e+00 1.842087875112270368e+01 2.632407979998618686e+01
1.344762093597116515e+00 1.773183595260085710e+01 2.018701929215339064e+01
2.330990119760535606e+00 1.762137752290798787e+01 2.021443575956363503e+01
3.380476728071217796e+00 1.753452931743613874e+01 1.821609462724167372e+01
5.866569063666094763e+00 1.755744980143679257e+01 1.725818804326534917e+01
6.414735639129619749e+00 1.741200694178874642e+01 1.680582886053222325e+01
7.311606402489706724e+00 1.737190755644469675e+01 1.671419386435847798e+01
1.083965875538488532e+01 1.686041168533163770e+01 1.671190826303859822e+01
1.203872738459015679e+01 1.643897468824087227e+01 1.685902572651025721e+01
1.447709593711894804e+01 1.583660683107806122e+01 1.728065516029463211e+01
1.487353233435940503e+01 1.586934042002363832e+01 1.723199768030493217e+01
1.616702363307001633e+01 1.518310154626978203e+01 1.980632059215042062e+01
1.887190928146261015e+01 1.367541617472336313e+01 1.999525816546463730e+01
1.985047244013757251e+01 1.254080855915495718e+01 2.067800045766416872e+01
2.199332156471482946e+01 9.757912371336583846e+00 1.956842196023189473e+01
2.212824827548411477e+01 9.414187283185823318e+00 1.944824735095716051e+01
2.317007490222607657e+01 7.051910035779247465e+00 2.074294526042614706e+01
2.410308488332603716e+01 5.102322374109190761e+00 2.103229321597417112e+01
2.499830582692808179e+01 2.878923023825149752e+00 2.203977051761701489e+01
2.580928004966754941e+01 4.457774628126763838e-01 2.300089747414899577e+01
2.613572021879871343e+01 -4.654277136280179916e-01 2.379801598024587150e+01
2.708936174334647973e+01 -4.076748825808228283e+00 2.670974268086009573e+01
2.716525355942297892e+01 -4.505388748423008849e+00 2.882535765452760046e+01
2.792615779665696607e+01 -9.098538705050454922e+00 3.065581318551358336e+01
2.792273311975346317e+01 -9.924538311840832350e+00 3.371203160874441096e+01
2.816586310774472679e+01 -1.387521928202322918e+01 3.421475053335642258e+01
2.815347995169581807e+01 -1.492876632744782306e+01 3.402050769153407828e+01
2.772681988542139564e+01 -1.890904071909126927e+01 3.136419519510824827e+01
2.742907282470919128e+01 -1.945152774032867526e+01 3.102878038778816006e+01
2.665290850476116091e+01 -2.175746661178698460e+01 3.107731708730744558e+01
2.620733582728105304e+01 -2.327592545984108696e+01 3.102596396535034273e+01
2.540611216248292692e+01 -2.204839645447794538e+01 3.214047087429585758e+01
2.427253005580896073e+01 -1.989662546931889864e+01 3.393832870413514513e+01
2.340901926410888834e+01 -1.776823468625790525e+01 3.456484861834454136e+01
2.319809726744224321e+01 -1.640023726930712300e+01 3.663297247116301492e+01
2.276907000398490055e+01 -1.388930581612795301e+01 3.690787214850524123e+01
2.241166342754365459e+01 -1.161118663608043988e+01 3.632792429695780356e+01
2.227567323861038417e+01 -8.858783671561262452e+00 3.453009756279531928e+01
2.203573146117809500e+01 -8.096028315294542921e+00 3.435778995803849512e+01
2.146380918831632911e+01 -5.593888991014583034e+00 3.370822958148073667e+01
2.114645294257305252e+01 -3.913716272267000917e+00 3.311943721168634625e+01
2.057618695727724756e+01 -2.610412959254592824e+00 3.093358664431264060e+01
1.970340273704911027e+01 -7.571163847207900144e-01 3.064237563886483073e+01
1.939188327593628003e+01 3.673239728667403170e-02 2.924830263458023438e+01
1.876589499628976654e+01 2.079473047215122605e+00 2.893956487569318625e+01
1.849162590591009092e+01 2.267049721360615333e+00 2.871488780824485332e+01
1.716338797147690087e+01 4.536630962600852079e+00 2.631129757621989640e+01
1.590983143966045255e+01 6.258193311977863438e+00 2.302954839802393394e+01
1.412832124386033783e+01 7.802451339878635039e+00 1.799561808394800266e+01
1.230770852604402421e+01 9.228873172706610006e+00 1.709367550525503532e+01
1.193373224084754192e+01 9.622722951269947700e+00 1.722311014843705479e+01
1.091451177417988561e+01 9.968886408123255549e+00 1.745290510921386939e+01
7.658197004884184089e+00 1.111478047361776511e+01 1.834298775609780563e+01
6.867940497106564735e+00 1.131015446256200718e+01 1.917945190414527090e+01
2.707213372942443907e+00 1.204668276064310284e+01 2.214699994972511377e+01
-4.754854850316092563e-01 1.231918514842015000e+01 2.615715903130225328e+01
-3.164985664995398906e+00 1.196239843041708362e+01 2.968741321774891873e+01
-4.103386047872315423e+00 1.171209973933094517e+01 3.059740487362190109e+01
-3.579914935340588578e+00 1.131291247023783342e+01 3.028812899115944290e+01
-1.634992146442510591e-02 8.126023772576758120e+00 2.613142945320486632e+01
3.088517875759414721e+00 7.169818714304744489e+00 2.308171480915630625e+01
3.813425872103815895e+00 6.792991962211550216e+00 2.269382584357076382e+01
6.073945694939896001e+00 5.443119234265180850e+00 2.176455431770601834e+01
7.433135500203437829e+00 4.661462477720546893e+00 2.178516346005638837e+01
8.028426170679527019e+00 4.315377233177257743e+00 2.197578547320447129e+01
9.834228324697710022e+00 2.797001195266009432e+00 2.351839631863915514e+01
1.012434929131349826e+01 2.501313428278224116e+00 2.375087198202799854e+01
1.146000415961269603e+01 6.216849989020976075e-01 2.800471791088355644e+01
1.268528931516425295e+01 -1.423532280301227360e+00 2.975302293672253384e+01
1.465003974058221559e+01 -5.296549648854856684e+00 3.494813445846406097e+01
1.503890132411983416e+01 -6.013665689674288828e+00 3.538527619270306701e+01
1.550916145818411351e+01 -7.278493645522260636e+00 3.467586959297479865e+01
1.626596813560405863e+01 -9.962525679052564698e+00 3.387073521342122717e+01
1.689002201753903876e+01 -1.278937981321296391e+01 3.436524280683516963e+01
1.712369307844457822e+01 -1.471797789206660134e+01 3.608214988259494760e+01
1.748560047193694444e+01 -1.638432833700819202e+01 3.678466915580572305e+01
1.772389439916160470e+01 -1.780580603386308880e+01 3.661315729944443120e+01
1.808529945260696081e+01 -1.939018369212944037e+01 3.573107537100445796e+01
1.871121503961110832e+01 -2.121495149390197099e+01 3.541958583092120705e+01
1.927960723794554809e+01 -2.315825599158231185e+01 3.441080034548816968e+01
1.973914521699276747e+01 -2.416222385484548241e+01 3.429138139871892577e+01
2.044163306589896578e+01 -2.540464915968514248e+01 3.234384902201368561e+01
2.152214617048210243e+01 -2.763176084897403229e+01 3.142295408919959243e+01
2.109310267661517813e+01 -2.889339112936648490e+01 3.123056472380869408e+01
1.981607206570548030e+01 -3.244250955696266914e+01 3.001814421781258346e+01
1.946211182981969756e+01 -3.270958535690014912e+01 2.958583759223221321e+01
1.849999595641168071e+01 -3.498940130888520628e+01 2.760215435871842971e+01
1.757853884391870025e+01 -3.681662540539083750e+01 2.689678450362703188e+01
1.715393698053965466e+01 -3.756817469310779245e+01 2.677610140790985227e+01
1.601102170085382070e+01 -3.979669040475384634e+01 2.594908444645353640e+01
1.535759851004171317e+01 -4.120661814308933657e+01 2.475366914352439096e+01
1.509252182376850371e+01 -4.156577523648755346e+01 2.444540161990076399e+01
1.438818890002828432e+01 -4.396445669300214121e+01 2.224722260856296074e+01
1.419866753649193214e+01 -4.450486855813259979e+01 2.186417421625019841e+01
1.303036544396002050e+01 -4.552952593127690051e+01 2.113663635797347240e+01
1.067339041559456980e+01 -4.743547963511312560e+01 2.064222499842446723e+01
9.031429692552688238e+00 -4.775598727591004433e+01 2.057672074400574758e+01
5.815073053957100058e+00 -4.839799229392134805e+01 1.976443150806882798e+01
6.833435323269990924e+00 -4.569138015797866359e+01 2.211318873402099783e+01
7.604639343816030461e+00 -4.361710050831576524e+01 2.291883784606824648e+01
7.820266379314637639e+00 -4.319501334893849531e+01 2.312031759177851953e+01
8.745162295655779516e+00 -4.077795917379153678e+01 2.237278221071664674e+01
9.557516557973038118e+00 -3.873669525868793073e+01 2.188244229953259534e+01
1.114857982205184683e+01 -3.637090320710507285e+01 2.355864530741684248e+01
1.252713025066831420e+01 -3.349393818927537581e+01 2.668468239573989820e+01
1.273493533525742016e+01 -3.276714436732620328e+01 2.757807654441886669e+01
1.333648903755036308e+01 -3.024575410812764886e+01 3.015096038804986378e+01
1.358008207759207586e+01 -2.910531043808715523e+01 3.125988178256720929e+01
1.353859331612727246e+01 -2.858201976759813334e+01 3.158313534775137299e+01
1.322136685335363282e+01 -2.527284082224228356e+01 3.374394324177599458e+01
1.315063521388827894e+01 -2.471785828388453510e+01 3.401570994462713315e+01
1.281544036735603065e+01 -2.231283589878363216e+01 3.393292700174199439e+01
1.240476853080796360e+01 -2.032775552343688830e+01 3.385303534200401998e+01
1.201322946149604576e+01 -1.872992139648820142e+01 3.387172499103527912e+01
1.151528812704524007e+01 -1.632544781453602312e+01 3.444400651774534339e+01
1.136474966712262713e+01 -1.550920155368569731e+01 3.448708976158743411e+01
1.089049181299258073e+01 -1.391025936991726830e+01 3.538610302933228269e+01
1.014792579424046082e+01 -1.136939519966699841e+01 3.567236586902909323e+01
9.687119755334746785e+00 -9.988955396092910277e+00 3.574395563909730811e+01
8.703852861999148871e+00 -7.642932537320359820e+00 3.360807035048946290e+01
8.394078190275369167e+00 -6.711498594338682899e+00 3.368757919233682685e+01
7.796850452007566545e+00 -5.869460307587715420e+00 3.309517102188909377e+01
6.098930710940510203e+00 -3.293264116611693826e+00 3.286344403943088111e+01
5.117605078939924113e+00 -5.341097876714115067e+00 3.426019531170751975e+01
3.821344259581525904e+00 -7.865233111162349466e+00 3.455316394473793196e+01
4.249018952463056387e+00 -9.528052815316062407e+00 3.606317096241908615e+01
4.839725358608948369e+00 -1.283130360185380070e+01 3.696587575395207637e+01
5.307794987410847654e+00 -1.444612524833369527e+01 3.550961870835755008e+01
5.873749469015487890e+00 -1.782662435240288445e+01 3.363736255834035660e+01
6.269030649475471506e+00 -1.918615276898495736e+01 3.231352071106284285e+01
6.594867702697832179e+00 -2.173555664992978365e+01 3.078513364243764272e+01
6.982228695395927609e+00 -2.285412013048021151e+01 3.066152467419111005e+01
7.354134431172876241e+00 -2.551173175134904980e+01 2.954108153816209281e+01
7.484610231127407864e+00 -2.680443991837909579e+01 2.889684058984742165e+01
6.817189741985749230e+00 -2.980131976166816088e+01 2.744187153363336051e+01
6.612688081728670397e+00 -3.051943412992206817e+01 2.727489214304800313e+01
6.363498419879886292e+00 -3.100256091123610602e+01 2.695386840291429209e+01
5.121375758573585735e+00 -3.315853288803028676e+01 2.516326899484760560e+01
4.485438565349268103e+00 -3.426149373451865898e+01 2.378686092122834594e+01
4.236011503847270987e+00 -3.537225474856319352e+01 2.264885788866412142e+01
3.314513659203539575e+00 -3.782170855080183003e+01 2.145159973925498775e+01
2.712022307631539508e+00 -3.919635576369437047e+01 2.156799021946204320e+01
1.849294233394055631e+00 -4.161224146081393371e+01 2.154437002995832984e+01
1.476988312116969126e+00 -4.263143443747661365e+01 2.152642274291367741e+01
1.120824389159285728e+00 -4.532676629158895310e+01 2.051015570398881849e+01
1.002045028915040215e+00 -4.649815374146712799e+01 1.963278110561270040e+01
-1.122031707013350532e+00 -4.730217493204542478e+01 2.079736452652242562e+01
-3.112843637784200812e+00 -4.812421829039036680e+01 2.113029952976699022e+01
-3.779324884123348660e+00 -4.816075730102465968e+01 2.168778532398832226e+01
-7.450818810111321078e+00 -4.854768123499678723e+01 2.305207677898627239e+01
-8.175260721639274308e+00 -4.867538643510262375e+01 2.308868529517530277e+01
-6.268327613554699695e+00 -4.586797320516633647e+01 2.330022811896107982e+01
-5.135361832372390190e+00 -4.413608680539292095e+01 2.328905808034737035e+01
-4.560248432919475015e+00 -4.245764342233114519e+01 2.456609510610012848e+01
-3.810606399696186308e+00 -4.011060321572512066e+01 2.574759423072001852e+01
-3.590575069163297606e+00 -3.939287187624346132e+01 2.568312656473620592e+01
-3.021349451228417582e+00 -3.787759088969735899e+01 2.802192450355691022e+01
-2.342403269983126979e+00 -3.536760571589059055e+01 2.926707308468528268e+01
-2.196217420035607493e+00 -3.498985141751185068e+01 3.035022870832471398e+01
-1.086699235237752692e+00 -3.140545318168918243e+01 3.118312357359979359e+01
-8.438733412155421387e-01 -3.060177239843008934e+01 3.123430161726920673e+01
7.501462621569487954e-02 -2.836472725525933569e+01 3.096326386182368751e+01
7.307185983164844467e-01 -2.683261564098570773e+01 3.095374809721013065e+01
8.036435965200535714e-01 -2.406634171712085291e+01 3.129312268993869139e+01
7.665684813330291281e-01 -2.336668600417728925e+01 3.142488207619748053e+01
5.930291605720947601e-01 -2.279230456150902739e+01 3.130109112214819689e+01
2.725124729908138255e-01 -2.008127060054041735e+01 3.169703863157038271e+01
1.165007888375935163e-02 -1.900014766202617267e+01 3.165550870302964270e+01
-2.258402114977227093e-01 -1.794072067152713501e+01 3.230108597943130633e+01
-6.021203010517713894e-01 -1.536546320208546312e+01 3.299401618546467319e+01
-7.378832931340848500e-01 -1.281360012595738773e+01 3.398638801419367184e+01
-1.065352928544926359e+00 -1.032058293870204224e+01 3.430888597017911223e+01
-2.124651092321444779e+00 -9.178812861804697576e+00 3.348804407689833340e+01
-4.392093366491220507e+00 -6.544161470596929320e+00 3.052129767120738535e+01
-6.065853389316141708e+00 -6.219031921224139836e+00 3.024809170313635320e+01
-9.227772434835278759e+00 -5.574675212060677509e+00 3.065954025098777436e+01
-8.421727260495469380e+00 -8.456190100582169578e+00 3.321583972520907224e+01
-7.598553923302779900e+00 -1.033696273099252849e+01 3.317233485066482501e+01
-7.545799370279159923e+00 -1.100890371658487155e+01 3.408512594118277406e+01
-6.956029296842283216e+00 -1.368276105591348291e+01 3.312603848954707075e+01
-6.694203673328742887e+00 -1.530457618242571094e+01 3.292830459280355626e+01
-6.177294446623267987e+00 -1.646407253612380472e+01 3.254669910551834278e+01
-5.653712851259429684e+00 -1.851359354967550885e+01 3.258856214563186171e+01
-5.681703795026686876e+00 -1.905021380816020127e+01 3.311093061805866711e+01
-5.215806649124727912e+00 -2.278832055373468535e+01 3.324272721104911454e+01
-5.057179690324478116e+00 -2.350268273670160468e+01 3.328994321724584893e+01
-5.288608336486320560e+00 -2.532394071053743545e+01 3.559175233054269682e+01
-5.744565574852417811e+00 -2.774166602648770308e+01 3.547430474242757725e+01
-5.895328223797017486e+00 -2.816796138052085041e+01 3.611426067636288195e+01
-6.670695375203493427e+00 -3.043390447532529564e+01 3.874317899921703656e+01
-7.512662097401801020e+00 -3.248673696707119518e+01 3.892914166630485795e+01
-8.944021984927429614e+00 -3.687952753785911852e+01 3.486515610374848961e+01
-8.992367516959452800e+00 -3.739120069705079885e+01 3.451145545295019446e+01
-9.230688180917546504e+00 -3.775726185316879224e+01 3.215694125413577353e+01
-1.124599649828113002e+01 -4.130189457645735729e+01 3.196478664613339049e+01
-1.183882732334932442e+01 -4.330868848338925403e+01 3.049793201543277732e+01
-1.283833344137410393e+01 -4.571260792545898965e+01 2.905090760980510822e+01
-1.482946654527999009e+01 -4.670777521703660540e+01 2.898308873313362355e+01
-1.723312416440928629e+01 -4.792133675390010694e+01 2.846844801725398710e+01
-2.078490033765358902e+01 -4.842545691885869275e+01 2.905979910297557112e+01
-2.229846800023313236e+01 -4.848217731075742876e+01 2.896412839281448015e+01
-2.450709650689639574e+01 -4.849943298478324749e+01 2.931397741837803395e+01
-2.584552716268529338e+01 -4.876657447781659016e+01 2.931922773373949909e+01
-2.961520150152976782e+01 -4.872202555799438528e+01 3.120755794859030274e+01
-3.044321035792602359e+01 -4.875281478147040559e+01 3.165812276280310655e+01
-3.308738712365034473e+01 -4.882724103278496131e+01 3.173380698301138736e+01
-3.404961307065042320e+01 -4.868090659811301890e+01 3.122597698085175466e+01
-3.653712365917194660e+01 -4.886449589026400986e+01 3.085839613829445582e+01
-3.816879103510841986e+01 -4.874055256448012585e+01 3.095238961927038801e+01
-3.892859669476717244e+01 -4.884730050603972273e+01 3.059374299122893959e+01
-4.141754015952984957e+01 -4.880694578310935583e+01 2.997570534594671088e+01
-4.265574614742801174e+01 -4.888094333144950099e+01 2.693026488923798922e+01
-4.640570730016325030e+01 -4.871674742167360961e+01 2.555817298947018301e+01
-4.704667995334567365e+01 -4.701470583590497654e+01 2.643148425404963575e+01
-4.814128138123839307e+01 -4.401839360303687698e+01 2.864036104239595204e+01
-4.732595207121060810e+01 -4.396649576952204086e+01 3.194041106700763066e+01
-4.476992124802249151e+01 -4.365250372834060499e+01 3.618725747071660237e+01
-4.307663745134842515e+01 -4.349189052439282221e+01 3.625397991757369454e+01
-4.521912866033861889e+01 -4.155539256765609935e+01 3.513372957761617243e+01
-4.709814772529365001e+01 -3.979485541069479382e+01 3.210139418390739507e+01
-4.752402338620494504e+01 -3.937581235140420688e+01 3.207019695360141753e+01
-4.774017688619446176e+01 -3.828881264992034517e+01 3.200218567985575646e+01
-4.847762440145977791e+01 -3.499148743828239816e+01 3.183986299888993443e+01
-4.863210625853747615e+01 -3.364447118168229167e+01 3.139722425093365388e+01
-4.869797674370965979e+01 -3.001567366315385499e+01 3.112474205322816445e+01
-4.880581940488342951e+01 -2.915714927184036753e+01 3.126765321778001905e+01
-4.864680084902263957e+01 -2.659666466769384385e+01 3.132753842589114512e+01
-4.874050703735349543e+01 -2.503435557544357337e+01 3.113235246464120820e+01
-4.868526563664075013e+01 -2.394446195515988052e+01 3.010939314436584979e+01
-4.862772348860988103e+01 -2.152630162721658280e+01 2.962226134168417602e+01
-4.875545753463946141e+01 -2.092907339439485170e+01 2.911825413311777666e+01
-4.883203071785713689e+01 -1.722735276370998392e+01 2.705076432131500042e+01
-4.884409093862350204e+01 -1.648141840971750582e+01 2.654487767141294796e+01
-4.881534502837551770e+01 -1.321363587672417239e+01 2.508516352789227000e+01
-4.894286906100926871e+01 -1.225136107506265404e+01 2.472208967216336717e+01
-4.889365387808937413e+01 -1.017491464899007703e+01 2.403838831512540608e+01
-4.890050629037882146e+01 -8.127642262945240503e+00 2.409295993235943101e+01
-4.590266872727568170e+01 -6.175310874564766017e+00 2.603327117033948213e+01
-4.172486971256630994e+01 -5.547517369502210194e+00 2.917835719730553024e+01
-4.089786014195107811e+01 -5.349250562213041960e+00 2.976092663823029127e+01
-4.221128939898102317e+01 -8.468902434969319160e+00 2.933588187244752277e+01
-4.309347478351268279e+01 -1.041374250826539871e+01 2.918168362587073617e+01
-4.330400878423561295e+01 -1.249429657081440226e+01 3.007882351525574549e+01
-4.327149754332977949e+01 -1.479131413436204845e+01 3.055266868956491066e+01
-4.345271727497596714e+01 -1.534195292650906417e+01 3.053848534390310121e+01
-4.332087502216952402e+01 -1.608047732932044482e+01 3.163148707056542719e+01
-4.327634943614162211e+01 -1.860950258176008631e+01 3.373553423043481558e+01
-4.338308970304815659e+01 -1.979278619086372615e+01 3.376560068670865178e+01
-4.331044151319839841e+01 -2.296414177560341940e+01 3.632881926271217310e+01
-4.335782619428282914e+01 -2.360242055982137899e+01 3.644157136170282030e+01
-4.320523003930701833e+01 -2.560646992698964652e+01 3.781386832727388736e+01
-4.328536373424775263e+01 -2.797714928483153685e+01 3.780595476235216523e+01
-4.272851603001424792e+01 -3.048797113130134306e+01 4.033722612190941703e+01
-4.222980177963938786e+01 -3.297270074433990317e+01 4.076904704425528791e+01
-4.139358324333881711e+01 -3.415974757789140170e+01 4.312955113811729291e+01
-3.919061974584809604e+01 -3.710354195448627479e+01 4.303402854356450291e+01
-3.879577056165640414e+01 -3.823614299938598293e+01 4.264772199398674246e+01
-3.764499741130126154e+01 -4.045848198656876349e+01 4.148602956511122386e+01
-3.715736239937773178e+01 -4.174609572281459435e+01 4.042975605158132879e+01
-3.471609869430120909e+01 -4.229598829558676698e+01 4.035305566462673710e+01
-3.317966090593684214e+01 -4.284981410104868615e+01 4.039860279394439146e+01
-3.187488900379286605e+01 -4.293193801258968989e+01 3.982981975271193420e+01
-2.982748475208778061e+01 -4.325990412075093161e+01 3.857315477063510656e+01
-2.937044883187216016e+01 -4.316049571113001093e+01 3.823110716912417217e+01
-2.700050199378455673e+01 -4.320722008960188276e+01 3.576810052483141078e+01
-2.482830161865526009e+01 -4.326602332108941340e+01 3.418661992669541405e+01
-2.257127922294321820e+01 -4.271740332994091460e+01 3.350761895546170877e+01
-1.988877314243720562e+01 -4.202828825339231855e+01 3.413517823462053968e+01
-1.826114006903311804e+01 -3.939538678165346397e+01 3.969878996408041161e+01
-1.715063612356717471e+01 -3.782295530161360375e+01 4.053840278703238909e+01
-2.144194684552441288e+01 -3.777795844741014974e+01 3.967465235272699431e+01
-2.381960260754051362e+01 -3.764702057914072242e+01 4.026803501317642286e+01
-2.641365153893641349e+01 -3.754016193599333917e+01 4.149090669364409223e+01
-2.877388101767901674e+01 -3.678283286374957584e+01 4.574154717986126428e+01
-3.128534089879159552e+01 -3.630182634696964072e+01 4.636251918914048531e+01
-3.395384663074015208e+01 -3.378021852975825823e+01 4.610330241648170357e+01
-3.485778391057830561e+01 -3.268887395144311370e+01 4.583800614053954803e+01
-3.507500138736255479e+01 -3.216067721653523392e+01 4.508152557599098742e+01
-3.656323844201720163e+01 -2.942356569193384175e+01 4.388072745270842745e+01
-3.727347707546203992e+01 -2.623712265759074924e+01 4.152426644764595665e+01
-3.758498200053077198e+01 -2.452670936706290306e+01 4.072008938698870395e+01
-3.780365024039208777e+01 -2.197579148625019485e+01 4.049626484709889951e+01
-3.795808616944732705e+01 -2.117644181186179253e+01 4.040038915063399827e+01
-3.805547524360063250e+01 -1.706099223523521857e+01 3.812010491931137324e+01
-3.752836811907497605e+01 -1.527434679260545636e+01 3.756115375597561723e+01
-3.686133508654395285e+01 -1.273607081145350151e+01 3.679239454774447893e+01
-3.668817982422000057e+01 -1.208743062848667016e+01 3.697022355110836145e+01
-3.662370224843740374e+01 -1.106989784135843102e+01 3.662689150557469731e+01
-3.626446753256477251e+01 -8.550399847829710964e+00 3.605003005778264225e+01
-3.605030722248773856e+01 -7.833685961527844022e+00 3.600932774951481719e+01
-3.331277150125420405e+01 -6.395595398982206525e+00 3.703232769296611337e+01
-3.202472707034656452e+01 -5.783479479713959925e+00 3.656978155389016649e+01
-2.868071687895790234e+01 -5.233831610123696798e+00 3.422579691076491315e+01
-2.816939135822376628e+01 -5.236233233080793248e+00 3.381650320471978688e+01
-2.564428342141375339e+01 -5.253902449422103160e+00 3.336172955579576183e+01
-2.369923086764951492e+01 -5.249540421863185813e+00 3.400536296114609769e+01
-2.318857761399313944e+01 -5.133142488861308195e+00 3.416868172616463539e+01
-2.064371511505106227e+01 -5.165159493395936607e+00 3.538608575318905736e+01
-1.814302058683924201e+01 -6.318895617501333994e+00 3.581532681433548504e+01
-1.611281207016600447e+01 -7.324465468475601426e+00 3.568909444347096382e+01
-1.528559276625763275e+01 -8.656652629428274182e+00 3.591783195568161347e+01
-1.387051725636085742e+01 -1.180984813836924197e+01 3.883098533717497958e+01
-1.319213143801234800e+01 -1.395270428538565355e+01 4.138015649790617800e+01
-1.250814089053987743e+01 -1.678141429112136862e+01 4.208067587543899180e+01
-1.186924040502534794e+01 -1.950166780684117640e+01 4.229584404374150353e+01
-1.138826262010497103e+01 -2.167600931436534495e+01 4.241608184043980145e+01
-1.180323675795835747e+01 -2.318212041457931250e+01 4.346646551447273055e+01
-1.210464769743187041e+01 -2.572200725713351233e+01 4.569218644353742320e+01
-1.214303784758024207e+01 -2.661159481836596541e+01 4.567817988029939613e+01
-1.254782626588236383e+01 -2.768856575406826792e+01 4.629775931898565489e+01
-1.321356356814067290e+01 -3.014418286002774749e+01 4.623478563522985496e+01
-1.335151174020246678e+01 -3.052331671997986362e+01 4.622367998663631283e+01
-1.401321755018227755e+01 -3.083612402892594062e+01 4.602794204187353699e+01
-1.741250629308730424e+01 -3.191105007962902462e+01 4.572660372146589225e+01
-1.797525357588217076e+01 -3.203324591598356363e+01 4.558182168070415230e+01
-2.058204433714337966e+01 -3.182185542312422299e+01 4.626500806752933670e+01
-2.244916472937435259e+01 -3.166739828697252435e+01 4.603792889607893102e+01
-2.558196045356023873e+01 -3.127399869999144855e+01 4.498467270856559708e+01
-2.648765595722821686e+01 -3.061824958123835927e+01 4.491334508593966035e+01
-2.926483790863756695e+01 -2.863317595852604924e+01 4.489111587943865089e+01
-2.660847533497190298e+01 -2.727747573770727030e+01 4.642100152493253518e+01
-2.485742942741196160e+01 -2.639549902480177224e+01 4.712283156795151484e+01
-2.175562010545299785e+01 -2.588227854735364986e+01 4.705172692444440230e+01
-1.978216473460927105e+01 -2.555179972460968685e+01 4.709253381129398974e+01
-2.219247611035121892e+01 -2.427167237693154433e+01 4.682401699155236940e+01
-2.539871868701316515e+01 -2.254379846303255874e+01 4.674062871138514907e+01
-2.915664555158397420e+01 -2.198085562681518113e+01 4.726319371912769896e+01
-3.031625358382557067e+01 -2.168438786057990342e+01 4.713079283692399457e+01
-3.044338672420729353e+01 -2.105164945022027467e+01 4.655978763457048331e+01
-3.090213479327500323e+01 -1.853267823435399819e+01 4.555457725760579279e+01
-3.133270279770768241e+01 -1.732767835173113724e+01 4.553720472013167608e+01
-2.990665844098062465e+01 -1.725531452924316866e+01 4.608298733483135834e+01
-2.609670462743435593e+01 -1.712891853551633403e+01 4.591773716395316285e+01
-2.534325760037233266e+01 -1.740038473400926833e+01 4.580502597709963197e+01
-2.130483464976865804e+01 -1.866837535914186574e+01 4.355507226983194613e+01
-2.201620607789673301e+01 -1.716326346328569841e+01 4.325857081127471560e+01
-2.326286181792067609e+01 -1.497751755398500606e+01 4.245612639282222034e+01
-2.384584440538174022e+01 -1.383829229408873651e+01 4.242685469673860155e+01
-2.702957828659812378e+01 -1.296685508797857977e+01 4.417456260023610781e+01
-2.783167568432855177e+01 -1.267151967312270244e+01 4.422438047369497838e+01
-2.813530160380829770e+01 -1.130667794233116297e+01 4.314093041767342385e+01
-2.932173512731911202e+01 -5.368506488269289001e+00 3.486469818921961661e+01
-3.070824158115619440e+01 7.023888976545392682e-01 3.040661825903855586e+01
-3.116747375828787980e+01 3.022670706505446780e+00 2.931761802843412212e+01
-2.918006602741588296e+01 5.265531421990973016e+00 2.956308657110661642e+01
-2.773129715874914680e+01 6.834436817543659615e+00 3.091447693461913815e+01
-2.532441154051031162e+01 6.023807476458158838e+00 3.497124852421175234e+01
-2.284006688817882491e+01 5.554682980663736558e+00 3.499982975874199553e+01
-2.245126558617963042e+01 5.588599522170953016e+00 3.638057296674217156e+01
-1.907682198003901775e+01 6.912143666520948138e+00 3.752383990587711082e+01
-1.814542876599898946e+01 7.317592549308777450e+00 3.745105010689626113e+01
-1.619989457468343730e+01 7.813169925218862666e+00 3.707564434272816811e+01
-1.414717380132910307e+01 8.229874026374217166e+00 3.624992971047419843e+01
-1.207637544338660440e+01 8.909639680429567221e+00 3.451613416050947336e+01
-1.135013795333883735e+01 9.013415537467903249e+00 3.405631336953606336e+01
-1.088679829609288952e+01 8.669347622443659418e+00 3.353624548677762363e+01
