-3.193630021266383512e+00 -1.842294335199495120e-02 3.263515285600364280e+01
-5.717974372192693444e+00 -6.356875725441121783e-02 3.580825292896605561e+01
-8.272318109307134293e+00 6.162101142481960642e-02 3.586001706489469854e+01
-1.073777064696006178e+01 8.043292780217731197e-02 3.323053682141161858e+01
-1.322041740047760960e+01 -7.066668571356835016e-02 3.047906487994717750e+01
-1.442998015706774417e+01 -7.120810726604709373e-02 3.036855125603609906e+01
-1.697249046353725888e+01 6.110741774407020543e-02 3.186740188153935804e+01
-1.935418547641057785e+01 1.322929980083783347e-02 2.946968420498962971e+01
-2.135274722051713781e+01 -6.640936012712575498e-02 2.820655750339722090e+01
-2.139932386566890443e+01 5.868696132448271152e-01 2.723336037504424567e+01
-2.214461232748135444e+01 2.882455430166479982e+00 2.234416870197328464e+01
-2.329678248906876092e+01 7.084910041407163739e+00 1.809266758166390332e+01
-2.344647967704861458e+01 8.120981541751374877e+00 1.707417084311225253e+01
-2.354274595284493898e+01 1.180675424641764160e+01 1.729236142147027167e+01
-2.368052716478342035e+01 1.444547634100614530e+01 1.662324632089303833e+01
-2.306764450008678935e+01 1.629458075039002551e+01 2.132403011666562165e+01
-2.160313066405000271e+01 2.107046028608567312e+01 2.694044814218482742e+01
-2.130404875465669434e+01 2.203327403962074271e+01 2.693444418420250841e+01
-2.104292680943779814e+01 2.222322798679125100e+01 2.737536441956688904e+01
-1.857430075271060232e+01 2.253228990571478363e+01 2.924600776802484603e+01
-1.480080781404560497e+01 2.320712897305956446e+01 2.574901509995201820e+01
-1.397068455054360747e+01 2.333167331074106698e+01 2.572923943801774982e+01
-1.186776791398240150e+01 2.348409810449295421e+01 2.427997613784915742e+01
-9.246657307842989226e+00 2.362615966540383283e+01 1.820742292658302119e+01
-6.716478131283369457e+00 2.360736794463291588e+01 1.676291888792304974e+01
-5.928406114399731308e+00 2.361010160435449734e+01 1.122328256414621706e+01
-3.542083193644619765e+00 2.365860801532363311e+01 7.050366904676852009e+00
-9.920662989393181919e-01 2.368833261014519920e+01 1.139187715882850505e+01
1.268290855142903739e+00 2.356489057951797150e+01 1.124749992235816265e+01
2.830141146140306763e+00 2.355246480800605369e+01 1.158035139309428629e+01
5.429557154630699323e+00 2.351934550341402641e+01 1.134598026340097299e+01
8.999326437056387462e+00 2.352696960163457263e+01 8.722448583719216941e+00
9.357050344624925131e+00 2.348671043918177403e+01 8.554039302694455671e+00
1.015398672086328702e+01 2.361801136046306127e+01 8.266352145060562151e+00
1.388549182691130746e+01 2.358558864311278569e+01 6.955263875529650086e+00
1.652625279717234719e+01 2.359503298597857679e+01 4.815716344978777208e+00
1.712665238237845600e+01 2.345478747872721570e+01 4.325961451020416959e+00
1.763772394584890435e+01 2.287998779566614260e+01 2.895048238773596072e+00
2.131547502905091207e+01 1.945672484438831162e+01 2.393873470513182333e+00
2.251705919038822756e+01 1.820929708068347708e+01 4.871124153439468252e+00
2.285927157345351901e+01 1.635587854585637757e+01 7.232751637418647128e+00
2.350846865496359683e+01 1.164911957312601487e+01 5.974192083714911838e+00
2.352595491735836220e+01 4.537834121594642056e+00 1.542795902289405774e+00
2.135119870933613484e+01 9.437931903798356004e+00 -3.777285150035673000e-01
2.022443786810528366e+01 1.185706806967369786e+01 -2.651041813449445672e-01
2.118328860341216213e+01 1.499369887406579060e+01 4.080840448019100286e+00
2.201627424134299815e+01 1.732780220443055086e+01 5.643602053871455304e+00
2.277596135533581290e+01 1.956946083936239944e+01 9.295565216909851713e+00
2.325383204909453738e+01 2.131612186516963448e+01 9.343839761850750492e+00
2.281390119805045202e+01 2.137334995906710589e+01 5.785041633339863765e+00
1.905886103659480213e+01 2.125010715510127568e+01 -1.425022650468229235e-01
1.641560487747489461e+01 2.115180686981463154e+01 6.761984871874633374e-01
1.131640056756561208e+01 2.071078013684937957e+01 3.781258335408196558e+00
7.667524509061324878e+00 2.057634386980247498e+01 7.274668644949076501e+00
3.074060677166248645e+00 2.055442060133172077e+01 8.459237864362647130e+00
-4.055216496659487802e-01 2.066692585065831267e+01 6.930714172861369704e+00
-7.813666773004108723e-01 2.045268116113764378e+01 6.702656684783636187e+00
-4.262063110964734669e+00 1.886464896017588444e+01 1.318773715974969640e+01
-6.491733833193770842e+00 1.797957799609131158e+01 2.345709242179656684e+01
-8.627349887753931412e+00 1.692762613154007667e+01 2.659546443976680763e+01
-1.358703822002927986e+01 1.436081117472371815e+01 2.763027049856958328e+01
-1.230347848492489327e+01 1.411456425878141552e+01 2.769087930872150594e+01
-9.871782688457901855e+00 1.383040202320019674e+01 3.035144758990216829e+01
-6.112269791076568204e+00 1.350263688124223549e+01 3.085604686130270480e+01
-5.661099792806497000e+00 1.351557337609522058e+01 3.023057027179728351e+01
-5.105140956443174005e+00 1.363820690536122981e+01 1.839067833799308005e+01
-1.406312333426049221e+00 1.385709309185044624e+01 1.146013790540333410e+01
1.030032967624348039e+00 1.423091316883088275e+01 9.579413939906629594e+00
1.918912108110132353e+00 1.434478358676138399e+01 9.687318053318238142e+00
7.064430635595030594e+00 1.390680019966229075e+01 4.838422004594707282e+00
9.041350358285983546e+00 1.383936030133842543e+01 4.644613240742505589e+00
1.222204558028402488e+01 1.180702755356996647e+01 6.770063479467692602e+00
1.423218277382338748e+01 1.034539890422625596e+01 6.703600844698902606e+00
1.529891254131414335e+01 9.365892598613257292e+00 -2.532051846947422469e+00
1.710169540577199143e+01 7.524604223501147438e+00 -8.061944687076478822e-01
1.890471834086062231e+01 5.688582639948466024e+00 9.040355728554126946e-01
1.996356400792219432e+01 4.590889505273783477e+00 7.674899805925878837e-01
2.077779677138390824e+01 3.159825895438021615e+00 4.966679987724754497e+00
2.255490882705640843e+01 -2.707637163398635138e-01 5.445492311435599753e+00
2.289659045040646745e+01 -1.282160297960621698e+00 5.347028904956540707e+00
2.319753670381579269e+01 -3.009668451362646824e+00 1.188262546357535854e+01
2.341957607263281815e+01 -6.840336834376852693e+00 1.587338187461334194e+01
2.347168818291602577e+01 -8.307672523106690576e+00 1.649984117794256733e+01
2.371707621249245790e+01 -1.152391391445569724e+01 1.539104810716224847e+01
2.374573470490663851e+01 -1.492028300281859643e+01 1.542466064590908381e+01
2.343661451508477356e+01 -1.569167208667005120e+01 1.505765633791874158e+01
2.232713637522311600e+01 -1.798222289007544106e+01 1.603632449840651475e+01
2.067530557971964100e+01 -2.114445082146115595e+01 1.743338455507898033e+01
2.008797566397479883e+01 -2.218619658736734124e+01 1.736703908616243908e+01
2.022255518013829700e+01 -2.116804790533470282e+01 1.647492508463008321e+01
2.026004672989881072e+01 -1.767805201390993730e+01 1.465960615078107843e+01
2.054429588686895869e+01 -1.505983901763188904e+01 1.479739958337485284e+01
2.049771490473911939e+01 -1.304802260425423377e+01 1.482519183706314436e+01
1.974472769898812530e+01 -1.040014231211246454e+01 2.123240882732967449e+01
1.914803632130161404e+01 -7.866202578521786393e+00 2.261042033612176283e+01
1.899372604167921708e+01 -7.149251806544001830e+00 2.265843617356972217e+01
1.860052178305400261e+01 -6.327921565038570506e+00 2.217683086509900647e+01
1.732496507339981306e+01 -4.140756017318815374e+00 1.878855848517653371e+01
1.559423515685084460e+01 -9.965385207282633218e-01 1.822382599351232102e+01
1.374010112304386944e+01 1.007311705736268159e+00 2.112555565772704469e+01
1.061576140598806717e+01 3.533091389519196657e+00 2.173195016070973651e+01
9.695398694052155264e+00 4.494795506049246825e+00 2.176186766527714056e+01
6.792025058648762048e+00 2.108736468138416420e+00 2.491341107476178962e+01
4.884344573497397590e+00 2.570543885161656883e-01 2.765133387553919064e+01
3.790987896592467710e+00 -6.433874239069420353e-01 2.886072365539948947e+01
5.608101238078343265e+00 -1.713572463352805775e+00 3.538253432160411194e+01
8.016763834062535565e+00 -2.977099507234015618e+00 3.476677869356849726e+01
1.127871787226891875e+01 -4.754356600930502275e+00 3.466564477744972095e+01
1.223711008948519385e+01 -6.892946636465212329e+00 2.996127769388412432e+01
1.371475549271552197e+01 -1.025010657603065312e+01 2.639927778943629733e+01
1.456748968484348161e+01 -1.212126233528406161e+01 2.646493134251374357e+01
1.473069719547667411e+01 -1.291688696445380025e+01 2.541200523885824936e+01
1.627309868895974887e+01 -1.790843500468430705e+01 1.954884528882278616e+01
1.331829906360940718e+01 -2.037854072759253654e+01 2.298105751068198188e+01
1.142284793592357239e+01 -2.200723638532436510e+01 2.256005851000809415e+01
1.069154875939665139e+01 -2.258469621460110588e+01 2.250073789909176369e+01
1.042502032338054541e+01 -2.178665865835161597e+01 2.447737833657550510e+01
1.011815037269787787e+01 -1.908681701167130029e+01 2.640082701128701004e+01
9.304417572407198023e+00 -1.546033866796813427e+01 3.221431488930884512e+01
9.267274416436910300e+00 -1.419713086622281217e+01 3.239601290702821501e+01
7.572218943343862030e+00 -1.218781693467106741e+01 3.528501407545174118e+01
6.237905333854693701e+00 -1.013910325021175218e+01 3.333595082138165822e+01
5.025473847059613419e+00 -8.574527551665125813e+00 3.341362960032162732e+01
5.175634852158309762e+00 -9.176397300788682543e+00 3.251953616759128352e+01
5.359364266541668087e+00 -1.308611759815089570e+01 2.550650357678145852e+01
5.534062936627958784e+00 -1.803940273749346446e+01 2.338127592144387634e+01
3.521295970067824577e+00 -1.987771652421107049e+01 2.160601555856121436e+01
-1.106041146309330453e-01 -2.270833652942001635e+01 2.013417991691808595e+01
-3.542219275674628187e-02 -2.073330811014902508e+01 2.341915936966885070e+01
-5.312930052208392900e-02 -1.825363877922233868e+01 2.756165184844302729e+01
-3.117435925485111461e-02 -1.437466522281277292e+01 3.105910273045054737e+01
4.780511098236860795e-02 -1.408079551462026835e+01 3.097346260169365095e+01
-4.763266658602554049e-01 -1.333088640852435702e+01 3.201973321503913894e+01
-1.915249986764645307e+00 -1.123953097135468937e+01 3.334368442975247149e+01
-4.089176336467541972e+00 -8.208282441986982647e+00 3.638240795333781818e+01
-4.370384953535678463e+00 -7.605784640217378545e+00 3.627068943514478150e+01
-4.467613154933006925e+00 -8.704918338293341051e+00 3.761838909394926844e+01
-4.475830682251219272e+00 -1.137355862449727795e+01 4.201219016576019527e+01
-4.443538230593756744e+00 -1.517730825285001650e+01 4.037285555154537064e+01
-4.563643661092687154e+00 -1.627259553295939298e+01 4.034112689561979437e+01
-6.277687510025775630e+00 -1.881054558918344810e+01 3.406718098750987167e+01
-8.326191533847218551e+00 -2.227945210286805988e+01 3.103674484617411977e+01
-1.169655325534129631e+01 -2.283235441381072661e+01 3.069417982133415279e+01
-1.536203330765970243e+01 -2.344616854694768904e+01 3.243638887721225927e+01
-1.529796049014063719e+01 -2.314272514803264968e+01 3.958312389120987262e+01
-1.623630156371250877e+01 -2.091971256150881686e+01 4.538869214084629533e+01
-1.753207248401847096e+01 -1.761564303944688703e+01 4.500364502329438210e+01
-1.944534218245646429e+01 -1.285862951618878292e+01 3.865725568048385696e+01
-2.072109903998457980e+01 -9.198016172874439178e+00 3.140930768179530475e+01
-2.205190368679215140e+01 -5.845499496314205068e+00 2.729296956059700818e+01
-2.228038517681257957e+01 -7.730696228006702420e+00 3.185164545060164443e+01
-2.236227042421847244e+01 -1.016160251651078816e+01 3.403954625665310374e+01
-2.252688939903961085e+01 -1.285896048736430330e+01 3.378922681259658134e+01
-2.242985820056253843e+01 -1.390288620934174268e+01 3.375641218065843674e+01
-2.222800013394260077e+01 -1.758242306175468528e+01 3.581515127835390899e+01
-2.202233355258819358e+01 -2.139963852396421018e+01 3.220358711390685613e+01
-2.197885431363018682e+01 -2.201927496672064777e+01 3.214068386917618625e+01
