-0.0635947700546,4.96981917744,30.2930443184
1.7901983824,5.08982591314,28.7651651386
3.3173057077,4.98477650252,27.4170874956
5.60007808891,4.99584128715,24.1369598775
7.00697959978,5.00699755726,24.1148208132
9.36695383695,5.18713203567,22.9153857912
10.9035955358,5.34589335109,22.5891531385
12.3768283789,5.61008128351,22.3311666801
13.699415593,5.74227947291,21.8967826079
15.2066752568,5.89547859186,21.8833578691
16.7136388499,6.06379834443,22.8844111245
18.0652543934,6.16049359691,23.9671390781
20.2461657809,6.49657588397,24.8090492306
20.9440760541,6.53770132208,24.7357538228
22.9801557229,6.57536771743,26.1466773994
24.4266246444,6.58264565505,26.8461543155
25.9376246196,6.78864285505,27.1190408235
27.5309127058,6.88292550117,26.791642452
28.9417094445,7.00231015138,None
30.5188341526,7.08275650703,25.6943088058
32.079151301,7.0612357667,25.133390005
33.8000484492,7.11492619988,24.1094083949
34.2812633832,7.16030242091,23.7576340676
34.2764501182,7.52324803518,23.2882936396
34.1659301739,8.67026462251,21.6682627638
34.2736371807,10.0890204222,20.138609118
34.3129579767,11.6909500119,19.1871069032
34.3345222813,13.0566946795,18.7650650399
34.3586578343,14.5109240843,None
34.3285180842,15.0863530597,18.6699187575
34.2859527073,15.5065688549,18.2580894691
34.4202686103,17.1139392235,None
34.5941700289,18.6336100441,18.0273451169
34.6164596576,20.0440108499,17.3902013492
34.7140891119,21.5483802677,16.8695371384
34.7725303261,22.3657435023,16.8263572646
34.7489601866,23.1480013797,16.4874237984
34.9785886535,25.3991494493,15.9604556584
35.0523561565,26.8978647793,16.2279050099
35.1478228452,28.276343964,16.264984014
35.2097420244,29.6178365188,16.3167999426
35.1910877146,31.168368828,15.9836935654
35.4104294124,33.2769943256,13.2872806868
35.4594781933,35.5552927538,11.60958269
35.6083784597,36.3624358884,11.1837595005
35.5828032968,38.1112191605,6.83155892813
35.6891672859,40.3353868727,5.37485557193
35.8539173104,42.1586178562,3.42894484148
35.861153894,43.6078155726,3.44364654931
36.0253829261,45.7145747978,2.04435504252
36.1374102975,47.3375059788,1.42166652488
36.184932902,48.8262784747,0.0759705193505
36.2286365545,50.9190924888,-1.62889407471
36.2907747476,52.4503749428,-2.92650385433
36.4293103084,53.7640729931,-3.73363032179
36.4844019819,55.227713454,-3.83144614702
36.712757152,56.3999803777,-2.32111201977
36.9050834707,57.7562816671,-0.789395560854
37.1385225314,59.8899073117,-0.303261212326
37.1189780366,61.1508862755,-0.169945077471
37.1899805404,61.7502281467,-0.108161648651
37.3837958463,62.8348803928,1.81563922135
37.2883885996,63.9894802992,3.26188231194
37.5424499943,66.1295992257,None
37.4605068378,67.6825714669,3.93417471019
37.5254427523,67.9958150918,3.78969329534
38.850513504,69.1747397802,4.27719384095
39.8720069316,70.1489322421,5.03854955402
40.9958280073,71.1891780513,5.83793206391
41.725205541,71.7649794929,6.88091454777
42.3119678534,72.4660213566,7.12221283883
43.9061351599,72.6068957324,6.73948217241
45.275435784,72.784368634,6.31774296549
46.8050069526,72.9623218527,5.92701946787
49.028728812,72.9812776488,5.71973222138
50.6285618677,73.2593477783,5.52953893697
51.9005464176,73.223871201,5.48217435318
52.4311352756,73.3920456784,4.39468015281
53.9962685993,73.4239734415,3.94782812518
54.7361580686,73.4995844464,3.94558042092
56.9204337554,73.5449242964,4.76010892124
57.9790888763,73.5246337656,5.47595438722
58.9262244975,73.4152325645,6.59605217764
60.6074070227,73.4827220546,None
62.137569683,73.3816822518,8.07314919312
64.2247554831,73.5425709986,None
64.9657143939,73.3923017432,9.98601787771
65.1078267904,72.0557793191,7.33628214655
65.1622795687,70.604416858,6.46988723047
65.3173750981,69.0433876194,5.67731756656
65.4364660655,66.8041167296,4.59393661355
65.6030772099,65.4652864742,2.83514523919
65.7621634825,63.8380841181,2.00313162602
65.9092603442,62.3103474808,None
65.9654285579,60.8026329032,1.58443140053
66.0891052452,59.4390842356,1.58181229609
66.359119436,57.0522504456,2.66921122388
66.419011938,55.8037698717,3.48450292943
66.5075187854,54.3384030927,3.74559553777
66.6735973564,52.9279135072,3.78624352412
66.738528815,51.3346096295,4.20900919717
66.777675325,49.9222720901,4.60209336539
67.0638632331,48.38922462,5.15197282891
67.1900493088,46.7106647922,5.21251427395
66.4355028936,45.5535955946,3.9556755886
65.1119705542,43.6745607837,0.954759720039
63.9426339092,41.7583640816,-0.17665889169
63.1011740098,40.4336300747,-0.430882313465
61.8987876011,38.5281567807,-0.428640463581
61.0481455596,37.4184355803,-1.16322266001
60.3116070573,35.9953453848,-2.15402359816
59.5113246912,34.8095054296,-2.88688741765
58.7602720672,33.5167267217,-3.51455992618
57.9232499483,32.1895356978,-3.75778945625
57.6458386075,31.8575143049,-3.62493431424
56.9901875671,29.983332859,-4.59793802578
56.7476749623,28.4843909098,-4.88231134388
56.2117255483,26.9462489507,-4.30058506192
55.679789469,24.8028687951,-3.86064319025
54.9194197414,22.6932043067,-3.50363240916
54.4254736175,20.6300005566,-2.39609776764
53.7408788464,18.4020576298,-0.568927825734
53.2295631656,16.9486327479,0.59848548318
52.8496259668,15.4617517434,1.48660708688
52.3630236133,13.9205201261,2.45798401425
51.8971250948,11.9177878596,4.0303669109
51.3122188548,9.98388635773,5.65462032231
50.745579211,8.5677859907,6.78239455918
50.1585343001,6.39487718719,9.40616106316
49.7587673317,4.93423815413,11.5595700028
49.406036269,3.42541742171,13.1561357202
48.8518554204,2.06589444657,15.7821323055
48.3017860983,-0.203456922464,17.4601135971
47.8512632751,-1.53111700174,18.8247232982
47.4695802328,-3.04398617309,20.5361093942
46.7934093825,-5.15732309439,23.8413386359
46.4996624451,-6.71591113433,24.8612031583
45.924225825,-8.13336349754,24.9761519914
45.6992418472,-8.99518278337,26.7519600202
45.2924422494,-10.5010659087,28.4655439002
44.4897898085,-12.6516246323,29.6823146891
44.0034423565,-14.0085832377,None
43.7019019683,-15.4358756331,32.076855783
43.2607206642,-16.9395935968,33.197197931
42.7123791319,-18.3929558286,33.5700414176
42.5163924224,-19.0758144992,33.5971474145
42.1072089112,-20.183250443,34.7865949303
41.5125559845,-22.26112245,34.8717958115
40.9728891594,-23.6964183972,34.5249063074
40.5434074454,-25.0729702611,33.9702264569
40.1419852212,-26.018631429,33.7483853575
39.96857814,-26.9735657372,32.8504510342
39.5299829879,-28.4213136448,31.9191548352
39.2110268615,-30.0107666468,31.2594874928
38.6376684682,-32.1936049289,31.662034209
38.2292844074,-33.5535000677,32.6068561056
37.8092099143,-34.9488540449,32.6768610922
37.4053365035,-36.4491573235,None
37.0957862302,-37.7173783234,31.8629849435
37.0243838307,-38.3344645316,31.1570765601
36.7069590745,-39.469687613,30.8978710532
36.3427396482,-40.5286827367,30.1350179433
35.7369548317,-42.7689667944,29.4639346007
35.3514047349,-44.0618275451,29.3503477452
35.0715487646,-45.6996081411,29.1345370291
34.5587149705,-47.0771169733,28.7493191042
34.0489164588,-49.2376581413,28.073329124
33.7113414111,-50.5690641105,27.659695546
33.3805919849,-51.1804920131,27.7588824768
33.3136479224,-51.5387926492,26.7381763265
33.0301261096,-53.0691740594,26.1727839781
32.6664109313,-54.4017275142,None
32.2767332813,-56.018041736,25.8595597731
31.8829791641,-57.300614948,26.0107909919
31.4427936387,-58.7853351537,26.2975916078
31.111328307,-60.4006190122,25.9399462393
30.7583427874,-61.7624637931,25.6544179487
30.2464523947,-63.2288692138,24.9023797278
30.106102242,-64.1695363219,24.7393684181
29.5821428409,-65.715416546,23.6431322219
29.1413007439,-67.8695699012,21.875649845
28.6172777352,-69.3481803397,20.743279455
28.3186697653,-70.6472755973,20.3439294807
28.1714512849,-71.0242771892,20.3051175708
27.1432070342,-71.1623155511,20.1710535955
25.5450654446,-71.2266285099,20.0729523777
23.3207615906,-71.3936981172,20.2479208736
21.7841981939,-71.6097637784,20.5208684485
20.3093859274,-71.6769055125,20.8443300025
18.8443149216,-71.8878654669,20.6381323331
17.3396211949,-71.9784579551,21.0447089196
15.1217514903,-72.3682512652,21.3293908704
13.6709733796,-72.3876193232,21.1205844487
11.9575422164,-72.5665485702,20.066982214
9.88277858769,-72.7892550966,20.0267328098
8.46034852299,-73.0339366153,19.9502643961
6.89947067099,-73.1991246619,19.6910607746
5.45679842573,-73.2267034782,18.0992706285
3.79492850548,-73.3559720324,17.5034049719
2.9294608298,-73.5071021498,17.5536515262
0.924484008029,-73.6195989736,18.2781125435
-1.28707870885,-73.6410132539,19.6613155206
-2.88868554449,-73.8072010828,20.7761270797
-4.29660096984,-73.818925191,21.0820661903
-4.70394075683,-73.8497751665,21.1473135067
-5.996377224,-73.8313175544,21.0918953077
-8.4077160663,-73.7349133114,21.786271475
-9.40322526967,-73.8138087859,22.0073576652
-10.8283743986,-73.7280162168,22.2155701919
-11.191109338,-73.6929045049,22.3307726849
-12.6800622017,-73.6716660454,22.7132351546
-14.8486256914,-73.5884142056,25.1787993488
-16.2813760175,-73.4744257172,None
-17.8195750493,-73.4457381442,27.1483332959
-19.4203251375,-73.3965131819,27.585322293
-20.7101465567,-73.3136651322,27.8335739998
-22.2055335218,-73.0819676963,27.5651961097
-22.7946528333,-73.0676018415,27.3425255914
-24.3322044622,-73.065608831,27.5970824384
-25.7316594433,-73.0143016514,28.2703662698
-28.0573026583,-72.9717958354,28.7586403568
-29.5704639358,-72.8857508762,29.3912243801
-30.8919664202,-72.6709810687,29.743043003
-32.3853057513,-72.6133562035,None
-33.4447965805,-72.6768962697,29.7529639514
-33.7696880498,-72.6132439616,29.7323593571
-35.0405453281,-72.5631102798,29.094513797
-37.1340607773,-72.3382563248,29.574463021
-38.6798840196,-72.344585261,29.8454376653
-40.2112273325,-72.2408747079,None
-41.7399063165,-72.093837957,30.6321654287
-43.8678127457,-72.030789543,32.1551357814
-45.3052142079,-71.9998868129,32.4180078685
-45.6597957049,-71.954852524,32.7349630894
-47.0533873317,-71.8637341619,33.3094989926
-48.505148595,-71.8753727029,33.8082829872
-49.9902661991,-71.7978972911,33.5986434195
-51.4057159253,-71.6442845517,33.0150829621
-52.8584666762,-71.649850929,32.4344815061
-54.5083369757,-71.4442970658,32.3929498283
-55.9229468231,-71.3364198149,32.526766866
-56.87763583,-71.2869863299,32.449417435
-57.8651470126,-71.3372207174,None
-59.4251716086,-71.1705324781,33.6931279974
-60.5494699859,-71.0982354187,33.7583511836
-62.7898898557,-70.969853049,33.4699942069
-64.3785164254,-70.8852068019,32.4840070531
-65.8750660818,-70.786220012,32.1376100492
-67.23876391,-70.8473484965,32.0377750698
-68.7980714466,-70.6874691893,31.4029349792
-69.0902651172,-69.6942678623,33.0268054895
-69.3807459652,-67.7085743412,33.6863992872
-69.5164089615,-66.1677705707,34.273131856
-69.9164158361,-63.7769868052,34.4919390502
-70.2217887494,-61.6656497301,34.7739816109
-70.4430145365,-60.1117061171,34.546575129
-70.7645802861,-58.7483478953,34.4432444698
-71.0108744529,-57.1128632822,34.6025882132
-71.2919667274,-54.8850003013,34.2479086979
-71.4064176373,-53.3650693369,33.4060972305
-71.682611585,-51.9297057709,32.8446056431
-71.9700975414,-50.460975341,32.2166972312
-72.1724879197,-48.8875600504,31.7927362444
-72.3326618339,-47.5778256671,31.6916484601
-72.6038282181,-46.345752739,31.4956770175
-72.3953932347,-44.8150235059,31.6000645694
-72.344105852,-43.3061438136,31.9535560049
-72.0440079053,-40.9582979589,32.4023107816
-71.90742668,-39.6267906826,32.7664065356
-71.2649504609,-38.9207790207,34.1699587224
-70.2418091119,-37.8788282353,35.2035337264
-68.599258069,-36.1959892527,36.0333877192
-67.5950669965,-35.2679843022,36.6024617966
-66.5171349687,-34.1880663459,36.4362845464
-65.5653331071,-33.1461917971,36.3845839321
-64.3904584997,-32.0087569025,36.1274184612
-63.2976135546,-31.0385705133,36.0121072601
-62.2111356295,-29.8647071837,36.0417202533
-62.0126934696,-29.6357905561,37.2718979419
-59.7431111258,-29.1911609086,38.7209719616
-58.2486417692,-28.6785232428,40.0963806427
-56.9034792434,-28.3043242913,41.1732366569
-55.4209509449,-28.0633050931,42.3650995308
-54.124272812,-27.6333685216,43.3822795078
-52.5100970713,-27.2728507214,44.053979506
-51.1975259515,-27.0107675236,45.023696252
-50.0742804446,-26.5618044374,45.0524439185
-49.5053389816,-25.3288943829,None
-49.1495816592,-23.8582471898,44.85372405
-48.5047138276,-21.5724521154,43.8069784123
-48.0973194024,-20.1197229689,43.9992897511
-47.3786380066,-17.9638800109,None
-47.1023558474,-16.5965303536,43.1879290462
-46.5796232463,-15.0960477295,42.1096405916
-46.0018737674,-13.0708545766,40.6835906613
-45.5810783771,-11.6819112832,39.0509025164
-45.1075757433,-10.359998299,36.7621937832
-44.6873620046,-8.70762731996,32.7747846871
-44.1397091097,-6.72021214318,30.8394817806
-43.7949251514,-5.26021054103,30.0176727296
-43.2717336142,-3.72205618378,29.6894653995
-42.7692193605,-2.31094067854,29.9905483136
-42.3735312361,-1.06360011694,30.0438771504
-41.7812700962,1.16836249537,29.6237976982
-41.1203087215,3.36917573982,30.152335931
-40.6114019298,5.01593659388,30.8923433304
-40.5760276094,5.87169808307,31.4544228024
-40.6643500715,7.39903722858,31.8769737083
-40.4990353802,9.66442428807,32.182721158
-40.5002396747,11.2711071461,31.9448995588
-40.4153110303,12.6337791849,31.7680252974
-40.3175091621,15.0038153398,31.3041749583
-40.2895920967,16.4284892266,31.4104977463
-40.2049785336,18.0316648733,31.2249950078
-40.1975399336,19.6025465071,30.7002457095
-40.0191465176,21.754433118,30.0274547547
-39.9290210509,23.2363162425,None
-39.8855846445,24.7076158985,28.662229349
-39.8775195153,26.9905151035,27.7190341946
-39.7942025745,28.4196824874,26.8659712112
-39.6633141371,30.0136745975,26.2394911299
-39.5657274787,31.5952813045,26.0790638072
-39.5243938423,33.1396224558,None
-39.5799704992,34.5128082684,26.4605517892
-39.4853867825,36.0822006509,26.3785470793
-39.3975090578,38.4057028961,25.9775496054
-39.1998553768,40.6205184107,25.8359815418
-39.2650130364,42.0981837995,26.2861229239
-39.0788951408,43.5255958596,26.6624008016
-39.1539640998,45.152649908,27.4311060927
-39.0602025684,47.3353472453,28.1806410842
-38.8687079927,48.8384250679,27.9495669348
-38.8109296798,51.0795753075,27.8989532154
-38.8192871275,52.6461724375,27.360381611
-38.6891699152,54.2058149196,26.262252713
-38.6782145679,55.652417878,25.7924191591
-38.4772614229,57.1727756851,25.4211331413
-38.5225411688,59.3247152067,26.0117581729
-38.349708733,60.8710603246,26.3672852674
-38.3501565281,62.5168522005,26.9223734254
-38.3672048355,63.9263421389,None
-38.1438641378,65.5210439983,27.3226894443
-38.2564116989,66.727194721,27.2269469869
-38.1526784053,68.8897137034,26.2940559541
-38.0968121574,70.2574819315,25.7599351046
-37.923048014,71.5627064187,25.9886057011
-38.0330118216,71.9178904576,26.1276052744
-39.7454590873,72.0625227944,24.5396432848
-42.089158113,72.0636938992,25.1936721607
-43.5134789825,72.2457571343,25.682873765
-45.7175447061,72.2700862144,26.2160456062
-47.352469438,72.3389618991,27.0274679324
-48.7418995708,72.4761697226,27.8228838783
-50.3324487547,72.5258047909,28.6261886634
-51.6702257208,72.4899287267,29.876255432
-53.3569446997,72.6162543602,30.2084038305
-54.85994677,72.6547640356,28.9459413911
-57.0744024156,72.8435312363,28.4673317708
-58.6242495811,72.9597413137,None
-60.0652080294,72.9950260778,28.3460309324
-62.308768639,73.0160058344,None
-63.7156985501,73.1402911256,27.0894425782
-64.9982358319,73.2831757202,26.7725479647
-62.945569257,71.8541110609,27.64214162
-61.7766588769,71.0638594119,27.5016529102
-59.8200568993,69.6188919912,None
-58.7410668225,68.784420202,27.8771812856
-57.3873501854,67.8464916153,28.9058651583
-55.5136152947,66.6722132026,27.9583150874
-54.3062319186,65.7319072314,26.9813565476
-53.1033857882,64.9240339932,25.705306471
-51.220118269,63.7082517983,25.3710905314
-50.0362480209,62.7292908799,25.2945297393
-48.6545969851,62.0627471017,25.0592551278
-47.4088915495,61.1753903496,24.8192192978
-45.5407699856,59.7231475333,24.4161617183
-44.4844035207,58.8856094318,23.8946452772
-43.1486507971,58.1069771513,24.3594140962
-41.9862002661,57.2721589643,25.1605862762
-40.5716113404,56.4075271495,26.1179690065
-39.4866362809,55.5143101097,None
-38.1365232453,54.7350181341,27.0158732552
-36.262711947,53.4049460127,28.242874737
-34.4121013335,52.0522637791,27.7993521019
-32.5651411181,50.8509585875,26.4587511541
-30.7874372062,49.4513662016,26.8486689585
-29.6179393815,48.6313226153,27.7133226476
-28.2897513063,47.7128272138,28.425350786
-26.4662367932,46.6052203617,None
-25.2497965882,45.7265871181,29.7019357733
-23.9978994047,44.7440173919,29.8939796008
-22.7273170263,43.9198904083,31.1593565089
-21.4700703237,43.0337163225,31.7746487675
-20.1428397537,42.207699333,None
-18.957674013,41.331617433,32.4528562029
-17.1319739459,40.1743334058,31.9423207541
-15.2863747432,38.7342705311,31.6982446594
-13.4010101789,37.6143556669,31.3319089149
-12.1640671212,36.5614297238,30.5443572701
-10.3290355607,35.3343697693,29.7458896255
-9.11077144354,34.5973654342,28.8396491012
-7.83941012403,33.6816316465,28.0310904452
-6.62532273123,32.7881709853,27.475203733
-5.2973840329,31.9564695654,26.6565726009
-4.20242760529,31.0157951182,None
-2.96480044393,30.2790693221,24.8738949646
-1.59973248973,29.355000339,22.974989418
-0.388526947623,28.4522053282,21.3025010775
0.796054271499,27.6063086934,20.9024680514
2.03759644567,26.8016591355,20.9843309431
3.40741825181,25.9911588416,None
4.60484359168,25.1011760631,20.2260442696
5.80537522786,24.2020257449,18.8813947489
7.05615213954,23.3943907587,17.7993168204
8.23349025631,22.5162737194,17.0993619671
9.60294617771,21.6553285465,None
10.7948863023,20.8859333368,17.1284376544
11.9604923092,20.0161922443,17.2868371364
13.2956864686,19.0838340585,17.7745816474
14.5653614147,18.184702471,17.6726366748
15.6551975234,17.2568830639,17.1830592047
17.6462976556,15.9915176688,16.5780014765
19.3442134017,14.6977582251,17.3406984956
20.7365479571,14.0209042858,18.3112279351
22.5684053559,12.6507682152,19.3523243239
24.4290284648,11.3367912095,23.8686880309
26.2129708221,10.0547421675,24.6586184706
27.4955121719,9.1915143126,None
28.6905313606,8.35460053816,25.5115532167
30.5313457948,7.13465070189,26.1637963914
31.7670549414,6.26310923005,25.9078002892
33.0850154391,5.42687710784,25.1907855184
35.0040054329,4.13780002763,24.4988046206
36.7516070241,2.74995984728,23.7962475588
37.9512379668,1.85608031262,None
39.2404216904,0.963318719591,22.7795049542
40.4768325784,0.165358979943,21.7909086334
41.7827999797,-0.701401024746,21.1255402719
42.9697188394,-1.61758223247,21.2427725554
44.3525728847,-2.32122435875,None
45.4876036091,-3.32563921719,21.3692810838
47.2517766498,-4.61673951777,21.4736490789
48.5674075592,-5.38532115875,21.4077243095
49.8491746504,-6.16455570174,20.9923476251
51.1388416951,-7.00685546921,20.1182762199
52.2039944787,-7.90721574098,19.1679941519
53.5953151536,-8.87218537226,18.024822068
55.4452192472,-10.1410296189,17.082584849
56.6123094061,-10.9452061825,15.5231866941
57.8311836658,-11.7325426594,14.3781858879
59.0907890482,-12.7633730313,13.3770978669
60.2669651405,-13.5557898655,13.1716470424
62.2455501843,-14.7766852519,13.4097233308
64.0651400699,-16.0232972847,14.718567227
65.3889505883,-17.0462119904,15.667929311
67.1652666961,-18.2526659783,16.2164287319
68.3331538436,-19.1290124323,15.6082431329
69.568096985,-19.8729097664,15.3612844751
70.9002982358,-20.8189263809,15.1441504432
72.3960437977,-21.7311473042,15.2133804865
