3.026405032430430353e+00 2.448332744668298144e-02 3.157217625518413584e+01
5.819658805889003972e+00 -1.615511057694167529e-02 2.848336094135063590e+01
9.619462732576760544e+00 7.599548389818869265e-03 2.624784944975500522e+01
1.202204513604317171e+01 -8.559992155748685771e-02 2.744604730900367429e+01
1.243620703002357786e+01 -3.237096699920211790e-02 2.782388883176712469e+01
1.596209679563800954e+01 5.334236228544261271e-01 3.051591947500565993e+01
1.817177604206765196e+01 9.432076339613031379e-01 3.020398988522913442e+01
2.027208606005882885e+01 1.263264062722089021e+00 2.407807467857352535e+01
2.392855060959769631e+01 1.858938792172286192e+00 2.054788829076712275e+01
2.891395450566433567e+01 2.705077565927858085e+00 1.726557844600291602e+01
3.138653396265832285e+01 2.970835324396577271e+00 1.072758933322085184e+01
3.376857758722949399e+01 3.442497376358791605e+00 6.955804924701023850e+00
3.626918220716725472e+01 3.679316614625890214e+00 3.663828135746693526e+00
3.856571581837432205e+01 4.116524616451108010e+00 2.776896593017445181e+00
3.950697706978760237e+01 6.318595947339762375e+00 1.479572609029461194e+00
4.093045298705622059e+01 9.818471443664757103e+00 1.397610778156129219e-01
4.181852658991054028e+01 1.232802190958311783e+01 -1.089337797107230887e+00
4.306980732234544007e+01 1.549617399898122549e+01 -1.000380198066516790e+00
4.401369950677224807e+01 1.793900545977804128e+01 -2.519163092336834109e-01
4.487914778189566078e+01 2.035808181204117062e+01 1.162308286509333266e+00
4.577085286635750094e+01 2.253547258011576560e+01 2.888904017481668696e+00
4.660276263972321686e+01 2.495744378314693890e+01 5.302313237854180628e+00
4.741664719805426387e+01 2.745271872447501238e+01 7.116628678558709176e+00
4.818401040524258150e+01 2.926039520288684770e+01 8.057835908086595111e+00
4.835430982119276422e+01 3.002008359132882021e+01 7.999183397789718875e+00
4.835336249963891930e+01 3.205348621800745690e+01 6.853762363517287071e+00
4.857078649710684459e+01 3.468523069304796991e+01 6.220998029970537857e+00
4.862855703713234590e+01 3.727749458494847090e+01 6.138633923825891792e+00
4.870537921143418458e+01 3.783752873381642701e+01 6.831526710915623468e+00
4.871028451319777020e+01 3.964929739814710530e+01 8.398049729628910498e+00
4.868998505421643586e+01 4.360091958935892364e+01 1.248332295226045474e+01
4.859108702516974176e+01 4.604890999846848132e+01 1.273078542205333896e+01
4.870615659227189553e+01 4.637146188273438696e+01 1.274790097121672616e+01
4.474809060722664356e+01 4.729453765218318040e+01 9.851725371984716872e+00
4.101095150978660797e+01 4.811750696463182209e+01 7.612282850879968699e+00
4.017566238360253550e+01 4.823169119162456298e+01 5.616113205804043496e+00
3.751974594178767575e+01 4.833482826906438135e+01 4.177376948494951669e+00
3.389027755741946635e+01 4.853695598335733763e+01 5.382368175822285217e+00
3.304370389889760418e+01 4.845208599977767250e+01 5.324791567160525929e+00
3.410391345848095312e+01 4.691039221256639280e+01 1.139946743212744140e+00
3.542875495125597496e+01 4.477467576989314324e+01 -2.592243185884118839e-01
3.768343964191466000e+01 4.163749639592922591e+01 -9.509956516686792760e-01
3.604329921992435715e+01 4.240653061720664851e+01 2.041716218090613988e-01
3.374446207120475805e+01 4.356712848545734573e+01 2.334638014621746915e+00
3.036409080635830904e+01 4.534390107485686627e+01 4.151269456194010665e+00
2.790228716862428016e+01 4.646863137247817832e+01 6.181617975705152368e+00
2.605598595278606666e+01 4.750607081168612922e+01 6.944527690146502508e+00
2.541590431825595786e+01 4.759411602937472452e+01 7.782270067628317634e+00
2.298042453410041475e+01 4.780720265788177414e+01 8.340747352299503703e+00
2.023498702876444710e+01 4.818072693689067876e+01 8.874681135967305678e+00
1.800659938893505085e+01 4.828451083371856356e+01 8.819909908440767055e+00
1.722172566351007816e+01 4.830751996422343097e+01 9.437970209014903133e+00
1.363008062326067638e+01 4.858715656968742280e+01 1.155247092696339806e+01
1.006553618464874233e+01 4.877922070786110709e+01 1.122974529321249548e+01
6.587346439107443885e+00 4.877822689034653791e+01 1.216617867585376978e+01
4.190598445221544566e+00 4.863881984238292944e+01 1.047668013815775545e+01
5.919123940216939328e-01 4.874012555344886266e+01 7.899694060233064974e+00
-3.213447520222969089e+00 4.858711310747425927e+01 7.536579809666484664e+00
-5.925791817339673528e+00 4.871451327495824302e+01 1.041303831489760157e+01
-8.898573143377253913e+00 4.863808814431357774e+01 1.288661634009269186e+01
-1.034327321626310692e+01 4.871673431125301335e+01 1.572279075723911212e+01
-1.415105148027675241e+01 4.860383484776318141e+01 1.811176614014352282e+01
-1.611322264754985412e+01 4.852128901454256038e+01 1.805956389825021091e+01
-1.888034507714009180e+01 4.871329012683519721e+01 2.426453755409160706e+01
-2.263395657265905214e+01 4.853052511824335369e+01 2.593205108813509341e+01
-2.599051961860255133e+01 4.860106352422226905e+01 2.597215704482988841e+01
-2.843994088750201499e+01 4.864240379930273406e+01 2.691081418637917722e+01
-3.088007038538469828e+01 4.858037456669542564e+01 2.882147648082636593e+01
-3.348564349659687878e+01 4.858604865122739369e+01 2.968013322441123591e+01
-3.664953351766320822e+01 4.853292153938075870e+01 2.864214584704032518e+01
-4.022582644303767552e+01 4.852879154656834260e+01 2.788012802278298707e+01
-4.170126623692084422e+01 4.774541526928231150e+01 2.640086578044096299e+01
-4.485133110350708563e+01 4.590180681112231298e+01 2.618001249328010260e+01
-4.687586543942492767e+01 4.461783695618741774e+01 2.615600889638485782e+01
-4.729230772636124414e+01 4.451570922860129542e+01 2.621158662503040659e+01
-4.793396867422362817e+01 4.056585602208662777e+01 2.434979824538421767e+01
-4.844556926467885205e+01 3.799755246907170658e+01 2.198225820939114072e+01
-4.856740991707695088e+01 3.686606762421239125e+01 2.200182941731768338e+01
-4.855968787862167346e+01 3.827748156450169859e+01 2.526766283710828276e+01
-4.832718069137899164e+01 4.310032681563085788e+01 2.634474150354067490e+01
-4.814626219379081107e+01 4.540521677784484922e+01 2.470638409680138992e+01
-4.789228472584743201e+01 4.707252378723908492e+01 2.443326857103604510e+01
-4.613519715059778292e+01 4.532043772769110745e+01 2.667698368560191469e+01
-4.312248787132531902e+01 4.279121144418269296e+01 2.594504142800927937e+01
-4.140828469987688010e+01 4.136304103527461251e+01 2.585764248830816214e+01
-4.116265171424998215e+01 4.112798041695479156e+01 2.587925233507803569e+01
-3.967659640509651098e+01 4.162592599700931117e+01 2.678886676345600293e+01
-3.709659339592410987e+01 4.237641966093007539e+01 2.713438957515078798e+01
-3.478317588316527065e+01 4.313123327770177440e+01 2.702872046972362341e+01
-3.357036402867170466e+01 4.337947087968660753e+01 2.709993314506465012e+01
-3.597826384295448321e+01 4.066134163699518211e+01 2.381777017562109577e+01
-3.759436421130801875e+01 3.900436678039815064e+01 2.288072744982889617e+01
-3.887715446781639628e+01 3.725754554571095412e+01 2.222102508665438947e+01
-4.058549968169589306e+01 3.542836608780427810e+01 2.070549149068551031e+01
-4.240371235915734616e+01 3.324354582958567050e+01 2.002644939598404150e+01
-4.334708817000789338e+01 3.213795273746764991e+01 1.895745312224437384e+01
-4.500629789193282448e+01 3.021501223161449445e+01 1.742780542961729751e+01
-4.664922834013128039e+01 2.827737079355243566e+01 1.672070115701309589e+01
-4.702891314216633134e+01 2.663713899112164540e+01 1.741607295065318795e+01
-4.808626178794111183e+01 2.199864871978092395e+01 1.663713814996083329e+01
-4.833823853959361116e+01 2.046677893754033306e+01 1.646334255157540127e+01
-4.827382132361979217e+01 2.011799034370245920e+01 1.614491084075257987e+01
-4.853952587219775694e+01 1.637600006991656088e+01 1.740541174078649789e+01
-4.857180088006775520e+01 1.409970120516108771e+01 1.799228319893870420e+01
-4.874304407431139907e+01 1.202155634568402043e+01 1.890902812550696765e+01
-4.887161060945567215e+01 8.460939034633057076e+00 2.074979101472713339e+01
-4.877597790197213357e+01 8.104643631286823080e+00 2.074538022994249076e+01
-4.842821646516488698e+01 8.492793091680521655e+00 1.963848877560699790e+01
-4.698097227069852977e+01 1.012291218288594230e+01 1.971693369654528283e+01
-4.594919765240741327e+01 1.139797705084474799e+01 2.037196203610660916e+01
-4.325839929685493956e+01 1.437457315670610747e+01 2.139707292105662972e+01
-4.169595270277877574e+01 1.617281916551088727e+01 2.073708681028327661e+01
-3.990903876600617650e+01 1.804540372386389535e+01 2.089582692626935767e+01
-3.825399117642403723e+01 2.002864231715881971e+01 2.168638213021365502e+01
-3.507275212733733127e+01 2.363726011841537300e+01 2.287463570597578766e+01
-3.338428031811389474e+01 2.540121517918640848e+01 2.412389974571392770e+01
-3.187146767385068458e+01 2.745813720114118794e+01 2.548872557890101831e+01
-3.067547983524013588e+01 2.846344383088960583e+01 2.598404174089085217e+01
-3.025204170869630715e+01 2.899359437979082799e+01 2.720186706570805768e+01
-2.711036673729468660e+01 3.118654574678715363e+01 2.785949400141377197e+01
-2.299845716412113106e+01 3.404656732592190593e+01 2.719024065698740955e+01
-2.097607529553468808e+01 3.538012653117320383e+01 2.632008010586313773e+01
-1.896074340368418731e+01 3.682723841829271549e+01 2.482591632208014687e+01
-1.646646247946429398e+01 3.868246387899866789e+01 2.310955466177956197e+01
-1.355480232271179908e+01 4.072710498871943940e+01 1.726089942103073227e+01
-1.320298342515834733e+01 4.108690264075401188e+01 1.714627550385399246e+01
-1.181132581630830103e+01 4.096168953241573973e+01 1.105304970934104780e+01
-9.367206606303849270e+00 4.098259544056554660e+01 7.727892518525015575e+00
-6.852083367418100757e+00 4.092862361061631304e+01 6.728196553775796396e+00
-4.474887211685214083e+00 4.100876385023423865e+01 6.412267839720866114e+00
-2.027347379133458194e+00 4.095881906103241477e+01 6.538606453630262827e+00
2.929906187141274820e+00 4.082014588594701365e+01 7.732833823398844508e+00
5.209438215100042235e+00 4.077507222902809758e+01 7.898322420472784877e+00
7.817395991605279981e+00 4.075214937195421072e+01 7.853768093022468477e+00
1.033710523965722139e+01 4.075883658279004607e+01 7.681130054186337652e+00
1.241626934515451275e+01 4.083253374652495182e+01 7.628234803783430884e+00
1.289964288969072292e+01 4.029976356887232924e+01 7.474969105549943649e+00
1.580054907311608581e+01 3.779019032243638776e+01 4.120660986653674307e+00
1.756435653293356580e+01 3.613881344007202756e+01 2.033844973671868672e+00
2.028052382199012271e+01 3.370718818457297772e+01 1.167203820910098999e+00
2.227914886279366868e+01 3.187875684469113580e+01 1.926352333385349835e+00
2.493110170474015064e+01 2.947416778508940638e+01 2.911078959402974231e+00
2.730684597336181341e+01 2.741968193140081667e+01 4.496716762228434305e+00
2.878048058363430073e+01 2.610218257740419290e+01 4.521239692227105422e+00
2.740903948111874300e+01 2.551718213671643909e+01 8.529674821734680279e+00
2.518445185857268243e+01 2.453735372705801510e+01 1.071814749819624524e+01
2.044896650599386589e+01 2.278305185490637541e+01 1.176338260825277438e+01
1.688855317041399218e+01 2.120639179678157049e+01 1.498436595427872575e+01
1.445023974772034947e+01 2.031218361383017523e+01 1.629490420980158660e+01
1.219897677303799455e+01 1.929312452242740150e+01 1.657304407686854475e+01
1.032794100501764056e+01 1.863096424852689026e+01 1.664430082897221652e+01
1.150286553857132965e+01 1.620751817522524263e+01 1.698461996140697750e+01
1.254534296840989249e+01 1.377146124389744131e+01 1.739825333009215313e+01
1.412709184967687115e+01 1.033882478896340551e+01 1.854984583622161054e+01
1.505433359235555457e+01 8.229179647887223226e+00 2.122283133986971393e+01
1.648858997666123472e+01 4.734936437922538488e+00 2.852731578928980483e+01
1.745244784810584093e+01 2.699334543961644961e+00 3.017798821435360068e+01
1.841798995670945160e+01 3.549061804920009555e-01 3.189519778452967458e+01
2.044282640229413417e+01 -4.274498816570796222e+00 3.382641678883943825e+01
2.142517538238051245e+01 -6.285202858371947698e+00 3.409186544115058837e+01
2.254414451702263733e+01 -8.835161114822039252e+00 3.445269769987515929e+01
