-3.005771200477395766e+00 -4.732613081856323206e-02 3.244369078664799844e+01
-3.521155204845794806e+00 3.517754161165163179e-02 3.504771601655208002e+01
-6.040311230745311732e+00 7.858495210154550770e-02 3.623083940925117474e+01
-8.515353144139995223e+00 7.165461027240190017e-02 3.564434444867259089e+01
-1.098645762757590028e+01 8.906873133368305162e-02 3.457299423615979350e+01
-1.248373092516505523e+01 4.841120717425345665e-02 3.167878010393506472e+01
-1.488415700252209639e+01 7.673979119907205215e-02 3.079056542137500330e+01
-1.752074327944675503e+01 -1.513165978844902004e-02 3.089893787921851853e+01
-1.895397742990999745e+01 1.694937975788991524e-01 3.098237518349348107e+01
-2.116289861604828815e+01 -3.287339695039765974e+00 2.813963757354965622e+01
-2.235193681785722575e+01 -5.311157939561359065e+00 2.622252205056479823e+01
-2.283159941040095120e+01 -6.082523988370255097e+00 2.624333596639540644e+01
-2.316868932950391624e+01 -9.828337392349638435e+00 3.144190725819356658e+01
-2.362907960664491824e+01 -1.322301054877239679e+01 3.148235022666117544e+01
-2.346441406590008683e+01 -1.832467477424754421e+01 3.220649922533255705e+01
-2.325013082766719563e+01 -2.087980343670433925e+01 3.042080850931721869e+01
-2.316557758525356547e+01 -2.118386591513356976e+01 3.005664499306759652e+01
-2.030798025371173310e+01 -2.219868409510347007e+01 3.527830678454433411e+01
-1.784098139589888632e+01 -2.276182546613424407e+01 3.307093023914279684e+01
-1.552377501466253307e+01 -2.341138444028395682e+01 3.250758247148931446e+01
-1.361381542943210476e+01 -2.352271486359991215e+01 2.922747573845688862e+01
-1.108996038342423418e+01 -2.367557698213200368e+01 2.896188970537269114e+01
-8.725109014970735544e+00 -2.384094491710941810e+01 2.768564261908910495e+01
-5.576726801031183456e+00 -2.378134437199561546e+01 2.584768936502290515e+01
-3.128106410612794264e+00 -2.380548186759585150e+01 2.211331072825596777e+01
-7.328972715918282699e-01 -2.385690913062987306e+01 2.001338885470553919e+01
1.567649133013882423e+00 -2.373411202001090814e+01 1.917737977227124446e+01
4.243107739066125816e+00 -2.367186371158437908e+01 2.040974406530444796e+01
6.780522609302061632e+00 -2.337218509668555555e+01 1.932266012321125359e+01
7.189726333450177975e+00 -2.351294118824507606e+01 1.909210991125042511e+01
8.808190049831136292e+00 -2.336511068450936435e+01 1.916681269299245116e+01
1.126303199819742495e+01 -2.310275458708009566e+01 2.207234840558534472e+01
1.477078112209365024e+01 -2.288243082740934042e+01 1.724371247044361155e+01
1.605874313496529737e+01 -2.236548845368541194e+01 1.730903562798403428e+01
1.848222671719952714e+01 -2.131500524307272926e+01 1.744062313173714429e+01
2.090867937202611770e+01 -2.014924912029194104e+01 1.570513214764666365e+01
2.203686609481942682e+01 -1.966535207266553442e+01 1.577773529626955629e+01
2.227182774620056094e+01 -1.926034622357843062e+01 1.527567459961512952e+01
2.271949253150423687e+01 -1.687678334348797549e+01 1.525278730381492132e+01
2.324467853693612440e+01 -1.446766609086595956e+01 1.526500429619395938e+01
2.369051175760127137e+01 -1.258826458055607311e+01 1.539079280748409673e+01
2.353373081784355847e+01 -1.224810981098724127e+01 1.596838238421525347e+01
2.337864354627037144e+01 -8.369661278560425188e+00 1.614879424956360765e+01
2.342016159073986259e+01 -6.464779013805819652e+00 1.547990841069110957e+01
2.201002851078627387e+01 -9.701166893675273073e+00 1.762853685873520604e+01
2.111583823139930871e+01 -1.185498183932300620e+01 1.554704939656902063e+01
2.022071356028225608e+01 -1.406701015065885940e+01 1.561605668009120862e+01
1.952566746197708980e+01 -1.559473227651823812e+01 1.557115626363319905e+01
1.946599135184023410e+01 -1.630621732830620374e+01 1.482193831952986862e+01
1.842308048551100086e+01 -2.004723768264665651e+01 1.708941167763398639e+01
1.806319116013301240e+01 -2.178516318186662915e+01 1.737796319226518094e+01
1.743375147939018888e+01 -2.188127169242971704e+01 1.814001547801134961e+01
1.355445506562712410e+01 -2.166949898081180947e+01 2.231061412609502526e+01
1.102722365649352199e+01 -2.162468641357545707e+01 2.323086147112902822e+01
1.050760313361437781e+01 -2.172728835249580115e+01 2.332886245525141788e+01
7.744485533238344210e+00 -2.168889901972698553e+01 2.187616749919512671e+01
3.935696654000935713e+00 -2.171015093056582401e+01 2.257464011985200969e+01
3.002072733813287986e+00 -2.153551991100665219e+01 2.273265074711515510e+01
1.950448766565825887e+00 -2.171772891338555667e+01 2.096635871532873452e+01
-6.148708186911190365e-01 -2.186876533408099732e+01 2.244642118722811119e+01
-3.094589660138454157e+00 -2.195240021175779788e+01 2.552430809948761237e+01
-4.040228393791605477e+00 -2.219670068750045999e+01 2.556848666534048320e+01
-4.379580149504348263e+00 -2.208515288566737667e+01 2.867780938259088330e+01
-6.985372856954933596e+00 -2.214454849265333891e+01 3.145019913605538520e+01
-1.044103286583879786e+01 -2.207378126817188502e+01 3.142232250966658569e+01
-1.105650498492162015e+01 -2.191971374676061401e+01 3.145337350298712309e+01
-1.353217238714643145e+01 -2.111409407587677123e+01 3.696100781130834179e+01
-1.593579644770840531e+01 -2.036700506753028606e+01 4.226803049736491857e+01
-1.811334315571390974e+01 -1.968126101047288046e+01 4.231373017615449328e+01
-1.831930569922689500e+01 -1.906670775877775625e+01 4.331823482832488281e+01
-1.902577694180561707e+01 -1.658118261364749557e+01 4.489927620425194732e+01
-1.990649889399517392e+01 -1.298547769892922332e+01 3.819119254305544331e+01
-2.017170189825927196e+01 -1.189540893151910339e+01 3.817572810443578391e+01
-1.943333764104126615e+01 -1.183576142618985827e+01 4.177478892391630438e+01
-1.675590561293559944e+01 -1.203671447608588885e+01 4.605234097197246967e+01
-1.331825865220149119e+01 -1.233284002771624444e+01 4.645126606376161504e+01
-1.195253183058653867e+01 -1.225477226370630213e+01 4.740897594686253314e+01
-1.032385027175203263e+01 -1.341077735703900942e+01 4.776513186973704705e+01
-6.184391216437067129e+00 -1.626374479018249275e+01 4.365232460763471067e+01
-3.567225529260020345e+00 -1.638225521886041847e+01 3.386984925935560398e+01
-1.167375788304870543e+00 -1.650034473194535423e+01 2.814107873158575757e+01
1.269692392527815406e+00 -1.672698480830808165e+01 2.481689981990301774e+01
1.833871948305786370e+00 -1.661991466837422848e+01 2.486891824862117417e+01
2.952659261180474282e+00 -1.665847128771573082e+01 2.337662603521172144e+01
6.869222862106965977e+00 -1.705589231372136183e+01 2.767341698755397772e+01
9.147888382361085036e+00 -1.716372589618014644e+01 2.746855299168993625e+01
1.066016133986611614e+01 -1.766620999072436859e+01 2.374923030891940456e+01
1.414281066496693207e+01 -1.911795221814465151e+01 2.051502781850279789e+01
1.647980950176856751e+01 -1.999678464120952626e+01 1.715788192751991659e+01
2.058357180033832279e+01 -2.152928749858757840e+01 1.735434171167170447e+01
2.131530169187270829e+01 -2.172389239996079624e+01 1.750902620151182632e+01
1.956001532095513795e+01 -1.989227388997783663e+01 1.670727803273492285e+01
1.782082634747388283e+01 -1.820710918132398959e+01 1.641394131487896502e+01
1.627067694033967626e+01 -1.633728284672254105e+01 2.295299470696149768e+01
1.443177375405241314e+01 -1.456741297357564235e+01 2.593624626349747686e+01
1.397674020357108837e+01 -1.396637695231871135e+01 2.605749179125638193e+01
1.400880504395094484e+01 -1.335876941937909557e+01 2.734115756974613376e+01
1.440479323373142329e+01 -9.785063013879558014e+00 3.125240466807056094e+01
1.457381789765020308e+01 -7.446614191970868823e+00 3.289694729413238861e+01
1.464588703901129030e+01 -6.618420164233404179e+00 3.290992910273577365e+01
1.532347740043550388e+01 -2.713786587271874495e+00 2.332691248179165910e+01
1.560926039200019844e+01 -1.181633765918937984e-01 1.637823679539391009e+01
1.602213224417711146e+01 2.309758980171224607e+00 8.020962007018546558e+00
1.645016589459913092e+01 3.256329711555754347e+00 2.373779544772614436e+00
1.733166982575120230e+01 5.330659010080093907e+00 -3.522886924650291185e+00
1.888674515296481005e+01 8.809500082073888905e+00 -3.559528520390878192e+00
1.929022123736077177e+01 9.694737706446987957e+00 -3.677930398940607137e+00
2.164632026252467512e+01 1.573303426591304977e+01 4.472745637203122016e+00
2.302541089346829395e+01 1.928863312520535800e+01 6.806821402649077868e+00
2.332337130617153065e+01 2.006416845234926782e+01 6.803026909256774779e+00
2.074456049826902060e+01 1.989635738504934537e+01 1.778249036391126747e+00
1.807810671157444204e+01 1.986519078443473418e+01 -2.824506593552609246e+00
1.566037604145748219e+01 1.988599464008803963e+01 -2.154948985098660508e+00
1.507531012343506838e+01 1.981107598725643726e+01 -1.916542242986436051e+00
