3.060540311119834822e+00 5.197629946051926519e-02 2.673490533034085104e+01
4.258765082085505860e+00 1.490776693799895913e-02 2.868450168006185663e+01
6.743996918933214957e+00 7.105994157103684428e-02 3.067867965427331001e+01
9.283243201951442813e+00 9.981588321443696232e-02 2.639038619514822059e+01
1.160484335027995506e+01 -1.072316346534722686e-02 2.513312296434012438e+01
1.222910700451096133e+01 -5.002496124812183531e-02 1.830779787055425345e+01
1.584006948103810508e+01 -5.658087897286506046e-02 1.241403032516873850e+01
1.839825759505927039e+01 -8.316073291725262218e-03 4.659799979314300344e+00
1.964165168337734357e+01 6.531402268341643391e-02 4.479020233404969353e+00
2.009392642008345575e+01 1.086130464822038011e+00 3.052795686322932411e+00
2.175040045365755148e+01 4.323526342158763747e+00 1.110182396216860656e+00
2.294208081174549463e+01 6.558535833876393717e+00 1.409636870587996693e+00
2.296567273540462395e+01 7.320336460890056962e+00 2.323046833222946805e+00
2.325605662492345616e+01 9.637415944175755200e+00 6.199623425669851251e+00
2.361705737618745360e+01 1.224550110972654160e+01 8.147724542993062258e+00
2.377377677656373223e+01 1.456280976207508182e+01 8.121198325348105485e+00
2.342283396500841519e+01 1.510472100793001715e+01 7.034870083700629273e+00
2.175243207551183389e+01 1.834942130270989225e+01 2.409577240719898761e+00
2.065913661665119250e+01 2.073495011068448690e+01 4.738234539475884688e+00
2.016673536212277185e+01 2.177368885040644741e+01 4.811085217334784225e+00
1.898557846364844082e+01 2.203672875732643632e+01 2.575124101148691391e+00
1.676840334943621968e+01 2.261178434004153104e+01 5.716901661164967230e+00
1.305511407425158410e+01 2.348330138649511767e+01 7.095025797130322331e+00
1.232516511374013568e+01 2.338942890988355927e+01 8.312622820349444552e+00
9.771253313556170994e+00 2.345982792291778907e+01 9.813167182449438641e+00
6.055024435866304344e+00 2.337018554150103711e+01 1.107618398583009167e+01
5.097752092537197299e+00 2.351807712727670818e+01 1.109702511758524857e+01
3.620789067998881450e+00 2.338089922583996838e+01 1.104002409941852036e+01
1.076177380743094991e+00 2.350181449925985078e+01 7.013220029280402557e+00
-1.549727814432190209e+00 2.332320057504930233e+01 6.987842501714351506e+00
-2.047583223139991304e+00 2.344148304259769944e+01 8.101540145051561836e+00
-3.395885413551305465e+00 2.329222099868567852e+01 1.486231858622723401e+01
-6.000670678740057440e+00 2.340309743231191320e+01 1.911612905308869159e+01
-8.649708012454507156e+00 2.328591649012641440e+01 2.233475005376324063e+01
-9.613353939937328008e+00 2.343456122217887483e+01 2.235060978968672885e+01
-1.034765962700964614e+01 2.326293095275972078e+01 2.580658055664443040e+01
-1.280621459758516067e+01 2.323872507116750441e+01 2.855907392453481108e+01
-1.648435561013188888e+01 2.321804518032110209e+01 2.924493189497374956e+01
-1.848052813246524906e+01 2.146478037143407747e+01 2.538726750797198406e+01
-2.134471382925520544e+01 1.907037545256821787e+01 2.179311760075258064e+01
-2.249219113852807084e+01 1.792855477332976832e+01 2.172346492583095312e+01
-2.295716328222641422e+01 1.482990923282273776e+01 1.644281751741029396e+01
-2.349615668560571180e+01 1.123545388561351466e+01 1.727608514007458496e+01
-2.348361526284378087e+01 1.319810136741998896e+01 1.654367431048914128e+01
-2.353659608444266027e+01 1.699289233974979396e+01 2.432828187299528722e+01
-2.347747008093246990e+01 1.938867397597124764e+01 2.428062218277359108e+01
-2.271416846696982716e+01 1.943085103899499799e+01 2.520025956042935178e+01
-2.006187796625705744e+01 2.014085255063863045e+01 2.592385553784492558e+01
-1.782621998819302434e+01 2.055592508661243656e+01 2.619769027862542288e+01
-1.555897306546219916e+01 2.101145989536616909e+01 2.609043704030126776e+01
-1.477186472275529461e+01 2.102478357427142086e+01 2.635834981906412366e+01
-1.239495988195387355e+01 2.139425687693759670e+01 2.628571293509857654e+01
-9.956557139063734851e+00 2.156723185959950584e+01 1.927016074450344973e+01
-7.527853630352980829e+00 2.177492565197288599e+01 1.905296178581975397e+01
-9.818317911220031391e+00 2.214427454563194075e+01 2.520574277150941711e+01
-1.345464391964484641e+01 2.275231772387707707e+01 2.754099113658478259e+01
-1.714914574835577099e+01 2.327876910166503066e+01 2.924190449915960244e+01
-1.948645520572103251e+01 2.357128385049603736e+01 2.821537204996376502e+01
-1.991473217105226468e+01 1.983177668097952306e+01 2.381324024616192858e+01
-2.001617902919289449e+01 1.745775389552129297e+01 2.094834035937804018e+01
-2.031338472957634878e+01 1.547624142881788600e+01 2.043665257348777686e+01
-2.062917663376789434e+01 1.348427496596429975e+01 1.980797454510240740e+01
-2.100029566939550207e+01 1.106346953546739442e+01 1.848859907530855295e+01
-2.124777297346967586e+01 9.428575228537352970e+00 1.851762310950926604e+01
-2.187304114831517765e+01 1.352183835592488670e+01 1.765123224941325475e+01
-2.235545781458810666e+01 1.592308740381078991e+01 2.043527244396408449e+01
-2.280827179989808329e+01 1.835481336795792018e+01 2.467849859119473166e+01
-2.329447473375109467e+01 2.087988733902031413e+01 2.600569870110755133e+01
-2.336823141273860927e+01 2.195725329932017189e+01 2.613481565740184465e+01
-2.244726808490236891e+01 2.188749749103043740e+01 2.703479498694911598e+01
-1.612714987098124908e+01 2.158918082222188062e+01 2.608432908430742003e+01
-1.363119294183173835e+01 2.145379083625498140e+01 2.628818528455806813e+01
-1.114363264057466729e+01 2.131753063242618396e+01 2.603963838624415672e+01
-8.744529437933588056e+00 2.125303973313419803e+01 1.932277664710183984e+01
-6.193269527245099937e+00 2.109765237817621397e+01 1.086592370571705857e+01
-3.695018493569975693e+00 2.106828197309691220e+01 6.558170449722480200e+00
-3.251263933737351675e+00 2.094426417725620837e+01 6.645600009161556798e+00
-5.873434803882299882e+00 1.956645433679999257e+01 2.442938501927383399e+01
-8.082862410481626014e+00 1.843364418592962295e+01 2.670755806660631748e+01
-1.028105024440925419e+01 1.713660045257066145e+01 2.706464538171684353e+01
-1.057814148791642594e+01 1.700826329246844182e+01 2.706027092346233331e+01
-1.163398310611458975e+01 1.566862345878510077e+01 2.671159624662794485e+01
-1.445295328435485160e+01 1.139391222972195017e+01 2.254320873739598241e+01
-1.503420486676077950e+01 1.058485501101925230e+01 2.238737893118456768e+01
-1.418454530003052660e+01 9.767812896916790777e+00 2.946331811210882989e+01
-1.073531905830284572e+01 5.797221547357289673e+00 3.620514944101737598e+01
-9.867389369014199829e+00 4.654586775306681190e+00 3.615587191530274680e+01
-9.610761613872115916e+00 3.408888523563611717e+00 3.650643854325491588e+01
-8.805575002982473976e+00 -9.644694065031859942e-02 3.602047834390447179e+01
-8.531567087677256467e+00 -1.871733368210367843e+00 3.601503353087516501e+01
-6.959853096772424585e+00 -4.097718516195158145e+00 3.891843906792133367e+01
-4.877105150245871101e+00 -7.122750177166365937e+00 3.830371964602559842e+01
-4.627107112420132395e+00 -4.614703243032083790e+00 3.103640864222573015e+01
-4.353544482977394381e+00 -2.021155134635009176e+00 3.433709374785676971e+01
-4.014790699505817351e+00 5.239500507742907986e-01 3.343134046980667762e+01
-3.960638404868162432e+00 2.529687282300875584e+00 3.326506121098529434e+01
-5.531375571648075251e+00 2.611022223710146140e+00 3.727231860933552809e+01
-8.148386250286749899e+00 2.741037542038147645e+00 3.621609524375494260e+01
-1.069252144747363253e+01 2.905948849621861729e+00 3.198642036649394171e+01
-1.301561952706134662e+01 3.092759343715712816e+00 2.865144566943327575e+01
-1.557824125865783316e+01 3.078301689221270010e+00 2.865323707685280752e+01
-1.940793865100994253e+01 3.457143122219622722e+00 2.472002950631856066e+01
-2.198028695191872472e+01 3.494724838942577794e+00 2.208850618745362837e+01
-1.880306963909559670e+01 5.105521743562839276e+00 2.349365857442263561e+01
-1.642477971954957994e+01 6.284217348511990764e+00 2.479533376716138449e+01
-1.433891317234438034e+01 7.423701504910491522e+00 2.804049075865653506e+01
-1.199276820347127170e+01 8.676281388507629089e+00 3.186834435811372401e+01
-9.779442404863301519e+00 9.790155849427319978e+00 3.099116642689075363e+01
-7.681831137483241534e+00 1.080840055894541329e+01 3.150202146116833291e+01
-6.780108506065229079e+00 1.132123596877636373e+01 3.153517396845556320e+01
-4.533009987880674885e+00 9.883163160810715553e+00 3.101794984876348593e+01
-2.305124419281193493e+00 8.602887988258526519e+00 2.713178221938605006e+01
-3.077986282007922902e-01 7.540718209063210331e+00 2.412905789176641846e+01
1.181474457298904435e-01 7.334311132913390985e+00 2.402937234719524184e+01
6.452087608532890428e-01 9.869593557976209297e+00 1.480045350887330713e+01
1.054093927107883299e+00 1.233064021304723923e+01 9.770740540325686396e+00
1.500133152332351116e+00 1.529836617483930894e+01 8.246523472785261433e+00
1.986154588821895661e+00 1.556392597429725022e+01 5.472735277203113036e+00
5.388615501500338745e+00 1.680332597311017651e+01 4.810312581644380359e+00
8.785547271400526270e+00 1.827561261869159992e+01 2.848023685464937671e+00
1.126152966346140616e+01 1.921495255108001743e+01 -9.251626941268709103e-01
1.361796217772529438e+01 1.993869090783414677e+01 -6.511244273421268325e-01
1.611528037016220694e+01 2.087919246536149842e+01 1.496972264309794243e+00
1.840175566445466160e+01 2.186049209276410821e+01 7.633596115895085354e+00
2.199779036332581228e+01 2.310046995912994561e+01 1.087154468428465393e+01
