-2.951175085860233693e+00 1.201386958507236202e-02 3.560785995512621582e+01
-8.065620819001310338e+00 7.820258765580917482e-02 3.591134787758444702e+01
-1.179879758310037019e+01 2.077688400573914768e-02 3.036015524888611594e+01
-1.405790671914999379e+01 9.133401879707933602e-02 3.041431025717901093e+01
-1.404209322575424679e+01 1.650985185721387971e+00 2.994968663922217544e+01
-1.393788585182382533e+01 5.464953151794886388e+00 2.737479338440800447e+01
-1.368360258897721593e+01 8.160153911701856444e+00 2.692119511724235537e+01
-1.364514639982338196e+01 8.975049167923554450e+00 2.506391314306474882e+01
-1.353828379005807037e+01 1.147664622760420094e+01 2.706896361449173227e+01
-1.336731724142819111e+01 1.532792858258312840e+01 2.770247955128391126e+01
-1.326848986365328109e+01 1.628952058359275057e+01 2.730799264791165726e+01
-1.250198872205248790e+01 1.764201354165952651e+01 2.639952258026406895e+01
-1.096720505195420081e+01 1.972042728223025065e+01 2.527283421567244304e+01
-9.654067162981256445e+00 2.177060105181411842e+01 2.335791917885331515e+01
-9.328916954494992808e+00 2.242752694202944497e+01 2.337217694178593419e+01
-7.604039516334993642e+00 2.235969881245754465e+01 1.238619185731894845e+01
-3.912589572903054425e+00 2.220202131731869954e+01 6.932772769507902666e+00
2.400660743028870225e+00 2.210797237322467268e+01 9.379418481917477735e+00
4.862424734562817541e+00 2.208870939546176970e+01 9.540893312426888428e+00
7.440057258534680251e+00 2.195933735128951270e+01 7.479741720710420871e+00
1.125106796684973709e+01 2.198922446136833386e+01 3.176693603679776157e+00
1.507679381883420966e+01 2.187181270020150237e+01 1.668545529573819186e+00
1.746299410205799063e+01 2.172941399114860062e+01 9.360542125100819177e-01
1.755849253285603595e+01 2.121823619559239660e+01 -4.662837661643047582e+00
1.834051779588353526e+01 1.757305206358802963e+01 -6.143910721238262873e+00
1.906662124617979970e+01 1.394307386318399367e+01 -1.285145055569927308e+00
1.958700998288475859e+01 1.170528762151899649e+01 -2.663351480543916239e+00
2.025525672314975623e+01 9.086137092038995888e+00 -2.115817386028855829e+00
2.037661441623945180e+01 8.074748389221236167e+00 -9.308790143861338517e-01
2.066998701593119492e+01 5.970843409222884368e+00 1.907238156569776244e+00
2.084902371271626009e+01 3.360729896363770841e+00 3.919543533336784957e+00
2.126157409869948722e+01 -3.385573900825158966e-01 7.219691376483156731e+00
2.151196158799261937e+01 -3.177055829107337637e+00 1.640828030325078757e+01
2.194818337555564725e+01 -6.820863736503327779e+00 1.744974383449460120e+01
2.232480623784485019e+01 -9.233277171893506718e+00 1.495697739069976961e+01
2.254757740842462965e+01 -1.299524156400677199e+01 1.513220260747270807e+01
2.290240057132594487e+01 -1.667929806691837769e+01 1.593825565838892722e+01
2.086219962261943550e+01 -1.758775902151027992e+01 1.417540373074725224e+01
1.830573060321438206e+01 -1.838058653565896705e+01 1.645267625823229096e+01
1.610487892257689424e+01 -1.927612032837733480e+01 2.087752843715578521e+01
1.376908286376081136e+01 -2.011859251138081106e+01 2.340765838943403665e+01
1.029259545694104538e+01 -2.134510325503445927e+01 2.347360346180499846e+01
9.069612272193648295e+00 -2.181747764690108937e+01 2.114549287721347426e+01
6.604344867484815751e+00 -2.245466276395470473e+01 2.132134557290009624e+01
3.125811239450698054e+00 -2.328967600333447052e+01 2.000450474150892788e+01
2.456065903160972397e+00 -2.348369152926102643e+01 1.999579588809021757e+01
5.180883403408893528e+00 -2.347283024006701879e+01 1.973488935864583738e+01
7.842703469008294626e+00 -2.357288924034714483e+01 1.879098681395743498e+01
1.123830761486171248e+01 -2.372461374671081202e+01 2.159769242106520437e+01
1.129803190369370469e+01 -2.286779721815797828e+01 2.468861801898880515e+01
1.151118934081210199e+01 -1.924742848353972136e+01 2.464894328173356897e+01
1.151862236929183680e+01 -1.709165312384234170e+01 2.691526814563751913e+01
1.154972642127567184e+01 -1.560395908131290987e+01 2.911118836383968400e+01
1.173970767037046770e+01 -1.384517361885581721e+01 3.236454368293641437e+01
1.179518750843587327e+01 -1.018270697493111854e+01 3.316450311765517256e+01
1.187361623392300025e+01 -9.106564899496095933e+00 3.375045853467713641e+01
1.203878134781482245e+01 -8.772441179584607340e+00 3.644218915590808194e+01
1.215322876002661268e+01 -6.261910130918855621e+00 3.103124998912349142e+01
1.220848945113256789e+01 -2.558103464501906732e+00 2.991176015198343308e+01
1.229483517873420695e+01 -2.102749829958267203e+00 2.773496277824079215e+01
1.236628449430850196e+01 1.629098792350207603e+00 1.672335927676266110e+01
1.255678304126605482e+01 4.163027783968481721e+00 1.493420442895793698e+01
1.272183828476403455e+01 5.381002285779623584e+00 1.482631322017487463e+01
1.233537265445367126e+01 7.012481914419373297e+00 1.473045380882016886e+01
1.159562397167433012e+01 9.344237407511315041e+00 1.092029647887528299e+01
1.102177141466562738e+01 1.186802874400386543e+01 9.090530916191841726e+00
8.222896850273372138e+00 1.315864781097786462e+01 5.772651872983910692e+00
4.889238102958240795e+00 1.458320733951009807e+01 5.285746835595701576e+00
1.341191684870443712e+00 1.618153083765025357e+01 8.705940114896746351e+00
-1.035632224298332238e+00 1.719973532802329075e+01 1.130753729821274334e+01
-3.151830649553841734e+00 1.815606941808108132e+01 1.394862405944265760e+01
-5.426354665739834715e+00 1.915342819517200113e+01 1.832079003278418128e+01
-7.674636504278308458e+00 2.018153912581406928e+01 2.337402838644277381e+01
-1.097014106026777114e+01 2.174695723718286899e+01 2.652645891330454475e+01
-1.277956941897804199e+01 2.243022087692962074e+01 2.565326683882727110e+01
-1.315931565639059109e+01 2.180407722108347102e+01 2.503274255068146203e+01
-1.458603325267220896e+01 1.981108436659869199e+01 2.393583886838148445e+01
-1.669563219082665739e+01 1.660681958046602347e+01 2.289658462878211154e+01
-1.686821988635858816e+01 1.631782594440054268e+01 2.261837763252416167e+01
-1.791708469488865063e+01 1.464807916597457016e+01 2.164066486405705092e+01
-1.936175867506518244e+01 1.260667376859269062e+01 2.005567325243722365e+01
-2.062854293345618828e+01 1.066442658461735427e+01 1.876342500334868646e+01
-2.109858002088295237e+01 9.838175182345324288e+00 1.886164205470791089e+01
-2.029525794608253975e+01 9.084418430428934599e+00 2.154160476233077048e+01
-1.874706694915310834e+01 6.947008550704008911e+00 2.469525427435455711e+01
-1.652509216608798326e+01 3.946143758217753206e+00 2.844596034224929681e+01
-1.501595708658489592e+01 2.015121090096599232e+00 2.937176707046240409e+01
-1.346276551107994024e+01 1.241443187803650400e-01 3.125972719231626584e+01
-1.132045150573671499e+01 -2.693415931451711209e+00 3.682937426153264227e+01
-8.088855381364645325e+00 -6.864865747916979011e+00 4.315551596490707453e+01
-6.628554116558821541e+00 -8.850435400301227773e+00 4.249815447321409323e+01
-5.407672002974882375e+00 -1.037704510318510565e+01 4.135623200577735048e+01
-5.176572214173760678e+00 -1.130194280429972764e+01 4.188883948344646058e+01
-4.024573938505204396e+00 -1.512998049536011713e+01 3.047120444211649470e+01
-3.166072203721069567e+00 -1.886002610141537872e+01 2.380610995650216211e+01
-2.564076672097820975e+00 -2.128486605433649714e+01 2.371609807346389687e+01
-3.875953702562170200e+00 -2.158310111315005386e+01 2.754609291742519517e+01
-6.237828639706858525e+00 -2.228388156659257291e+01 3.000156495523424738e+01
-8.596714942488739908e+00 -2.281855836779099889e+01 2.947095127485296473e+01
-1.044873449305578106e+01 -2.331871422184920561e+01 2.932511609713252554e+01
-1.193768751437354858e+01 -2.347367351487223885e+01 2.988804409658211725e+01
-1.584753683177622818e+01 -2.345097498564522098e+01 3.187978822898159947e+01
-1.959835381641594054e+01 -2.360242139067382183e+01 2.860921935452499909e+01
-2.162815541184523127e+01 -2.364770953105785622e+01 2.863750702184232111e+01
-2.228297714193699264e+01 -2.101705503215202953e+01 3.343241036116350529e+01
-2.309771176832064654e+01 -1.750109335551238843e+01 3.234991649043171691e+01
-2.331562831603881847e+01 -1.642451304046781857e+01 3.233686005489492032e+01
-2.303587685624163939e+01 -1.479255511213175112e+01 3.257016872795266238e+01
-2.285092502356361877e+01 -1.093321216097729653e+01 3.041754208758745648e+01
-2.270923574858210614e+01 -9.407637990712586884e+00 3.017620729629232557e+01
-2.252843770337460327e+01 -6.974908377996536402e+00 2.585876800478709114e+01
-2.240365061775825239e+01 -4.270519363024515513e+00 2.615294232598620638e+01
-2.244460140216702371e+01 -2.847688217828360457e+00 2.616058779003274282e+01
-2.272043065171649801e+01 1.899421615896113025e+00 2.156318030973712752e+01
-2.288184736451786705e+01 5.602823227470508982e+00 1.662236125622599658e+01
-2.316466678673963031e+01 9.244939818666047415e+00 1.749877432125200016e+01
-2.318471263277641370e+01 1.151917612248596257e+01 1.636706510878540755e+01
-2.339193738932747380e+01 1.373416042600024234e+01 1.625653018333161270e+01
-2.319536806158821562e+01 1.627685808488525510e+01 2.318979162592584231e+01
-2.311313323484649374e+01 2.019229116240023814e+01 2.673163008999158308e+01
-2.303063614001158399e+01 2.172387441064851288e+01 2.618754053620503086e+01
-1.800799076999865989e+01 2.181607662673119563e+01 2.816777551985872918e+01
-1.550311092805811519e+01 2.187578707524265909e+01 2.543528012947162509e+01
-1.298728273253847831e+01 2.199270865170804612e+01 2.645313960157571742e+01
-9.223614199312635265e+00 2.214431119259076297e+01 2.018572590371053366e+01
-5.318808984422432218e+00 2.221983571971462013e+01 7.143979844318820049e+00
-1.760944805017053749e+00 2.224863519063439554e+01 7.620052854665372521e+00
6.628439042677130022e-01 2.228201935986308868e+01 1.018595084588234378e+01
3.123255951044935586e+00 2.251128661031394529e+01 1.017989552626513650e+01
5.752196467702784588e+00 2.246607362460132862e+01 7.690223215261269729e+00
9.477998444404143186e+00 2.257027567383819289e+01 6.056151096402628831e+00
1.184033665252984946e+01 2.268054303324191778e+01 4.875116658698135375e+00
1.447568069565873827e+01 2.275158439617786854e+01 2.945943786049587843e+00
1.702435651408733008e+01 2.285804915266339421e+01 4.976512958817949972e+00
2.095149669288063521e+01 2.284046359682119842e+01 8.124928176363493293e+00
2.136262013613916366e+01 2.186351282522355177e+01 4.265423680568836140e+00
2.204764047209843625e+01 1.950587619514161375e+01 6.017214542039681646e+00
2.332846132296557329e+01 1.580312356203947743e+01 7.453348669087848322e+00
2.342345564518884871e+01 1.446648505191557277e+01 6.577613186779398546e+00
2.348658291702060552e+01 1.197530896152837876e+01 2.906645012985585197e+00
2.382642238115470690e+01 8.285390343438210792e+00 2.203607748170858027e+00
2.385522531210681407e+01 7.835807409971555337e+00 2.233681419234300414e+00
2.390767486785486540e+01 2.600701172085801094e+00 4.253303877970187941e+00
2.387756378512597877e+01 3.062790957092165200e-01 5.847443916495194571e+00
2.248166185614415014e+01 -3.035479032377059738e-01 4.000982052816162593e+00
2.023029436937753189e+01 -1.066970185152052331e+00 1.282382868927503417e+01
1.670746577037762393e+01 -2.547747789728437073e+00 2.298723882021232257e+01
1.320517542360933838e+01 -3.796957869988680567e+00 3.478940513657369848e+01
9.942943135982744707e+00 -5.007665867202913290e+00 3.527763589787521425e+01
9.191547184647207658e+00 -5.490606152472458312e+00 3.443372120712717788e+01
7.015722536289335842e+00 -6.610415422512697425e+00 3.422603824668033212e+01
2.781389071522142320e+00 -9.158387561779957053e+00 3.158178949713208894e+01
5.243384190420703472e-01 -1.049121312798590999e+01 3.130861195800140706e+01
-2.675656018543163484e+00 -1.219369840897152280e+01 3.835664940030991943e+01
-4.727801978993112719e+00 -1.348645014997335245e+01 4.561606115947223117e+01
-7.973334458910087186e+00 -1.533961924623559447e+01 4.370450146743775122e+01
-1.230321578081850298e+01 -1.773664694201479008e+01 4.122174390846391390e+01
-1.257585099805866236e+01 -1.797626547762468618e+01 4.123601159342315015e+01
-1.084141878284694016e+01 -1.844154833113892877e+01 3.961459925993914055e+01
-8.451699643313949295e+00 -1.883561576826655326e+01 3.874187741723677902e+01
-5.948979798425786392e+00 -1.930752376820561977e+01 3.278991887639641334e+01
-2.236374812283277613e+00 -1.992483024287553661e+01 2.352166328640652537e+01
1.386509190152560800e+00 -2.071153523226967863e+01 2.295403951375803686e+01
3.895086332886764424e+00 -2.104662193636344369e+01 2.189289024373201897e+01
6.318483384737702657e+00 -2.156411276302470625e+01 2.224189743280289733e+01
8.786724902080532473e+00 -2.202634977279010897e+01 2.276005151864909593e+01
1.121608000466201638e+01 -2.233201451991333641e+01 1.942150963577884326e+01
1.494723493442618789e+01 -2.313592287016866678e+01 1.676038813172863939e+01
1.606567067018318795e+01 -2.330176376699201413e+01 1.680984036058703168e+01
