-3.009460957246051560e+00 3.968643814151531779e-02 3.253633502873400829e+01
-3.779136072195433016e+00 3.094703504992864576e-02 3.515077659947462507e+01
-7.603379112194771139e+00 -6.370145183293979274e-02 3.624972925867727724e+01
-1.006860879305005874e+01 -1.175687001854606659e-02 3.554449942352095348e+01
-1.270128438533458848e+01 1.200934193704377220e-02 3.040934839970379144e+01
-1.629143127471566288e+01 -4.054510850850219505e-02 3.152779092511220327e+01
-1.873762577565736009e+01 2.083871403577060820e-03 3.019230202862204138e+01
-2.136195053970541835e+01 5.227051991282553878e-02 2.803951452126821309e+01
-2.238136832651600017e+01 2.692079732201173137e+00 2.094485357861070440e+01
-2.312498920958804760e+01 4.672037976946925575e+00 1.972166985348083301e+01
-2.325055661708592680e+01 6.354052439468019564e+00 1.759670172781570585e+01
-2.378506397081645218e+01 1.121766055374212456e+01 1.722501667566609029e+01
-2.391738676789459817e+01 1.367551081295605364e+01 1.610623274806973981e+01
-2.386690438879244880e+01 1.868967903208501369e+01 2.326058757562280732e+01
-2.320879579115015545e+01 1.951910161992098836e+01 2.638927885303305843e+01
-2.146439949375179168e+01 2.139975429471526169e+01 2.708416188679564485e+01
-1.952181776846566308e+01 2.214746633399042608e+01 2.834801623359440370e+01
-1.685577826992744832e+01 2.319570709753782012e+01 2.911937578701324369e+01
-1.812568490592195758e+01 2.326495140261028993e+01 2.807837549380093378e+01
-2.189426437995489394e+01 2.372415623302179455e+01 2.528520722189186287e+01
-2.166677729470983138e+01 2.267004537603235548e+01 2.608252583568772565e+01
-2.145425405032528943e+01 1.892648930587105127e+01 2.316261379759360750e+01
-2.139900082854330776e+01 1.861361648564598070e+01 2.322470779508137184e+01
-2.054816676809370790e+01 1.897174985911548717e+01 2.426361653816980279e+01
-1.673502575066603626e+01 2.008512563634342385e+01 2.509510814370030474e+01
-1.683225116667626153e+01 1.978272070296561580e+01 2.251896812719116525e+01
-1.932656265892950742e+01 1.719899807144254567e+01 2.138933097198451350e+01
-1.966845006530303408e+01 1.691947505981047328e+01 2.142567673856874322e+01
-1.807542372907426653e+01 1.835805148892527683e+01 2.515825514267386254e+01
-1.569261628160696453e+01 2.066165432593514950e+01 2.557625903252244015e+01
-1.132830683275239103e+01 2.286027882396609812e+01 2.631204805315061179e+01
-8.959540376346946999e+00 2.337338917693418949e+01 1.597300227892354485e+01
-6.417400519171001960e+00 2.372664247432525997e+01 1.595019354292140257e+01
-8.493983096264170030e+00 2.219195304417868186e+01 2.468483931974391155e+01
-1.052748520145101985e+01 2.064877509714733606e+01 2.702165769008887253e+01
-8.839215950466757121e+00 2.132122852463239937e+01 1.582626440084325381e+01
-6.521288662855516449e+00 2.216318632635756458e+01 1.013145767288494170e+01
-3.284756704015941331e+00 2.305669656575113180e+01 7.378447632542582291e+00
-1.233774952611784714e+00 2.335132190089007409e+01 1.104025333397824049e+01
1.157386551251648354e+00 2.362489661784258033e+01 1.088093507837349350e+01
3.499222561771744733e+00 2.379953692924384967e+01 1.144290363366163632e+01
6.127081127805368510e+00 2.382039295995530637e+01 9.284614633125430672e+00
8.113136433998832331e+00 2.382272794034507157e+01 8.368926003387343826e+00
1.110218234795613412e+01 2.376046188193605246e+01 7.561385774673494709e+00
1.442452181058368765e+01 2.380247976801850740e+01 5.815133319772558984e+00
1.691368678138231729e+01 2.383635903031339254e+01 6.502055622859785444e+00
1.948107451735481632e+01 2.385638655123604224e+01 6.468916131289788041e+00
2.118592428028079411e+01 2.170053446634910088e+01 5.744873222333492180e+00
2.259358898340497390e+01 1.995915956722101825e+01 5.715722431324649300e+00
2.040739400199532128e+01 2.029182647955640917e+01 -9.683237240458474338e-01
1.760869144472937720e+01 2.078711305474464055e+01 -1.238582593116756003e+00
2.145014529639456313e+01 2.271907453025772838e+01 8.579056604566488886e+00
2.174967523914751411e+01 2.291604780849723255e+01 1.007264914612942874e+01
2.322155279834521835e+01 1.851815607038012956e+01 5.725633242782804722e+00
2.354035071631577480e+01 1.564245871231458729e+01 7.679835668293965689e+00
2.374995080265112435e+01 1.354135883750456770e+01 7.712129069910839796e+00
2.099097373545776080e+01 1.572214737342780388e+01 -4.181861861007158510e+00
1.639347143491468017e+01 1.850861420992597672e+01 -6.188516486562541274e+00
1.369043413978962853e+01 2.010889303559475394e+01 -1.463120622258980319e+00
1.116973922836078970e+01 2.043830272315893382e+01 7.250671049771640675e+00
7.579922732566449994e+00 2.091459809446404350e+01 7.520465185896961557e+00
7.123480008455384649e+00 2.095653287115172247e+01 7.507517855712342758e+00
7.819821952914614016e+00 2.050361207113308737e+01 6.743158709999792499e+00
1.006381683044780395e+01 1.920731908979255209e+01 -2.419850004013799349e+00
1.456516156058734346e+01 1.678126749793706196e+01 -6.214976169802072015e+00
1.764795982439746780e+01 1.494466336277318597e+01 -4.317450882047754845e+00
2.038169800699028045e+01 1.298271688711118621e+01 5.001924868402655155e-01
2.162541450148837541e+01 1.106963480443032211e+01 1.724954623415710264e+00
2.328875773125770721e+01 6.844775918950769977e+00 1.671105319071683137e+00
2.362459656230447536e+01 3.897781860616560401e+00 1.708746476858115759e+00
2.390722484818460103e+01 -3.424404844142331372e-01 6.267508244367766324e+00
2.388671909057999088e+01 -3.865636376938618390e+00 1.128196531260156732e+01
2.393792880458123307e+01 -7.677145916499828360e+00 1.560977969062652093e+01
2.382272304205110203e+01 -1.150468978844578416e+01 1.559168804160674071e+01
2.383805243606047597e+01 -1.761192699151117580e+01 1.658591116847940938e+01
2.392718231116202077e+01 -2.015347114952503205e+01 1.679285548806737083e+01
2.109414820927297285e+01 -2.193059476532531349e+01 1.742025547959011078e+01
1.997142839964755723e+01 -2.237634532077868599e+01 1.678698751584503057e+01
1.633958644174094132e+01 -2.326744911510101232e+01 1.675772467611632877e+01
1.716864166701939709e+01 -2.236981259258492827e+01 1.741536375344206178e+01
1.976758811780205249e+01 -1.982792561277599930e+01 1.636473801724816113e+01
1.677807747608836308e+01 -2.176530258311081667e+01 1.741077155272093435e+01
1.598997849288850404e+01 -2.213755251795717527e+01 1.755082416359705277e+01
1.689998328706429831e+01 -2.228210794264883177e+01 1.699550859204780906e+01
1.921275755495262771e+01 -2.281066497913709412e+01 1.791713152703556489e+01
2.157578835614690504e+01 -2.314278914296363965e+01 1.783032421782407440e+01
2.143140951900108604e+01 -2.042570284594976471e+01 1.401148358005908534e+01
2.129727158308253365e+01 -1.808395055541851448e+01 1.396919304050899768e+01
2.125795422263411893e+01 -1.666638264140924974e+01 1.430261968533148753e+01
2.127381153668574854e+01 -1.297473189162523433e+01 1.470840058986309096e+01
2.021707222128990722e+01 -1.432673417642073943e+01 1.561473094506192361e+01
1.831971087048927060e+01 -1.698203110754574752e+01 1.699160932304513594e+01
1.648501593166080070e+01 -1.902939470204207595e+01 1.886705227167103871e+01
1.503244854896618676e+01 -2.079502604851748870e+01 2.011557070796109414e+01
1.446392106867289229e+01 -2.102256913718369091e+01 2.106776984028913091e+01
1.111529501316833191e+01 -2.273196495796773675e+01 2.258972171174280064e+01
1.015327570698785742e+01 -2.309174465547809163e+01 2.108380309828572408e+01
7.599643295963040224e+00 -2.340656665265709790e+01 1.909357167356588292e+01
6.745619756479063867e+00 -2.343855610484036944e+01 1.942450432420410422e+01
8.715396721736130559e+00 -2.189388304267396279e+01 2.483875556658193418e+01
1.105902790205938402e+01 -1.979509745530460307e+01 2.491776635653937433e+01
1.284425326876562501e+01 -1.794659629356474539e+01 2.240260461235030220e+01
1.453969881148622889e+01 -1.605203179207726549e+01 2.408653302709656430e+01
1.637597422179408468e+01 -1.378877050952147876e+01 2.206633227977640388e+01
1.775905853159869352e+01 -1.219442638535798729e+01 2.036905459551874742e+01
1.850933033670257899e+01 -1.105369989674836795e+01 2.007453891492989584e+01
1.978375891613259441e+01 -8.875968494178188450e+00 2.049737757828276941e+01
2.031907975093870888e+01 -7.905054702223230478e+00 1.538258221568684547e+01
2.114374902510950349e+01 -4.490474201895159112e+00 8.998924909336587064e+00
2.107043450852245670e+01 -3.506300392878940464e+00 3.867806587511910088e+00
2.103228207346938561e+01 -9.921620679699324485e-01 3.307536858407020386e+00
2.080315875044989582e+01 2.893827140517090779e+00 1.760719360444728210e+00
2.029025848968469958e+01 5.502171531327948450e+00 -2.887752523560681794e+00
1.960423499548935311e+01 7.775985286302983468e+00 -3.074549439163163367e+00
1.720482394648934843e+01 1.086127175908076303e+01 -7.427508184527631396e-02
1.477766254762058118e+01 1.306842353491969178e+01 2.392816846467411107e+00
1.155416873555575563e+01 1.500925534487874025e+01 1.829626985999089461e+00
9.483113384876574514e+00 1.610245274164481089e+01 3.077193119217935369e+00
4.754330575417055726e+00 1.851862457788638849e+01 6.680233695014200279e+00
2.670791856860176061e+00 1.986235036942361276e+01 7.634845705918127834e+00
1.897285715171789899e+00 1.969757398961261785e+01 6.155848005554203972e+00
-3.203097765159387489e+00 1.936988945980444399e+01 8.959204645978420700e+00
-5.822801559069111121e+00 1.886392090144039457e+01 2.161207927689492081e+01
-8.753632400947635617e+00 1.844685617731272131e+01 2.569437228921150052e+01
-1.079750047903515942e+01 1.827776054775065973e+01 2.683559660898731281e+01
-1.305736972122092077e+01 1.711572199940265548e+01 2.658403197569733933e+01
-1.530909439274466166e+01 1.603247419810915630e+01 2.371271960597858808e+01
-1.749378686238750902e+01 1.463338273471468121e+01 2.170054377104248644e+01
-1.954568326232329767e+01 1.318836763435637849e+01 2.088780986441634724e+01
-1.654991526706325899e+01 1.359329961943150700e+01 2.334916333863232651e+01
-1.467733178529094573e+01 1.404847541010398260e+01 2.764438806659465087e+01
-1.166633088870044155e+01 1.511177414081900494e+01 2.752018232961349753e+01
-9.587884893483423099e+00 1.546153040478078466e+01 2.748481578450126861e+01
-7.198642884387288277e+00 1.579332168071756648e+01 2.737605366165109899e+01
-5.350066962441205831e+00 1.605631230634046602e+01 2.148571848953190866e+01
-2.772458602133070826e+00 1.648503460975619461e+01 1.462252285842047961e+01
-1.797044792558586401e+00 1.663367637803888854e+01 8.923414913870942655e+00
5.970289542644244829e-01 1.613190821417753540e+01 6.747077804426758973e+00
3.226063278287147007e+00 1.542901276570797187e+01 5.237443326732752702e+00
6.648617808966587717e+00 1.377535391785849939e+01 5.827372866936099349e+00
1.059533030549158816e+01 1.206285262103460099e+01 9.408267962954317554e+00
1.265853880583094337e+01 1.051195636103271269e+01 9.171133100044368547e+00
1.451267622324298756e+01 8.515053796586935064e+00 6.564451522042420883e+00
1.591192967141370573e+01 6.534755332752120616e+00 1.701671109668183357e+00
1.775800445351814005e+01 1.844282108865802350e+00 5.029081099604810312e+00
1.769662232808689950e+01 1.476094661460773061e+00 9.402722753315174486e+00
1.817974686861269262e+01 -2.335077009404990633e+00 1.253077240239345436e+01
1.819028073083378061e+01 -3.230823907382335936e+00 1.475317438824346183e+01
1.805605607407842683e+01 -2.853356722495492104e+00 1.458690821364813672e+01
1.678858417963171590e+01 -8.353484240943997996e-01 1.360997999662078684e+01
1.530880168648289974e+01 1.869401471893923805e+00 1.190066361616710644e+01
1.406417110055448028e+01 3.986730338525238615e+00 1.315007661079457613e+01
1.279590443348122974e+01 6.275261654132697764e+00 1.333855627856815929e+01
1.079838307068717995e+01 8.051754017786683093e+00 1.672556253237582169e+01
9.038296233104974320e+00 9.733314424266044540e+00 1.533442888353391353e+01
6.572593814979210691e+00 1.095204978974378562e+01 1.174911565489910359e+01
4.492509586986158432e+00 1.192295888355464228e+01 1.079382270437505298e+01
4.064308719178730378e+00 1.211680027216747213e+01 1.163570750120154607e+01
1.602811990496644468e+00 1.295853961789043396e+01 1.416190510350214637e+01
-3.458770302191182644e+00 1.342308966106447699e+01 2.683404990257877643e+01
-4.429787987670473548e+00 1.332051296978002419e+01 3.124929943518014852e+01
-8.040296715483187029e+00 1.298281700597439148e+01 2.905954556687455081e+01
-9.040367032122759383e+00 1.280320601520482171e+01 2.730241558044929917e+01
-1.143164670579777642e+01 1.205281755194154769e+01 2.487635193154057234e+01
-1.510454956794776216e+01 1.132615902588872991e+01 2.227699010670767876e+01
-1.634047288839956380e+01 1.092880855599305612e+01 2.093038299767960808e+01
-1.861900318843075652e+01 9.077586747651807286e+00 2.096875763336476695e+01
-1.919975566129764388e+01 8.537590046808997357e+00 2.098708677031945768e+01
-1.735245738579625296e+01 8.629235264233214409e+00 2.120502508835237165e+01
-1.485442789875315128e+01 9.042756820607646517e+00 2.507819162120782153e+01
-1.352019722620607745e+01 9.281517517946147322e+00 2.519436976606193213e+01
-1.503092637927865738e+01 7.993517001658477561e+00 2.397245142978443155e+01
-1.822859931269561073e+01 5.314584132145452777e+00 2.374638206287929165e+01
-1.679004560178030303e+01 5.663707555488455725e+00 2.458281612880366751e+01
-1.429950467367733147e+01 6.186853464551846926e+00 2.785946279645379775e+01
-1.293582185243916527e+01 6.456460806436202127e+00 3.051508207591406929e+01
-1.171088350820398816e+01 7.464136912113182198e+00 3.317742545694772360e+01
-1.007956813779664706e+01 9.032203716564765728e+00 3.311519742510028408e+01
-8.356111308458427089e+00 9.473504796367679504e+00 3.283694438250488901e+01
-5.859642084982687571e+00 1.025681677740306341e+01 3.306612819718935725e+01
-4.041975038982983826e+00 1.040917370297818501e+01 3.122847710487229733e+01
-1.454345190994456694e+00 1.031031126783772756e+01 2.404284049438401638e+01
-8.172952729112131776e-01 1.029451251582449878e+01 2.044210134017055580e+01
1.720849306335887174e+00 9.537759040159251356e+00 1.715783443406075293e+01
4.038107708818079011e+00 8.864348162785612217e+00 1.672261874505504409e+01
6.260743583800809198e+00 8.066388392761858483e+00 1.700864257588662198e+01
7.349074467561230506e+00 7.349143999574851982e+00 1.860602981480895934e+01
1.025757754775583663e+01 4.968817961556524665e+00 2.079621921132557816e+01
1.165399904089539973e+01 1.871211081345766303e+00 2.271565599426464743e+01
1.275203429329162219e+01 6.721848760117656030e-02 2.302477483220079435e+01
1.422668257220080079e+01 -2.105450617685013626e+00 2.487417213030842333e+01
1.505915604031668487e+01 -3.783421726200894675e+00 2.682988992902007297e+01
1.595704037367527128e+01 -6.139418881045316745e+00 2.970528609367558914e+01
1.553166191225473725e+01 -8.218692315067377407e+00 2.948257800236276083e+01
1.458930944840814092e+01 -1.091870001503248488e+01 2.705769303937394810e+01
1.331460372199119568e+01 -8.467358125229502264e+00 3.272997719214640000e+01
1.238080839193974469e+01 -6.164401391198159885e+00 3.532096006163646251e+01
1.207302904350435924e+01 -5.439835599348026740e+00 3.324517217441302108e+01
1.028670409118790907e+01 -1.977839773419604263e+00 3.111061597446844829e+01
9.257070424458145652e+00 -3.567882682694467622e-01 2.682076378869690103e+01
6.808466926745069259e+00 2.758692770516234738e+00 2.221368583724337853e+01
4.847854983456038269e+00 4.412739688530796123e+00 1.744849793386426740e+01
3.582998409739095003e+00 5.148203358096369087e+00 1.946436086251517494e+01
1.258398466133576310e+00 6.437298552343752256e+00 2.350220309949099473e+01
-1.553833729085331017e+00 7.301401781666312374e+00 2.864936086298590112e+01
-3.785019944131027714e+00 7.667837078735807665e+00 3.269793982291701440e+01
-4.965042370004640659e+00 7.029581268192413468e+00 3.307801489638688253e+01
-7.359926723298641171e+00 6.057497652965992962e+00 3.492001544087022324e+01
-8.435469960341530182e+00 5.585110847663311340e+00 3.502414778957599140e+01
-6.739257996181359012e+00 5.250042497960990318e+00 3.429695918600254601e+01
-2.642024649493855737e+00 4.245983655610624297e+00 2.960178148155008415e+01
-2.611074540923936649e-01 3.152660955286620048e+00 2.570302639996931049e+01
2.304213352382741054e+00 1.799932800930886367e+00 2.543617474722930538e+01
4.118544292188932587e+00 5.105880865859981910e-01 2.561841359575300103e+01
5.086085944135865233e+00 -6.705065376824255186e-01 3.158475515347070228e+01
7.744218271892419736e+00 -3.165997783055991111e+00 3.539914191980412994e+01
8.000881701848618022e+00 -3.627620386608275460e+00 3.474636998717333114e+01
9.002656019960250333e+00 -5.887076892780116921e+00 3.703886356332069596e+01
9.821599895431376126e+00 -7.729625651073642523e+00 3.701269692819758461e+01
1.046297294974934111e+01 -8.830734847417803124e+00 3.368838329550970911e+01
1.186902923843117463e+01 -1.083921841644047213e+01 3.102149526142380509e+01
1.252289412413954395e+01 -1.190031208935072904e+01 3.093673653305137350e+01
1.173231668872508138e+01 -1.310993881449754106e+01 3.017985528864028666e+01
1.037408800682558585e+01 -1.531396287973876369e+01 2.970391289888509689e+01
9.831995468366253377e+00 -1.589984753124712213e+01 2.703397804541223337e+01
8.397279576174643267e+00 -1.783243192197899774e+01 2.531288881803164870e+01
7.271772393253091771e+00 -1.914126253496707974e+01 2.530666765576408750e+01
7.451247080397735090e+00 -1.655668539361321834e+01 3.080243363195416961e+01
7.762044617715960548e+00 -1.284730291964460314e+01 3.431090404785194892e+01
7.352432039466196834e+00 -1.093065665010812815e+01 3.522343107230447146e+01
6.806230133518353043e+00 -8.308386305391344706e+00 3.486502058855974440e+01
6.662281831394198051e+00 -7.855879015915444796e+00 3.557061012420533785e+01
3.767648037912959325e+00 -4.320440408569106161e+00 3.507137946747103285e+01
3.987861676046535742e+00 -6.664738942063390681e+00 3.485350262651827080e+01
4.624004164534667893e+00 -9.283357707407805748e+00 3.245927570414323071e+01
4.603671498752195390e+00 -1.070906603109823330e+01 3.185412658928568064e+01
4.823049501208718226e+00 -1.455347241095847366e+01 2.786972322632458443e+01
4.649743055224713650e+00 -1.907937314297423725e+01 2.188702942423374509e+01
3.793886006659753729e+00 -2.162150680452304385e+01 2.288635407406802358e+01
3.470268198452499231e+00 -2.206245047920538838e+01 2.247852677879903993e+01
2.763612645841640791e+00 -2.227345353319192967e+01 2.182112942294984492e+01
-9.306573492120081559e-01 -2.332941570731071224e+01 2.062356878107331681e+01
1.273100704649304249e-01 -2.107600737388653656e+01 2.196153032203387312e+01
1.125760456383157360e+00 -1.865903633491794977e+01 2.228218961530843956e+01
5.015246746978753445e-02 -1.991940082553955449e+01 2.312308981743932179e+01
-1.568431606553267521e+00 -2.172602534313298150e+01 2.256544751593730425e+01
-2.302903111877482090e+00 -2.242990662349348341e+01 2.246058689222619620e+01
-9.183473862591303716e-01 -2.057570372065553599e+01 2.273695140853079977e+01
5.218011478454140928e-01 -1.846404575887029509e+01 2.414369364448308275e+01
1.768909237341249163e+00 -1.388849949404178119e+01 3.009608658085160471e+01
1.701409798753140912e+00 -1.264349868977435065e+01 3.034590643750655659e+01
1.456395649888416743e+00 -8.390319021810107358e+00 3.369253412937717229e+01
1.375145741159197188e+00 -4.944239696815236229e+00 3.580070377323844610e+01
-7.632428455920738930e-01 -4.195935598718733672e+00 3.077011443182081862e+01
-3.316911256566803523e+00 -3.260792047341225075e+00 2.962705824429288981e+01
-4.203891426963961564e+00 -1.551165242142328538e+00 3.388575788079635487e+01
-5.514642892131004892e+00 4.394878393939758432e-01 3.737423706807965829e+01
-5.796281344949573366e+00 1.142217529900929396e+00 3.735701528327820142e+01
-4.190764144268262825e+00 5.592540877347957906e-01 3.446660847803297401e+01
-1.667306359377654923e+00 -7.761715357280277172e-02 3.299358877473912344e+01
-5.680663853412180053e-01 -5.280085216386602998e-01 3.297425605914256153e+01
-1.147980371555911372e+00 -2.659750364055163407e-01 3.242306908707811175e+01
-3.376384011490276560e+00 6.890626063977483007e-01 3.346408890631522581e+01
-5.672599114749609761e+00 1.486355570041651308e+00 3.748624140687274320e+01
-6.645551811926483587e+00 1.709152576367645615e+00 3.765262776761959174e+01
-1.017204022736896007e+01 2.875157116021327397e+00 3.682872829838473905e+01
-1.053434432826892930e+01 3.064514626647618645e+00 3.640283521387333110e+01
-1.172512203467864467e+01 2.955509640139603711e+00 3.381897260736606370e+01
-1.518179455051989635e+01 2.832380016449728366e+00 2.891974918218779678e+01
-1.661449085507479850e+01 1.261539261654774036e+00 3.038050560996555305e+01
-1.829848948546379717e+01 -1.005887569871696696e+00 3.212369663411715237e+01
-1.979974661386410162e+01 -2.071464506259791172e+00 2.825392506872132614e+01
-2.183878649038623720e+01 -3.609393709284915985e+00 2.581543537831964841e+01
-2.231535108183396687e+01 -3.947837514930170322e+00 2.578637855968123560e+01
-2.144036116087699995e+01 -2.115170086620747014e+00 2.884987535570812511e+01
-1.987237862639507568e+01 9.924356517226333718e-01 3.020302959433969647e+01
-1.935595422022666767e+01 6.465443385094231665e-01 3.171065155733806407e+01
-1.608818141501657095e+01 -1.048625392928475675e+00 3.316082699145371038e+01
-1.531803207445900128e+01 -1.506413552361672181e+00 3.305888756901108394e+01
-1.283584038182531195e+01 -1.978754779812669229e+00 3.232372385011782256e+01
-1.117785438572519396e+01 -2.270744072954496762e+00 3.492244754861663125e+01
-9.402439652705609774e+00 -2.923588029342537808e+00 3.564954332188157338e+01
-7.139417314210525944e+00 -3.867772919650858121e+00 3.512489012788575593e+01
-4.850620421538786253e+00 -5.098036501446774338e+00 3.517590904381858508e+01
-2.838740735852582464e+00 -8.005311765365902943e+00 3.220939435693441055e+01
-2.113041280920302523e+00 -9.279275543645416846e+00 3.219239962605103500e+01
-1.828746265542046556e+00 -1.066985819237056710e+01 3.149536664343774106e+01
-1.475406830419855320e+00 -1.280485378132870622e+01 3.112697322199712247e+01
-1.662430609579001128e+00 -1.356282929489949218e+01 3.427777548314249145e+01
-3.013768770303983935e+00 -1.685688358252988550e+01 3.427358281369470916e+01
-3.199166719778591794e+00 -1.739330980589575759e+01 3.200150226317734337e+01
-3.848377938251516195e+00 -1.975208567265530135e+01 2.782142613520082364e+01
-4.285740301702770871e+00 -2.160637050771001810e+01 2.675255910187756214e+01
-4.883623661396209847e+00 -2.184176397544787207e+01 2.753415392857904109e+01
-7.210240355496090103e+00 -2.281080789401340425e+01 2.889397585987534711e+01
-8.063683596099668449e+00 -2.316668612135114813e+01 2.881012853169395882e+01
-1.050416588848171529e+01 -2.346959591063680151e+01 2.905583509662664454e+01
-1.327525323885233632e+01 -2.373678562720509078e+01 3.187226867729376423e+01
-1.558614356577383120e+01 -2.372090985648643979e+01 3.190084622712458184e+01
-1.674242580676271075e+01 -2.383001682619551787e+01 3.120207873952483268e+01
-1.929884864541482514e+01 -2.371964526206811286e+01 3.003656833391033487e+01
-2.145346482288753975e+01 -2.254979197287347858e+01 3.232645997781563807e+01
-2.296936121379202334e+01 -2.011631164928912341e+01 3.231452738191214991e+01
-2.299784873792458839e+01 -1.926692549906529095e+01 3.285531950843931526e+01
-2.329678558132854604e+01 -1.660062783414444354e+01 3.153061841890251316e+01
-2.364220413329210757e+01 -1.161911245894022926e+01 3.078641282445939709e+01
-2.289466769832291604e+01 -1.050806476375352361e+01 3.124299632373079660e+01
-2.123138680042117343e+01 -8.492810428314925275e+00 3.197651036920627377e+01
-2.013344012337710964e+01 -7.464926825823967604e+00 3.430331133640692798e+01
-1.813612438384885550e+01 -5.831031697075099274e+00 3.780832736237641001e+01
-1.726732113106510980e+01 -5.294118100567580143e+00 3.790468213209994985e+01
-1.614215318818226308e+01 -5.406198743035046661e+00 4.280127879508612665e+01
-1.367432746381393827e+01 -5.304252160970486685e+00 4.173944227182264655e+01
-1.307485712627464025e+01 -5.490254547724449985e+00 4.063112990751049125e+01
-1.181594589965151698e+01 -5.888658758654938374e+00 4.107049537308870413e+01
-8.898111327081426936e+00 -6.788137343905614074e+00 4.162923658523434511e+01
-8.505770519372584104e+00 -7.217863538143751256e+00 4.362624533273481831e+01
-7.038233318717580289e+00 -9.243329990071002200e+00 4.333708047167260702e+01
-5.989752270425614533e+00 -1.032730695145090927e+01 4.343534868122511483e+01
-5.976368559592790675e+00 -1.178226985771410185e+01 4.524811847921445462e+01
-5.662784310033749158e+00 -1.413118674480748105e+01 4.532525025374584260e+01
-6.541661513040672560e+00 -1.578330671598591373e+01 4.363692871522198402e+01
-7.550776474474926836e+00 -1.799399605124467527e+01 4.022744245058582635e+01
-8.036055895145137740e+00 -1.864854409473736041e+01 4.029385098828622347e+01
-8.386046377042051247e+00 -1.631007618821739769e+01 4.792842141178955728e+01
-8.965036624320269709e+00 -1.401144503726352752e+01 4.803624247664195934e+01
-8.989653546131139095e+00 -1.317343267258719663e+01 4.796175896768066593e+01
-9.448440170893741552e+00 -1.565858252591805844e+01 4.342293024338738405e+01
-1.001804974011471039e+01 -1.902041603389086077e+01 3.855726534243297721e+01
-1.116576323757163536e+01 -1.938852393270132524e+01 3.990890845898137940e+01
-1.452764668292246597e+01 -2.058240404701007620e+01 4.092514069066944415e+01
-1.530630873087990196e+01 -2.037205270021137693e+01 4.440838862053838199e+01
-1.749125962244453802e+01 -1.896909899816537504e+01 4.351224403391922380e+01
-1.883688966317455638e+01 -1.816197639407842956e+01 4.346362912959729385e+01
-1.592035756266449908e+01 -1.674976645114694662e+01 4.459688312722443726e+01
-1.360682383216000879e+01 -1.574157811677964247e+01 4.462680165285490119e+01
-1.183547025333269431e+01 -1.326923711559113350e+01 4.730815344530206801e+01
-1.068334309607933896e+01 -1.161549489797677914e+01 4.616284982420575744e+01
-1.201410263038000537e+01 -1.240478245846012584e+01 4.483556653519924140e+01
-1.529622095934699821e+01 -1.411908877081014246e+01 4.512237877788958684e+01
-1.686764890293108365e+01 -1.496680481253476458e+01 4.515812771472896969e+01
-1.772410764488596868e+01 -1.379758107085678098e+01 3.929173597812403074e+01
-1.940334103808957167e+01 -1.193628771651794729e+01 3.483852419766621722e+01
-2.261235204513436159e+01 -8.584201125881735450e+00 2.951079864644559336e+01
-2.247162634534732106e+01 -9.091606645255795982e+00 3.507854211859121563e+01
-2.143146213725355054e+01 -1.281118516976140675e+01 3.750062589852965544e+01
-2.127777616278576289e+01 -1.353861028990805337e+01 3.759626071514974655e+01
-2.092458683822827581e+01 -1.346394367891428701e+01 4.020706814671081730e+01
-1.854612433460300380e+01 -1.274721541521381063e+01 4.291109734983131574e+01
-1.633466483745245412e+01 -1.225823204869588245e+01 4.502036610104307357e+01
-1.678833142073566265e+01 -1.275286700056597944e+01 4.442132910713490901e+01
-1.889844034790777982e+01 -1.567792883684289151e+01 4.380963587517587143e+01
-2.032813943895071418e+01 -1.767885133530880637e+01 3.729735849671676817e+01
-2.163569014419594083e+01 -1.957151871850235736e+01 3.127458288144642751e+01
-2.291570194191330856e+01 -2.125493747480163265e+01 3.122534587844431897e+01
-2.218993614871948949e+01 -1.959560707428117254e+01 3.748311345960237873e+01
-2.055558130944399053e+01 -1.596631802288686863e+01 4.172667617337121015e+01
-1.967622114777899256e+01 -1.368544155050388511e+01 4.018977133714849259e+01
-1.855127460618349033e+01 -1.121442861692182191e+01 4.049527853821588508e+01
-1.713289077194861676e+01 -1.059076621280436115e+01 4.611659884106209262e+01
-1.472972574002541180e+01 -9.817199034828377080e+00 4.676093545144974684e+01
-1.374815897975649825e+01 -9.689184800968590139e+00 4.686735442764440762e+01
-1.404574686305773668e+01 -9.280592956447410558e+00 4.101396696787162455e+01
-1.696146127373580015e+01 -6.791023595073919061e+00 3.487947801077414312e+01
-1.882585351259699635e+01 -4.927038256529927551e+00 2.893587244582967344e+01
-2.059014675481512668e+01 -3.177063074382083574e+00 2.657636778892139517e+01
-2.239926183887740763e+01 -1.351465808533477420e+00 2.657550836730380794e+01
