-3.017845974242281848e+00 -3.693029239904102590e-02 3.234198231345912689e+01
-5.732772753102468144e+00 5.206994922201851200e-02 3.606534676476014312e+01
-1.205048829057032833e+01 -9.774359214536305906e-02 3.276143933100352967e+01
-1.441377048237933778e+01 1.805338189187229506e-02 3.060312993384553337e+01
-1.428584539269863463e+01 3.478527775925507548e+00 2.948880081128536546e+01
-1.408221396921835833e+01 5.995020185607415897e+00 2.764106199774930062e+01
-1.401535495782884766e+01 8.064158851953939333e+00 2.622188655682358061e+01
-1.374881966947134515e+01 1.026028953906657826e+01 2.406820663061185428e+01
-1.331636735338287991e+01 1.275728816168425261e+01 2.699122637831001015e+01
-1.288329656485699459e+01 1.524094463377478981e+01 2.747637049790858299e+01
-1.245622173937752031e+01 1.789108277651591905e+01 2.594069308301966004e+01
-1.178840372502303246e+01 2.151752452165245799e+01 2.669415722377670619e+01
-1.186713991628133691e+01 2.199890050246565920e+01 2.676320522625517384e+01
-1.113997037181972161e+01 2.199379323751551496e+01 2.525241873001890625e+01
-7.322452880751527893e+00 2.193341411770351712e+01 1.494035506191598550e+01
-3.694866005795011787e+00 2.176161771142627188e+01 6.950183903135193297e+00
-1.045241608151619594e+00 2.166407956441800664e+01 8.386543317407847198e+00
2.620995663099692230e+00 2.174881015890808911e+01 8.970419990591816273e+00
5.167925670107922365e+00 2.157512035016675966e+01 8.630882258159839893e+00
7.669276033631563294e+00 2.165125586413197567e+01 7.007856842496329008e+00
1.164345574657792604e+01 2.161889059973588090e+01 2.094089742745876226e+00
1.404650254567270373e+01 2.156060472353789237e+01 2.134436192934545673e+00
1.526053673319130866e+01 2.172237672345117687e+01 1.788195604211874734e+00
1.779947228765233902e+01 2.235451288231160660e+01 6.928867517256915853e+00
2.141280047514183948e+01 2.312410986103880717e+01 1.072691837113211655e+01
2.191416707195941882e+01 2.317560986387580613e+01 1.056102870218058598e+01
2.212436659187672205e+01 2.199412007566763450e+01 5.010879899037953500e+00
2.276753441381216092e+01 1.836886714039139079e+01 6.032472022543212908e+00
2.307358913204802775e+01 1.563451882573438034e+01 7.558873812262413061e+00
2.332098992564472439e+01 1.336438809733144240e+01 4.252359260761906512e+00
2.338069343937423739e+01 9.726686111956754033e+00 2.219033848686290167e+00
2.359159068313343255e+01 7.661486172358124236e+00 2.044042466489768284e+00
2.348441360100351716e+01 7.155069365054964159e+00 1.672613647692974936e+00
2.312369369574080125e+01 4.772229690120799006e+00 1.734588885440559780e+00
2.249062769957996011e+01 1.029982797356484792e+00 6.569784711693483992e+00
2.189159716716959636e+01 -2.597861906623974093e+00 1.417699049860050309e+01
2.146858662970643294e+01 -5.075534923341839644e+00 1.681138945704432075e+01
2.140643972904023329e+01 -6.480399354849670779e+00 1.921722556847522867e+01
2.099162735124874146e+01 -8.943538659613249564e+00 1.542311061607573208e+01
2.040180033206670984e+01 -1.258087914669309626e+01 1.456133690276863213e+01
1.975886871999050953e+01 -1.637831619476845191e+01 1.507012941781484372e+01
1.941067152211644498e+01 -1.854390202798860443e+01 1.576877997124707775e+01
1.930126917392072983e+01 -1.898310870480078449e+01 1.574715470707322318e+01
1.650042022471338043e+01 -1.925526419303898251e+01 2.214748508540910166e+01
1.309506786717055071e+01 -1.977223229749428057e+01 2.476986773002994369e+01
9.156371715013646551e+00 -2.034668391192525050e+01 2.299929667093904229e+01
6.665749241375433343e+00 -2.077629899008149295e+01 2.293628343994648233e+01
1.602620882919563394e+00 -2.142893449597891831e+01 2.105393738369053480e+01
-2.078975410303295579e+00 -2.194407153407163236e+01 2.399285395225535567e+01
-4.567219782779640802e+00 -2.234711109961545716e+01 2.723907756542366343e+01
-5.347123240822645229e+00 -2.244053125554935590e+01 2.725359939129129572e+01
-4.684371450670949066e+00 -2.245388358319915767e+01 2.097202081308234867e+01
-9.403988457149288216e-01 -2.272584110424466530e+01 2.038060760923626447e+01
2.754640709681001276e+00 -2.276919001319902591e+01 2.098650283418188423e+01
5.337781612013479560e+00 -2.298557252883778190e+01 1.977813201741808058e+01
9.410795765073764585e+00 -2.309549564830444623e+01 2.022439030200068544e+01
9.424419239802194426e+00 -2.268635973258270511e+01 2.601173614893239616e+01
1.032105806617030552e+01 -1.905431774834154979e+01 2.714458394206381087e+01
1.097753440877259656e+01 -1.538484457659895988e+01 3.004831825845695192e+01
1.171798158113877975e+01 -1.155756817791722924e+01 3.264059608378639865e+01
1.211027505590373998e+01 -9.263271757224043057e+00 3.315618012382169155e+01
1.222116275334026447e+01 -7.192978714107633564e+00 3.555489017859738254e+01
1.237197768346449145e+01 -4.741018751634376471e+00 3.128271764236481189e+01
1.243461923120318779e+01 -1.249700035267241383e+00 2.690106790326603559e+01
1.252140742078005786e+01 5.679301363874600383e-01 1.583534604522155753e+01
1.279904900848743488e+01 4.427854823651061977e+00 1.237927032134441774e+01
1.278194856417555769e+01 6.804800242477390348e+00 1.242828671309188593e+01
9.136918692064615044e+00 6.933059954217359433e+00 1.729302489558266132e+01
6.641806915044315751e+00 7.096861170158890175e+00 1.755931129502364740e+01
3.048697553869325616e-01 7.422043129928061589e+00 2.615355831403804032e+01
-1.152557624095139621e+00 7.624455346055893479e+00 2.746632465735329021e+01
-1.129512942649734342e+00 3.903357913416100278e+00 2.930398142788019555e+01
-1.013148597090236080e+00 2.324596685003954000e-01 3.225631615408034492e+01
-1.045539935080131544e+00 -6.145333490179869074e+00 3.270451320969670661e+01
-8.479301098811036219e-01 -9.860320163415996930e+00 3.122912145320249877e+01
-8.186118843479402996e-01 -1.167969531415660356e+01 3.126765603385691250e+01
-3.031689386770443306e+00 -1.399034220646247029e+01 4.187018572863800614e+01
-4.888958202596260350e+00 -1.597876567667938019e+01 4.145903922125084762e+01
-5.293260598890476842e+00 -1.656073652395080842e+01 4.124798018225285290e+01
-6.846207554470906231e+00 -1.811817988924387990e+01 3.910406588944780992e+01
-8.490148160277707134e+00 -2.000248647059748208e+01 3.344359713808066203e+01
-1.019249232700822105e+01 -2.204773427975286282e+01 3.126060846041428931e+01
-1.207539329584965770e+01 -2.224013039310722561e+01 3.385426523752409622e+01
-1.811275259260409953e+01 -2.327720910076296690e+01 3.198068876351216971e+01
-1.854154972601806506e+01 -2.281041540342771512e+01 3.719688786755044418e+01
-1.994854391365567281e+01 -2.076466930387967125e+01 3.797042381548921242e+01
-2.142451564793258001e+01 -1.867863431379481298e+01 3.365299907837813009e+01
-2.291891197315898410e+01 -1.675517990647205480e+01 3.364378775983263381e+01
-2.257599185366248662e+01 -1.306352692982307140e+01 3.200540363632548235e+01
-2.262448882524930127e+01 -1.036214880610862465e+01 2.949771974779854489e+01
-2.247611297828699151e+01 -6.739131157350301216e+00 2.684319312384095824e+01
-2.231879275019984732e+01 -4.102841013859086949e+00 2.627029035213295316e+01
-2.225424043833315935e+01 -2.423703555800258425e+00 2.695095557441744205e+01
-2.204607212899916391e+01 1.516737430211305915e+00 2.196901191033552792e+01
-2.195788209350939368e+01 3.964219144104306203e+00 2.179139910750966180e+01
-2.173842852177985563e+01 6.845016571716413090e+00 1.827913678513940354e+01
-2.157957073221841426e+01 1.057131810526250959e+01 1.922087358957185188e+01
-2.155737485203916037e+01 1.196895968076932171e+01 1.827094988047524993e+01
-2.141306773246683193e+01 1.321790498096430788e+01 1.933977005894708867e+01
-2.116644410389673325e+01 1.695525039822393865e+01 2.208530968056086508e+01
-2.120853312733895280e+01 1.853286656861800807e+01 2.302279666261174640e+01
-2.129432617945396089e+01 1.700448453574780316e+01 1.817999552210774183e+01
-2.141579393231757678e+01 1.434204372642790126e+01 1.854740363038181883e+01
-2.153404055438027598e+01 1.044614239020888924e+01 1.949599688494102523e+01
-2.165148423777393560e+01 7.753373260027730751e+00 2.056836211453388330e+01
-2.175738915036161103e+01 5.391195162374678773e+00 2.402952218180298871e+01
-2.206103181960172321e+01 1.472705080645585696e+00 2.666791975632547107e+01
-2.210792556163836053e+01 -8.208033177517949364e-01 2.610290449709011185e+01
-2.244618351443979165e+01 -4.724327696281021893e+00 2.771395567413551930e+01
-2.249064515636205286e+01 -8.476577288857370718e+00 3.203470251541306624e+01
-2.271535524567165254e+01 -1.108570035008691335e+01 3.291884271676549645e+01
-2.274079827465706316e+01 -1.340899841095988343e+01 3.334432333057601028e+01
-2.301180645302455829e+01 -1.717045136713998232e+01 3.060422014300760907e+01
-2.332426485833606478e+01 -2.145151720016874108e+01 2.947512000167577639e+01
-2.332328814266919537e+01 -2.109089169614134107e+01 3.271516901751787998e+01
-2.325368077473983064e+01 -1.732693384320008434e+01 3.168920769011447547e+01
-2.329541652091821291e+01 -1.346385401266063297e+01 3.185400243346454729e+01
-2.333237278765220069e+01 -1.085345046582146544e+01 2.892308229281232457e+01
-2.336194736935065563e+01 -8.022933498146178621e+00 2.521558413349784900e+01
-2.327555067526003185e+01 -4.309766150781733529e+00 2.482289873696442939e+01
-2.336961387447848182e+01 -1.971020619556147935e+00 2.464476391951292200e+01
-2.327619346924091914e+01 7.319502458703014414e-01 2.145233740075822126e+01
-2.330615099326211492e+01 4.644107105444396311e+00 1.895303231908178176e+01
-2.342030167824215425e+01 7.151314176466798678e+00 1.693494466161552836e+01
-2.333153225496762673e+01 1.103913253406128447e+01 1.640046800696898543e+01
-2.343026661105128028e+01 1.455233471185971617e+01 1.844789866220671115e+01
-2.341478663934134019e+01 1.960729783492735834e+01 2.470568915718135372e+01
