-2.992566220752731265e+00 9.973909607773798203e-02 3.244856973168313630e+01
-6.193045669478611792e+00 -6.943083000942579242e-02 3.611900729572086988e+01
-8.645479671124538967e+00 6.994006718474282680e-02 3.541855112353174917e+01
-1.108514302829612141e+01 9.814820121351283677e-02 3.124241294915202616e+01
-1.361016203373391065e+01 -1.609922402614304138e-02 3.022593329565125941e+01
-1.364099361767483387e+01 3.326678989926707963e-01 2.999449655094603173e+01
-1.360210721802219602e+01 3.028633861110092695e+00 3.106142790071630344e+01
-1.341360761078527197e+01 5.346059265635016544e+00 2.969535196221330509e+01
-1.331356717422538871e+01 7.956490167071298636e+00 2.797036670787480617e+01
-1.317812331682260130e+01 8.277065698667703586e+00 2.548944720622244375e+01
-1.300357696519785833e+01 1.215499907477316555e+01 2.608863522969371829e+01
-1.298957596674987514e+01 1.455442395480899087e+01 2.765419459286613346e+01
-1.286723686037940162e+01 1.585915371456516709e+01 2.749437764329001155e+01
-1.201084737868914054e+01 1.765801276584751278e+01 2.659576459292576800e+01
-1.089077181971692809e+01 1.980259678578661209e+01 2.663386234232740080e+01
-9.738716352535519150e+00 2.197932513377745423e+01 2.501242209496338020e+01
-1.050485179999407670e+01 2.206179542110086800e+01 2.651562992017088760e+01
-1.545326242375714187e+01 2.257660497619844975e+01 2.701527454906944925e+01
-1.782850936392115315e+01 2.282079840232754719e+01 2.899672602162105051e+01
-1.786863331278847511e+01 2.154980743648214414e+01 2.776398675612120925e+01
-1.833889798944441551e+01 1.789305270358357802e+01 2.157597667118431772e+01
-1.862681006679156681e+01 1.406691922171961195e+01 2.210222099931165829e+01
-1.907937392829270351e+01 1.029903453452147488e+01 2.092814934307039465e+01
-1.947195588463986127e+01 6.357334646015598167e+00 2.350971334674650137e+01
-1.987151019008780395e+01 3.651283127695684083e+00 2.970271085907674902e+01
-2.020893872378894685e+01 2.546082796609762666e-01 2.943340667029709934e+01
-2.060470720490626206e+01 -3.694177787541367497e+00 2.945822709509376836e+01
-2.071167253237132755e+01 -4.230743575697535341e+00 2.956860172693838607e+01
-1.942707763103653562e+01 -4.703276178893125881e+00 3.613304628837970967e+01
-1.712271706253652681e+01 -5.397214807002479020e+00 4.156084899304464386e+01
-1.372016326390723684e+01 -6.845185631981969721e+00 4.513862309327090827e+01
-1.133598371480878875e+01 -7.527212609334184457e+00 4.268625109772447956e+01
-8.957240655746726787e+00 -8.519204435525288943e+00 4.412974717545196057e+01
-6.717463143382291335e+00 -9.336361474533397597e+00 4.095845512045742254e+01
-2.173700397663011596e+00 -1.087674788282936689e+01 3.247997886923193533e+01
3.600031208060730847e+00 -1.308443323449074036e+01 2.889404789994058120e+01
5.327053090026095283e+00 -1.369016963538254572e+01 3.083793898919006793e+01
8.805953757160061457e+00 -1.526395305583069906e+01 3.126299956495536136e+01
1.090302845944301424e+01 -1.637812417367937101e+01 2.379859116104463368e+01
1.581240956273785692e+01 -1.851862231246089507e+01 1.915360710314985582e+01
1.635775657105357794e+01 -1.883384720335411089e+01 1.790069531457423579e+01
1.569484051772381150e+01 -1.628029046721260542e+01 2.498079207778279098e+01
1.511942942152530733e+01 -1.396093811575894605e+01 2.591762060716282434e+01
1.389488882719922991e+01 -1.014138528427889874e+01 3.236436452942053421e+01
1.256313435692584868e+01 -5.100191912049594656e+00 3.369156892704802431e+01
1.192976447340736534e+01 -2.586643805868491963e+00 3.153334640406795941e+01
1.113291355196052734e+01 -3.675205098931210168e-01 2.753818076949566773e+01
1.045362860578505781e+01 2.126050566697733402e+00 2.237203717994862018e+01
9.666446664520600862e+00 4.555964668399379747e+00 2.085488353160653219e+01
9.012244833132617927e+00 6.731491719339333990e+00 1.973910398156780488e+01
8.379345352376100564e+00 4.188259004257488094e+00 2.165493460590026586e+01
6.685692388204438785e+00 -2.116940318787699393e+00 3.423767293135360745e+01
5.935461696605710991e+00 -4.780022294273300609e+00 3.517901209278862495e+01
4.272786854601492657e+00 -1.105576555369128933e+01 3.122672766077713646e+01
3.618583635165633527e+00 -1.359963614687948130e+01 2.734361601287452359e+01
3.068854195043486666e+00 -1.548967765483945769e+01 2.631727736744718626e+01
1.675251341105926661e+00 -1.592204551436076265e+01 2.864958909924461494e+01
-8.710786054261198119e-01 -1.646367278745434248e+01 3.211493655557681848e+01
-4.284883412204710140e+00 -1.733759321676145859e+01 3.660069611558815694e+01
-6.858813049823569763e+00 -1.808892175605944885e+01 4.076868037603744455e+01
-1.059059352287152578e+01 -1.899806045214690187e+01 3.836863263175750660e+01
-1.297105209805318182e+01 -1.958932121074579058e+01 3.991308151268017212e+01
-1.656022794115772356e+01 -2.067344107367920003e+01 3.935022845654866330e+01
-2.123159461782821822e+01 -2.173083504922083620e+01 3.477964164373434386e+01
-2.014450407036588331e+01 -2.204503821519911710e+01 3.522858835615957673e+01
-1.639777229302378458e+01 -2.269331280064371015e+01 3.402186306433996066e+01
-1.403207060521875960e+01 -2.330179463300165210e+01 3.100876807784780098e+01
-1.329035696774413111e+01 -2.345580073959734335e+01 3.036187899827750414e+01
-1.049309379998318903e+01 -2.360449799989391551e+01 2.916927014636164373e+01
-8.224525556951270744e+00 -2.364993181457145255e+01 2.789469876622993638e+01
-5.958426315283954722e+00 -2.381373960687960434e+01 2.690282845230081676e+01
-6.786213021263302281e+00 -2.340317958043216962e+01 2.978142574465000436e+01
-9.057100443223973230e+00 -2.217876934671623346e+01 3.345825909300287293e+01
-1.229816244902411526e+01 -2.057156529139392376e+01 4.164497028256580080e+01
-1.482292547180481712e+01 -1.924251111903247491e+01 4.595031330327083907e+01
-1.695907003151085846e+01 -1.828899448037482145e+01 4.492273108373658630e+01
-1.912621193835191491e+01 -1.714941162921830298e+01 3.831788278722562779e+01
-2.195526238802190733e+01 -1.564844255028168618e+01 3.567738346732843979e+01
