2.963446070559901280e+00 4.368662782394827637e-02 2.823435029656394235e+01
5.004909573250057697e+00 -6.770344351595508625e-02 2.645760960285660346e+01
7.543052728953584918e+00 1.089942868065338355e-03 3.086815636296870125e+01
1.374736715288258893e+01 1.729910266456713419e-02 2.013492840431435837e+01
1.518503627422605540e+01 -7.222466908470198677e-03 1.689698049551241610e+01
1.763630965847623244e+01 -3.011646425132848137e-02 9.894181614481603049e+00
2.131947301661805838e+01 -9.757548906866991834e-02 4.036415777380550018e+00
2.169538843052802335e+01 3.761664829126584730e-02 4.083487664263953043e+00
2.174334117529233623e+01 9.135551136027129093e-01 3.884990304076096024e+00
2.186498555483754558e+01 3.377690007077587264e+00 9.690667789997381432e-01
2.187904119509636303e+01 7.009288930583269739e+00 -1.382262787891814226e-01
2.189283820633213296e+01 7.917075644498716258e+00 2.886666248605203600e-01
2.190269005319495577e+01 9.406175305924929120e+00 1.983335040643189329e+00
2.214199668652564768e+01 1.187047212964420062e+01 4.579343033574136967e+00
2.229634836962036104e+01 1.424226218147279255e+01 6.136447467197393202e+00
2.229472716460428927e+01 1.500063573384414006e+01 6.060057806588235785e+00
2.189221591081119200e+01 1.530899838527632362e+01 -3.730070548106564576e+00
1.858970844199269479e+01 1.698539900850511231e+01 -7.700808777134439786e+00
1.636750207788606559e+01 1.804582390579337670e+01 -5.978063834370144214e+00
1.500599103065047757e+01 1.866956865237007435e+01 -3.379864424930548061e+00
1.157408470074939721e+01 2.026391492493447188e+01 6.079554001240897954e+00
9.168260343271050772e+00 2.121505069624721429e+01 7.184391782831589524e+00
6.286240531515285390e+00 2.197773729949734545e+01 9.869613205759790731e+00
3.885653251541091979e+00 2.269705893501311778e+01 1.127939648661587313e+01
1.513188751903873808e+00 2.328272123751413503e+01 1.128562434053580787e+01
6.175745000187320422e+00 2.353119660881480257e+01 1.126969964091594889e+01
9.488580165614440176e+00 2.379669678089769391e+01 8.673456411120687548e+00
1.243109871905322805e+01 2.371869807569315469e+01 7.276394793284938878e+00
1.724671232204255844e+01 2.368159980420879052e+01 4.269490120471941985e+00
1.761909861768494778e+01 2.386753243936383839e+01 4.153037450388315399e+00
1.797523056314704348e+01 2.142323078220869803e+01 -1.747588334273102673e+00
1.840283532742130745e+01 1.905891034655653726e+01 -5.414116293575557570e+00
1.893969164063622657e+01 1.651756769539012737e+01 -3.153067277430090076e+00
1.972156001564868077e+01 1.300614068899616704e+01 -6.137689718719414600e-01
2.018803141337900087e+01 1.075147009465561609e+01 -1.792936439936618553e+00
2.067368340416756922e+01 8.086184028545062574e+00 -1.647164523268668024e+00
2.136828644920065656e+01 4.411422033578060287e+00 3.637244367515454879e+00
2.209349802412576480e+01 7.359777778664331471e-01 4.814657312205523176e+00
2.261162473054736211e+01 -1.656498040261887628e+00 5.357819327327520753e+00
2.275529459867459536e+01 3.972649266262324730e-01 4.853295965552519853e+00
2.284518270723592792e+01 2.893290593187974657e+00 1.300571853104276032e+00
2.317523424866034176e+01 6.789881887057137355e+00 1.535930575958824429e+00
2.326097776599923961e+01 9.274766188814460577e+00 2.461622537489952744e+00
2.330158012700407966e+01 1.194329478797359911e+01 7.478835487012926109e+00
2.352586767982697324e+01 1.449671642100356728e+01 7.525559187675796124e+00
2.365594113445455449e+01 1.980351758819447028e+01 7.008723870132386402e+00
2.392232345825152962e+01 2.140438928256611462e+01 9.517343390243070189e+00
2.380147668600145749e+01 1.954058241103765070e+01 6.695622309620399726e+00
2.376990457903290732e+01 1.307563601752624649e+01 7.528209097145363238e+00
2.379343693511578905e+01 1.043349934811901925e+01 3.874136184113268211e+00
2.376873135604690290e+01 6.763099678678686111e+00 1.818388419720173843e+00
2.374844842141261481e+01 4.634781480509468032e+00 2.288268830064915438e+00
2.375327341995935981e+01 8.956994890014566835e-01 5.390575393161506135e+00
2.360010606152800960e+01 -1.504580998412887283e+00 6.280968912301982066e+00
2.374632225862232104e+01 -4.007312932217256041e+00 1.452997158958141810e+01
2.375350101231515154e+01 -6.337571202100073187e+00 1.547212370987842966e+01
2.357824922795527911e+01 -7.156121536790621462e+00 1.566809959883257086e+01
2.374024152177943137e+01 -8.860994188897590718e+00 1.640317003277294106e+01
2.381033304586595634e+01 -1.256116703271111135e+01 1.533746186983723270e+01
2.376881552417286514e+01 -1.433112395575230913e+01 1.524544491477301378e+01
2.378565869716687331e+01 -1.681718030652686480e+01 1.648134972553801347e+01
2.384614553137657822e+01 -1.937062615448248337e+01 1.667009889698958602e+01
2.369739941419435070e+01 -2.053456134704757474e+01 1.686456280912798888e+01
2.170114599722028359e+01 -2.139082655825294310e+01 1.738349580745948586e+01
1.788705556322331347e+01 -2.288570793180263507e+01 1.713940577777184160e+01
1.666346178949715551e+01 -2.316463490141310544e+01 1.682891976509403520e+01
1.536788619746893758e+01 -2.327588370577244703e+01 1.806036532233323300e+01
1.181674277707129406e+01 -2.364705389542598013e+01 2.183670861161376564e+01
9.940086286575242625e+00 -2.380970205938815454e+01 1.994070956281671769e+01
8.521695735802715888e+00 -2.237823298534121363e+01 2.145550904567441108e+01
6.812477340638043444e+00 -2.046583334166621526e+01 2.351377539243329551e+01
4.914263699962774012e+00 -1.855655120606274266e+01 2.235742846173330989e+01
2.349159058919860765e+00 -1.574868405786010861e+01 2.975455134700569459e+01
6.761674824642585069e-01 -1.404052240432071663e+01 3.088762105368328648e+01
-1.199086971095997267e+00 -1.205301343590992325e+01 3.353266997794745663e+01
-5.554310875906084632e+00 -7.461966675212238442e+00 4.038721916277048507e+01
-7.262369227673719507e+00 -5.476056128442778004e+00 3.800189351964667850e+01
-9.068980514345266641e+00 -3.671667975611054846e+00 3.575138577349680702e+01
-1.066278056415656472e+01 -1.841073664653749553e+00 3.474998817834726594e+01
-1.244231537873130122e+01 -7.396580835703754631e-02 3.150745961540802043e+01
-1.407512822372363814e+01 1.792358028702278894e+00 2.893275669998959287e+01
-1.590022399738776215e+01 3.514321869500574902e+00 2.677529584693907339e+01
-1.752922384784800158e+01 5.183037231358440522e+00 2.187949133347299480e+01
-1.946311248966984664e+01 7.133927076402273748e+00 1.910803812907458266e+01
-2.240636775171322626e+01 1.033044443897238551e+01 1.760331584494205259e+01
-2.276135672387550102e+01 1.279317947801334299e+01 1.694661596641029178e+01
-2.324621180670173715e+01 1.639278464071007235e+01 1.969996751200456941e+01
-2.329211148641752516e+01 1.790949492690393896e+01 2.162575609877823624e+01
