-3.031136794493888509e+00 2.147895641459368621e-03 3.234942274999963985e+01
-4.697917937229250995e+00 -1.678426064661929246e-03 3.613326441957913460e+01
-9.764356056386198190e+00 -7.091794972109700945e-02 3.566514392937621380e+01
-1.355857428656134189e+01 2.728564948592744621e-02 3.033601283821789352e+01
-1.460906658100952882e+01 -2.227311696249866316e-02 3.050775841020935175e+01
-1.712202993559394315e+01 4.849078760940161298e-02 3.059053906682433421e+01
-1.958588100194631210e+01 9.239535012099886480e-02 2.745956570970697541e+01
-2.156336337749347720e+01 -8.592531818493807927e-02 2.739375056532530195e+01
-2.065745058524730382e+01 3.295273707800574936e+00 2.477605219204738063e+01
-2.017346415060099929e+01 5.773663332075831711e+00 2.250662890365221003e+01
-1.954107745863378653e+01 8.228305615901314596e+00 2.133157607791522281e+01
-1.949157132537576942e+01 1.042239493004692541e+01 2.192139363958630227e+01
-1.933456238200024657e+01 1.303472073121471553e+01 2.134467718314234830e+01
-1.904488295906312345e+01 1.565772824039860112e+01 2.159891795262557679e+01
-1.904904606375054854e+01 1.626205527872489753e+01 2.160360931629371706e+01
-1.760255665214729959e+01 1.836313262263701773e+01 2.197743812972771593e+01
-1.602204358248895488e+01 2.032789215217673728e+01 2.541086007002633451e+01
-1.440518821231611923e+01 2.225716643644219062e+01 2.536796321825637435e+01
-1.184686217821000476e+01 2.265877511169824743e+01 2.231456011942258755e+01
-9.366153058050683100e+00 2.297399170431987514e+01 1.668249560239554441e+01
-6.335733128588977969e+00 2.353577839449648934e+01 1.611430484173692435e+01
-4.900810033303987012e+00 2.350963860169156305e+01 7.282107630558246392e+00
-1.229633200050827879e+00 2.351873827437636422e+01 1.131522717477412066e+01
2.491564787788116853e+00 2.355503341515962035e+01 1.073045454527920839e+01
6.122932175378033470e+00 2.349890136476147617e+01 1.061875821164633926e+01
6.872717120058528195e+00 2.346219125470684830e+01 1.057741708267196223e+01
6.889906567047556329e+00 2.136918536920818568e+01 7.969289406185063207e+00
4.452558437191472152e+00 2.102212393557062597e+01 8.446147355341718566e+00
1.876044366038944977e+00 2.076619676299364770e+01 7.641461045923128914e+00
-6.869688203241799407e-01 2.043471187366149167e+01 6.644476768902244146e+00
-6.807889757410340970e+00 1.962479577254208962e+01 1.962232771984828261e+01
-9.467940765526288160e+00 1.924156355507658489e+01 2.614741609911754949e+01
-1.026868117163641791e+01 1.909703793801476834e+01 2.691169247509147766e+01
-7.119597900282172098e+00 1.693498207772426767e+01 2.637742150238659278e+01
-5.040467068954023411e+00 1.564080253219773375e+01 2.510343264533844376e+01
-3.049230108655887062e+00 1.411512666933166749e+01 1.876296488274708452e+01
-1.047810268847479964e+00 1.276087663434338815e+01 1.615222724035118063e+01
1.324646991314589073e+00 1.123865467358638881e+01 1.640947602050309229e+01
3.546005998754472976e+00 9.598336197353127375e+00 1.675508444702327893e+01
6.500572066094036927e+00 7.641558587087716070e+00 1.787295815964504087e+01
8.494796218880001248e+00 6.019207395906644997e+00 1.991571875105636380e+01
1.155583533844930244e+01 3.975520963820210696e+00 1.862686117593677082e+01
1.067597333604538790e+01 -1.112688717348098155e+00 3.065466227249881115e+01
9.716379906809564204e+00 -7.203057272563738067e+00 3.690138711075674394e+01
9.336209192710329674e+00 -9.623960075975384498e+00 3.565274326996483012e+01
8.493355244483725031e+00 -1.479922686930654230e+01 2.995990833411254073e+01
8.095714319828530847e+00 -1.738227687333924365e+01 2.656945306197490453e+01
7.828316336464550496e+00 -1.992401944196930330e+01 2.407213358111271617e+01
7.609863981208205175e+00 -2.065789282992413334e+01 2.410083715768024959e+01
7.312413198390564695e+00 -2.077082480829601607e+01 2.376656109246146897e+01
4.497979005197480618e+00 -2.091448455291146402e+01 2.193348906100615636e+01
9.141880138457170180e-01 -2.129898608769798685e+01 2.183387216571676248e+01
-4.121537063421168767e+00 -2.170680212926384911e+01 2.611713495679142127e+01
-7.740704040483496584e+00 -2.207487772194600595e+01 3.107978326802697211e+01
-1.142667477682507560e+01 -2.215035367241980069e+01 3.361703304558695748e+01
-1.384333157864566388e+01 -2.232078785311340852e+01 3.441963929190970362e+01
-1.812884815312964903e+01 -2.278045925432667929e+01 3.361401599772846538e+01
-1.879792981803591445e+01 -1.993123393247068265e+01 4.121969448517165091e+01
-1.925654785074744524e+01 -1.743116974682519071e+01 4.385355916232201423e+01
-1.967933574930875551e+01 -1.502333159602009083e+01 4.311352927876542651e+01
-2.045777313644983408e+01 -1.141077055820695563e+01 3.753287350356580987e+01
-2.100673232436462001e+01 -9.036590775210553872e+00 3.079652275939626094e+01
-2.139799371766583391e+01 -6.586946983779240483e+00 2.826636014975422029e+01
-2.191862732119387402e+01 -4.190575671500521793e+00 2.640121311416328709e+01
-2.266244648909930959e+01 -3.617871062043550578e-01 2.520676838355643312e+01
-2.324056328442813779e+01 2.064042479150471454e+00 2.122774819500303423e+01
-2.342541937102044614e+01 2.521732867791905530e+00 2.110696879719533214e+01
-2.330114581778993355e+01 2.885185786630551696e+00 2.055656481662751389e+01
-2.309725117131834793e+01 5.451444270071764464e+00 1.848078788082290203e+01
-2.293199503926367910e+01 9.202709915598479284e+00 1.701922048252149011e+01
-2.279419678563563778e+01 1.006570622470193577e+01 1.701543465353877949e+01
-2.268543556687236418e+01 1.362189817829198368e+01 1.778772812796747615e+01
-2.264497085396541465e+01 1.611209321676849626e+01 2.077543980031064663e+01
-2.248031730234032466e+01 1.717559380939928104e+01 2.075611694630463688e+01
-2.065883734117738868e+01 1.640970083699465576e+01 2.047309228053357089e+01
-1.826799219441263844e+01 1.532585204443757831e+01 2.156199356564157554e+01
-1.372632914503968493e+01 1.329163593725726145e+01 2.663921797388888280e+01
-1.146456730844316851e+01 1.226577941806445260e+01 2.782043636545664711e+01
-5.814270487010167798e+00 9.690766405060658784e+00 3.308372692661391312e+01
-5.000899142308830037e+00 5.740677677193905204e+00 3.281792950537337816e+01
-4.502007673498527041e+00 3.243450932599658998e+00 3.409942095935142703e+01
-3.931196438962816231e+00 7.916765265779570626e-01 3.281862392528708483e+01
-3.729139034084104853e+00 -2.114946497169890582e-01 3.291572356608087802e+01
-2.756593174102748733e+00 -4.823267680057162110e+00 3.160212894742444689e+01
-2.180523829627388555e+00 -7.251206693112839829e+00 3.198634504657177402e+01
-1.799639472413761876e+00 -9.637671021903750912e+00 3.194488302004479507e+01
-1.130334580359641405e+00 -1.204035398772996679e+01 3.090486208974235538e+01
-9.370973212196700430e-01 -1.296864837359555267e+01 3.089850903411195659e+01
-5.506562972424720037e-01 -1.484287577087645360e+01 3.148584437164015526e+01
-7.127008646531579616e-02 -1.720429150687629871e+01 2.718462707468556872e+01
8.169577145115280992e-01 -2.119942727346036193e+01 2.094014112508169845e+01
9.408216102709211492e-01 -2.190501565387251759e+01 2.092533957396581812e+01
1.850873476442334686e+00 -2.103473720183358608e+01 2.138097056128981777e+01
3.621546493015233903e+00 -1.904857253805407780e+01 2.130176106270397796e+01
5.283021166124258094e+00 -1.738056183489888085e+01 2.433525982872238913e+01
7.045421905653286743e+00 -1.542097415256243664e+01 2.987687165204905426e+01
8.875273941394185684e+00 -1.358966299477619977e+01 3.298703123442908236e+01
1.141984987795194506e+01 -1.102875441717137051e+01 3.216239275774741913e+01
1.333986326124533051e+01 -9.171853623976357284e+00 3.254816100917354049e+01
1.494851530119948357e+01 -7.346933675045574041e+00 3.045620771414173333e+01
1.674372239805398621e+01 -5.579328911740352837e+00 1.440569918357585877e+01
1.941548438830926315e+01 -2.670191001493167349e+00 5.913884558630749133e+00
1.994650244140379058e+01 -2.220291951138028352e+00 5.843051592286863993e+00
2.083806055365510090e+01 -6.627881331144487298e+00 1.782512719313648830e+01
2.135320178696382598e+01 -9.947342481902087030e+00 1.506181560561480737e+01
2.229666167713306280e+01 -1.500609014278655629e+01 1.454037795620634199e+01
2.308117656026167452e+01 -1.990165443378341337e+01 1.663795325428968752e+01
2.352789520862900119e+01 -2.126861249503911466e+01 1.694693492825966885e+01
2.306569839031261537e+01 -2.112103990208535720e+01 1.677875191421800238e+01
2.065395629135648647e+01 -2.047648178556649157e+01 1.704740944175836503e+01
1.717506952374926499e+01 -1.955954325741635458e+01 1.992390972681097949e+01
1.490841946686727937e+01 -1.899662206413723098e+01 2.317735110331084059e+01
1.125328891325742475e+01 -1.811236496196112356e+01 2.650269127888067544e+01
8.723790638335227499e+00 -1.746549580138901803e+01 2.603934130012615711e+01
4.800802119593186035e+00 -1.643186403709517052e+01 2.444910461146710645e+01
1.219707311020984619e+00 -1.544349349624772216e+01 3.241387180713243765e+01
-1.345565533739293551e+00 -1.476943220439960847e+01 3.940190874330822624e+01
-4.724888712539595303e+00 -1.387803158769034972e+01 4.570092259479395125e+01
-7.193203099603394435e+00 -1.322180399788074645e+01 4.831379215387190129e+01
-7.815340519014413623e+00 -1.302619103140364487e+01 4.824417519304455482e+01
-6.333345921956725633e+00 -1.112765306212974536e+01 3.841621889037837434e+01
-4.673595919120765885e+00 -9.375291300760773439e+00 3.296170582632875323e+01
-3.156673198489756693e+00 -7.402744356025131367e+00 3.297734305880477024e+01
-1.474839091406849656e+00 -5.446848102126122804e+00 3.404961731828667837e+01
9.245676743259432229e-01 -2.598882297716961443e+00 3.451974346173499697e+01
2.362384259241601558e+00 -7.818367511261808955e-01 2.752518076427972460e+01
4.656454200107953412e+00 2.043765970535003085e+00 1.966119317301610536e+01
6.365174758024803481e+00 3.803910734776558389e+00 1.827550264522443868e+01
8.091463274741254708e+00 6.074145603607319366e+00 1.804689195565524074e+01
9.560344690242965626e+00 7.881215907859381531e+00 1.505269353163223123e+01
1.134036875023626578e+01 9.811050004701579397e+00 8.199375500398399907e+00
1.298664222486334197e+01 1.201155956098477162e+01 6.502969902632942834e+00
1.342939362904166600e+01 1.233701121010572521e+01 6.455297545372114421e+00
1.264818252711533830e+01 1.258047126336575339e+01 5.126776364651487228e+00
1.033193881340644893e+01 1.353667039912366299e+01 4.314734437037599513e+00
7.012392786305987613e+00 1.476373176293883738e+01 4.771043186736725339e+00
4.671740113370709935e+00 1.548175269940575305e+01 6.381389150062783067e+00
8.569068565740672883e-01 1.675964952511114348e+01 8.621441921051522073e+00
-2.699669656341332491e+00 1.817492218742952659e+01 1.331556964116503217e+01
-4.875894148744339240e+00 1.888668613523474704e+01 1.742662441765770609e+01
-8.397614237244798829e+00 2.016561116118498731e+01 2.715648559100419845e+01
-1.335173290085142916e+01 2.182206555990515540e+01 2.554140293321692923e+01
-1.671869860109208616e+01 2.297654470421585415e+01 2.910227397415672002e+01
