3.057403571555628474e+00 7.020030235892552040e-03 2.638921746339935126e+01
5.149258288674878337e+00 3.050576760586057312e-02 3.086509504918109670e+01
1.133400993288757697e+01 7.707865828894508442e-02 2.680106666645191282e+01
1.508231146861049154e+01 -3.339762969079820842e-02 1.721849436537799960e+01
1.615733618279744022e+01 5.967068886688384755e-01 8.243440950178062110e+00
1.842394095149865052e+01 1.613041940606304125e+00 2.319769996637474740e+00
2.057053545817168327e+01 2.805521244056383701e+00 2.080396614935899446e+00
2.227334408645758046e+01 3.691506993766781264e+00 1.799802044863779482e+00
2.188815675493690449e+01 5.656766112436594440e+00 3.937265620329228333e-01
2.154563619829644594e+01 9.491059963921969711e+00 1.368059254821736015e-01
2.139845037695579677e+01 1.081851584216000006e+01 5.733087368041798193e-01
2.143418822419780767e+01 1.132937810836866888e+01 2.651612387498629264e+00
2.176367905143814241e+01 1.518858856487570286e+01 4.204183669567352233e+00
2.201130297470103514e+01 1.746097370198998178e+01 4.130128900665877900e+00
1.832475093471767735e+01 1.831717807141574994e+01 -5.205953069444070103e+00
1.453677004273565032e+01 1.906601899497182373e+01 -4.763661588616550091e-01
1.093185056850778203e+01 1.987477822314547637e+01 6.194392109486925868e+00
8.428538794691180058e+00 2.025552408374246127e+01 7.409365443194259271e+00
5.981044177356372060e+00 2.075178931800682847e+01 8.476096275515907053e+00
2.330079221574516524e+00 2.171462886774820333e+01 9.957873839964797469e+00
8.423332273345503218e-02 2.211232290124801736e+01 7.117539847898815886e+00
-3.815493043149523089e+00 2.301131362389946489e+01 1.054117907508858920e+01
-4.461949485396845105e+00 2.318347924057031761e+01 1.045284246480071033e+01
-1.956308006114721554e+00 2.325987592931217662e+01 7.439890234382201761e+00
5.421120285751549472e-01 2.333105008144900694e+01 1.171278457597370881e+01
3.131270001752170629e+00 2.334159411711607390e+01 1.048193369753091631e+01
4.989547404503906769e+00 2.354369671182225687e+01 1.123665147813983367e+01
8.690175391940337946e+00 2.359721836078972146e+01 8.133518665235220269e+00
1.112461525377365668e+01 2.381207881383676650e+01 8.224167138845324132e+00
1.599728127506558728e+01 2.384724272427226666e+01 5.434735004257820634e+00
1.852808614773417162e+01 2.381673382484674306e+01 6.067681456546847762e+00
1.924116566588215349e+01 2.384757464213264555e+01 5.897344679537599887e+00
1.919489618365772543e+01 2.208364631873467943e+01 1.498812402632044627e+00
1.919326536259428551e+01 1.948998611221205834e+01 -4.987284170992344556e+00
1.895241712051370797e+01 1.579488023676165476e+01 -2.766618861219916514e+00
1.892875787609949967e+01 1.314654572532338328e+01 -1.421892908955796786e+00
1.892467043089395062e+01 9.334969435428178031e+00 -2.380514630925538722e+00
1.865746001792077990e+01 3.036578892063352075e+00 2.132111095702446946e+00
1.846657636190448670e+01 -3.094834449908919094e+00 1.321086953915181539e+01
1.844262874625548321e+01 -6.878789364972003995e+00 2.218259873484154099e+01
1.848137838483572537e+01 -1.187829418201402198e+01 1.852919426742064957e+01
1.844044997050603385e+01 -1.545536572888206628e+01 1.567950558714137088e+01
1.851251114108785600e+01 -1.782590575350803519e+01 1.561822194525233165e+01
1.856332858988333356e+01 -1.815442640349985126e+01 1.564188784775771346e+01
1.475472273018186087e+01 -1.862277410434521840e+01 2.150431231908956420e+01
1.217822878325017122e+01 -1.896107193102976751e+01 2.536050672599975897e+01
9.793883619523105821e+00 -1.926960095434728615e+01 2.481471257628983196e+01
5.897882962533462781e+00 -1.996361860755792605e+01 2.245924660601070855e+01
5.785363166653337830e-01 -2.076012984143459050e+01 2.172386897777030512e+01
-1.920349762928695414e+00 -2.117995177957051212e+01 2.282455558281492713e+01
-4.353555841185269060e+00 -2.150275377830185164e+01 2.707105873379052241e+01
-6.228985890807298809e+00 -2.169626089628887655e+01 3.028255631285789562e+01
-7.286259327121340945e+00 -2.184911160203788327e+01 3.105406655392213722e+01
-1.090637829783867296e+01 -2.230067788955780372e+01 3.247940884019301677e+01
-1.465966514076457017e+01 -2.255327184274298347e+01 3.397629256861085167e+01
-1.721756994912848882e+01 -2.293735360575127658e+01 3.249286845953727720e+01
-1.837609835903619526e+01 -2.300087893917735116e+01 3.253907586668575647e+01
-1.874827223368002294e+01 -2.083077743440038532e+01 4.165230911629981136e+01
-1.912009244061324154e+01 -1.829352601958840907e+01 4.403942445236636161e+01
-2.008954680119454039e+01 -1.325302644410657038e+01 4.009746645592867509e+01
-2.033078297758011743e+01 -1.085789697900479922e+01 3.686988984385212120e+01
-2.086959525559957385e+01 -8.323059278849395781e+00 3.196796491556334630e+01
-2.172102438277237724e+01 -3.225513164023241508e+00 2.704594342845700794e+01
-2.207246309228790082e+01 -1.014946080967683351e+00 2.678516330996614414e+01
-2.268333627041654665e+01 2.507512457734418554e+00 2.181540136548840891e+01
-2.254332956614011607e+01 4.549807163935009058e+00 1.937536583918210908e+01
-2.237187592512624690e+01 7.117099882446921377e+00 1.814278590598360452e+01
-2.238762059477626920e+01 9.599409649465602712e+00 1.805707951600757966e+01
-2.229533709185843549e+01 1.067953234577002775e+01 1.796012640011557693e+01
-2.225187687220499555e+01 1.265145114364121248e+01 1.793108139605139328e+01
-2.192259902392284587e+01 1.618774245128336275e+01 1.964222268813954742e+01
-2.196126594350042538e+01 1.758124863066516141e+01 2.138774906807077159e+01
-2.043565569149863137e+01 1.776541264047855506e+01 2.305537222326120173e+01
-1.411991736437009770e+01 1.814446902959094388e+01 2.485186719226583563e+01
-9.216968532669906011e+00 1.850832310379379209e+01 2.585358134388972573e+01
-8.086122843373885871e+00 1.863141686092174965e+01 2.458631400836393865e+01
-7.564481758102500564e+00 1.773076789013039445e+01 2.756991905780900254e+01
-4.679374383521574643e+00 1.347561863395504211e+01 2.958629063637694401e+01
-2.652044759968966048e+00 1.042730565297993195e+01 2.887683904883028063e+01
-1.198514183927377630e+00 8.364759420454262795e+00 2.674164817813812434e+01
3.206030215920170345e-01 6.324938709278650428e+00 2.494758094199434240e+01
1.644055147059321431e+00 4.321497446732299075e+00 2.257870668708839546e+01
3.707062570196551832e+00 1.028270855538843120e+00 2.452530578931475702e+01
5.097352052110855958e+00 -1.006536346865042786e+00 3.388281946787216725e+01
6.168753404324355927e+00 -2.493317306789472276e+00 3.387334521169153589e+01
6.666496648998569974e+00 1.035700075328022107e+00 2.005709816642072596e+01
7.205637969722022085e+00 4.800720539226334793e+00 1.785035183489944899e+01
7.479860976219748991e+00 7.168959445089032378e+00 1.700018975738813509e+01
7.733950863018548283e+00 9.438832724871842217e+00 1.262867252105270843e+01
8.238804431642128279e+00 1.273691331660006831e+01 6.474105115143357736e+00
1.012344661059026230e+01 1.424688355064829892e+01 3.840180365286729014e+00
1.216205978493207418e+01 1.566384339485141552e+01 3.005155676914530449e-01
1.414241676985357898e+01 1.700345970966903408e+01 -6.889210247523124941e+00
1.733842548713272080e+01 1.929720746588307279e+01 -4.630428755293161558e+00
1.924654499215486325e+01 2.084451481378192028e+01 1.820480579224534878e+00
2.208022598117719681e+01 2.276673349307105099e+01 1.005294699069943931e+01
2.241554378762796063e+01 1.684875696431819847e+01 5.508036124549241741e+00
2.247778450682526596e+01 1.418485633384233680e+01 6.221067249052790515e+00
2.260326881635786123e+01 1.157220075241875001e+01 4.107842844439829832e+00
2.295738644003756335e+01 7.903209746582430917e+00 1.540341109142248754e+00
2.301133806940799076e+01 5.487633935575660260e+00 1.340990971497890261e+00
2.312284255153608115e+01 1.638552422092290461e+00 5.443086234615759800e+00
2.333578220259209957e+01 -1.223206458534276342e+00 5.843988002996861830e+00
2.353126352017252287e+01 -4.057345446762186114e+00 1.131718859086318574e+01
2.365889505523171010e+01 -6.507402686382156354e+00 1.540680620270632595e+01
2.373032459669913408e+01 -8.796479694403766203e+00 1.641224355940425994e+01
2.372186538601887662e+01 -1.089734418441953068e+01 1.580431461800027115e+01
2.382173380726742806e+01 -1.687946172654769939e+01 1.646881982703217062e+01
2.324569751589852018e+01 -1.734259363899815654e+01 1.612975554545277745e+01
2.133787211148781537e+01 -1.923121254781557710e+01 1.514714195237485583e+01
1.954411779068680133e+01 -2.099393811559603051e+01 1.733040209705384171e+01
1.806902932518331184e+01 -2.252468207069829376e+01 1.720187367918276422e+01
1.749374233009951851e+01 -2.264127964596728404e+01 1.694154016934738749e+01
1.347019375149289999e+01 -2.309308007781556427e+01 2.183128498733454492e+01
1.011772698337465037e+01 -2.336062306338698136e+01 2.056099541531049013e+01
6.608454037131190617e+00 -2.360440636417378357e+01 1.951162928278921171e+01
4.128886318091583796e+00 -2.365429916209813044e+01 2.028840559553377076e+01
2.992427270400016770e+00 -2.356543188504345210e+01 1.994937074356107587e+01
-1.920300488274679640e-01 -2.374026494455551273e+01 1.942641010182734362e+01
-2.955580685872507996e+00 -2.363213112538786476e+01 2.228353659166926093e+01
-5.574171816089296350e+00 -2.364426780693333185e+01 2.756542148376605539e+01
-7.993453598201004873e+00 -2.359537258585461927e+01 2.877307540415064580e+01
-1.053421936205227638e+01 -2.373894848357034348e+01 2.891368933857974355e+01
-1.419669788735943428e+01 -2.372675541142499966e+01 3.207165643966744994e+01
-1.821910121667056615e+01 -2.357706967216990890e+01 3.103715667549745305e+01
-1.997766780341539317e+01 -2.365316687065582002e+01 3.078981112500355977e+01
-2.035677731623434994e+01 -2.260781408849110719e+01 3.739711522947425948e+01
-2.199663256705348147e+01 -1.922900130229340121e+01 3.504258989691754067e+01
-2.279362205364396488e+01 -1.694082198492028013e+01 3.377050888607736567e+01
-2.239162985023713048e+01 -1.671419917977230440e+01 3.868219460880333571e+01
-2.029861137081597988e+01 -1.534051429062868799e+01 4.350093362944524245e+01
-1.829384577825377889e+01 -1.396603554807330738e+01 4.374939708790721227e+01
-1.522824908268888677e+01 -1.204098973862717870e+01 4.629263666837354663e+01
-1.532055466231567387e+01 -1.125101553260511800e+01 4.693664670398252525e+01
-1.591346565181171258e+01 -8.844150770401061123e+00 4.504220265402533130e+01
-1.645848892891449822e+01 -6.472620163758936229e+00 3.865822976417441481e+01
-1.718428559041607429e+01 -3.872701356001851725e+00 3.350908689788139583e+01
-1.807370120074991604e+01 -3.980717973616558214e-01 3.112930673103797830e+01
-1.923159523076385824e+01 4.411899154370850340e+00 2.455073186091641801e+01
-1.974126891112673121e+01 6.898843867643987160e+00 2.209180449767602283e+01
-2.064754772752858969e+01 1.055007495141168938e+01 1.982283557589548550e+01
-2.113243186442065991e+01 1.317501829545730097e+01 1.811384595479965398e+01
-2.173640930506131141e+01 1.556710023400828113e+01 2.238524161423583791e+01
-2.264202621946179761e+01 1.939785475324828923e+01 2.591839054282404931e+01
-2.296854344946035908e+01 2.020937800537950579e+01 2.591802643984098253e+01
