-1.047229336135554467e+00 2.922326170266517642e-02 3.298793477480252534e+01
-2.127210422973638604e+00 6.011396439352503090e-02 3.219543924584231576e+01
-4.491487729150557939e+00 8.479589044779753393e-02 3.227827292742163934e+01
-8.128706942850891792e+00 -9.113306617919365860e-02 3.372577794557705033e+01
-1.073143893630765078e+01 -8.230139379128112442e-02 3.536344211446881758e+01
-1.446588636918947124e+01 -1.308246988606387162e-01 3.614347523674258866e+01
-1.705467556384905237e+01 -4.331307637591118032e-01 3.591464886622985375e+01
-2.093228388975568066e+01 -6.558720928623892332e-01 3.541799414282023406e+01
-2.331256857179935693e+01 -7.363232056664347214e-01 3.379626761805420188e+01
-2.597987659120323656e+01 -8.631155255543573324e-01 3.095664932745441789e+01
-2.901800036458825005e+01 -9.462078162560466632e-01 3.068829805224076424e+01
-3.152018325301277102e+01 -1.127095242100471184e+00 3.225474897898042315e+01
-3.389454630731906803e+01 -1.194073170641694714e+00 3.297375661731467744e+01
-3.482950365636434498e+01 -1.351056447193410337e+00 3.295776023538456911e+01
-3.499128797564232940e+01 -1.756355323394560797e+00 3.346881556697963589e+01
-3.652209613387513087e+01 -3.602064039789189653e+00 3.302130447389306767e+01
-3.800559741217008991e+01 -5.617054104789812818e+00 3.221716703190559628e+01
-4.021706553737707424e+01 -8.406013970670036528e+00 3.158155627365080065e+01
-4.180388710549954823e+01 -1.045447585216042796e+01 3.026359945525428685e+01
-4.405261705203647438e+01 -1.338175986246437965e+01 2.917660246955508185e+01
-4.548342016574823532e+01 -1.535656579603501015e+01 2.868008583007755163e+01
-4.681791073805101178e+01 -1.711195265418692557e+01 2.811594151144456077e+01
-4.772997524661723645e+01 -1.835942728568619842e+01 2.824952969765281807e+01
-4.794661620509304356e+01 -2.104605700110618827e+01 3.027688061445909184e+01
-4.797549835461212098e+01 -2.342360454239333123e+01 3.155585619784265106e+01
-4.801624238551897861e+01 -2.722571336217725602e+01 3.154917799636440634e+01
-4.799424052132854257e+01 -2.967593010124630482e+01 3.162037279053340555e+01
-4.814693894033593580e+01 -3.345703552701474592e+01 3.197237333302305018e+01
-4.806452170701359705e+01 -3.606119736661860031e+01 3.204693194564013226e+01
-4.811081710386510224e+01 -3.806111771066996141e+01 3.122017247860013356e+01
-4.808378573501258302e+01 -4.068140396075674659e+01 3.030490798471257108e+01
-4.816171252563327698e+01 -4.210122360468616165e+01 2.996194162688638940e+01
-4.738088052068586364e+01 -4.308829741084736042e+01 3.050032922603103103e+01
-4.555658491992747372e+01 -4.499961842589943473e+01 3.110096653927108434e+01
-4.354283529908853012e+01 -4.733404016477153675e+01 3.008645071049989639e+01
-4.109101064240348933e+01 -4.768633378675689016e+01 3.121217099615166646e+01
-3.874192828469220018e+01 -4.801539989896022576e+01 3.114260697287748414e+01
-3.558357833245874247e+01 -4.852108020972548275e+01 3.135990308784751690e+01
-3.605264509230495662e+01 -4.742050708939951420e+01 3.405197825304202297e+01
-3.714394750672358470e+01 -4.512921007060928247e+01 3.790610560678258878e+01
-3.814223728722443241e+01 -4.284306949024234257e+01 4.037601350121722277e+01
-3.876263961989733531e+01 -4.122945979929382077e+01 4.051650761165637959e+01
-3.847496484188324217e+01 -4.159319573019924832e+01 4.042817240794604317e+01
-3.642028876723613706e+01 -4.290545385977124226e+01 3.878333874322203911e+01
-3.433148954272756725e+01 -4.424413889168653213e+01 3.698312309106826490e+01
-3.290947047930289671e+01 -4.525429031835482618e+01 3.487085144806741255e+01
-3.001916438131829779e+01 -4.731610763604793846e+01 3.230568392137560352e+01
-2.942298183918893173e+01 -4.775279560865667605e+01 3.142694773209429115e+01
-2.864353343168820132e+01 -4.782331651862230615e+01 3.110175572779542108e+01
-2.614948758093312620e+01 -4.821650391874399588e+01 2.962713070826377759e+01
-2.382231892582348820e+01 -4.832556277016271906e+01 2.893405324608987428e+01
-2.199132624676630243e+01 -4.855794464853050130e+01 2.884748216933133591e+01
-2.043880289059685396e+01 -4.876225442924782527e+01 2.861714652169203887e+01
-1.675137638930868889e+01 -4.877503187721598010e+01 2.792707806763296574e+01
-1.582360991529222005e+01 -4.875586414174490812e+01 2.775191828915450287e+01
-1.325573940173360832e+01 -4.876769956031601794e+01 2.653448706599217033e+01
-9.532128331855552972e+00 -4.879475394404797584e+01 2.404943959406837806e+01
-7.059166268464061034e+00 -4.876280665824115346e+01 2.239196589855998809e+01
-4.683617348583131168e+00 -4.884092686376892090e+01 2.150568457612192930e+01
-2.297145553948777508e+00 -4.886665516154924660e+01 2.054734185976178296e+01
1.135884857815322890e+00 -4.885969327115039817e+01 1.865572278096267311e+01
3.348140180434102664e+00 -4.879074060811345248e+01 1.955087278087957969e+01
5.844689684330998780e+00 -4.870989298274663781e+01 1.999367887954271339e+01
8.316309920460957628e+00 -4.880875076177441940e+01 2.004354830265774368e+01
1.044713820228435708e+01 -4.876775974511789968e+01 2.004366096166419453e+01
1.425514724530135169e+01 -4.880845041700807485e+01 1.825005998295740994e+01
1.790053927659679545e+01 -4.874373581747115480e+01 1.929189138268508330e+01
2.036683532649649209e+01 -4.869763020077607507e+01 2.093329560698469294e+01
2.542436599947529530e+01 -4.875432715525398919e+01 2.096595967283263562e+01
2.777275372378132090e+01 -4.889007113065132870e+01 1.886742001077764286e+01
3.023079753321778895e+01 -4.871220824141191486e+01 1.682455366619043602e+01
3.273374035312287589e+01 -4.872666401228748612e+01 1.677681462673876212e+01
3.516141589421034297e+01 -4.876204411435408304e+01 1.695253464698721402e+01
3.649751623923651067e+01 -4.872964420685136844e+01 1.715944621566524120e+01
4.007014366244069947e+01 -4.873763231947535246e+01 1.757791533489343294e+01
4.238478517493770426e+01 -4.885273208974643211e+01 1.798409685528571345e+01
4.606277848965076060e+01 -4.868474779313205403e+01 1.679991866928241251e+01
4.632325159268116721e+01 -4.813386831632910656e+01 1.662606319831183299e+01
4.692213643387601962e+01 -4.574391409279327547e+01 1.704852584008052219e+01
4.826565507723580595e+01 -4.097088286673014323e+01 1.675682891658898654e+01
4.839673570681318182e+01 -3.878495802368267675e+01 1.651206293960028049e+01
4.855111114219709378e+01 -3.657546898309475125e+01 1.648798023794029532e+01
4.869169122076743150e+01 -3.472904881054741111e+01 1.655768726687371029e+01
4.792608931872138101e+01 -3.522645156723122284e+01 1.593068301355730831e+01
4.605772009565781389e+01 -3.682678445551923829e+01 1.473735455289491547e+01
4.309251331904335558e+01 -3.912032442604430571e+01 1.536718442584705357e+01
4.195804463362586745e+01 -3.981466638637756006e+01 1.597555688947454300e+01
4.149968806092147844e+01 -4.045105765965593747e+01 1.602822333804640920e+01
4.401748376387354256e+01 -3.691944783360023763e+01 1.427085313116990939e+01
4.547276325811677111e+01 -3.490209069016697185e+01 1.498511400084623268e+01
4.696699569767127258e+01 -3.280271437327567696e+01 1.575427814913876468e+01
4.720360082546979896e+01 -3.244522158301204229e+01 1.578870602866022566e+01
4.761671012383057189e+01 -2.842038917229325889e+01 1.501452922326301653e+01
4.789299836383830922e+01 -2.495424867669876434e+01 1.544570471475333306e+01
4.807699552484813665e+01 -2.211839692575056660e+01 1.598131513362270795e+01
4.847020602113815357e+01 -1.890933441969373874e+01 1.650515163124268980e+01
4.869048749894753314e+01 -1.799899417377243083e+01 1.602972834076759767e+01
4.876762366442039820e+01 -1.690181354617944720e+01 1.609435350932666253e+01
4.876445625029524678e+01 -1.521597323279930158e+01 1.546394994210902674e+01
4.864132660213699211e+01 -1.151076614260134257e+01 1.500695570039651017e+01
4.870407254880068137e+01 -5.315875319554649536e+00 7.765718919162967637e+00
4.857855260342932269e+01 -2.761044923368936033e+00 6.230069490462730286e+00
4.850202152823363377e+01 -7.223413360518258219e-01 5.827010765439768036e+00
4.849624289280849609e+01 1.889817874144960719e+00 4.362771550901755724e+00
4.853803046173752023e+01 4.224124020697075821e+00 2.993044510019580606e+00
4.841789245273390208e+01 5.034647326740349982e+00 2.871048675770500935e+00
4.764439969229078287e+01 2.680179911588164821e+00 5.078551804657347013e+00
4.639232531838862883e+01 -8.879979667633729479e-01 5.012997446970353543e+00
4.498849598694334873e+01 -4.610885440028978266e+00 5.607012146303708811e+00
4.362575943638680798e+01 -8.052231907817029466e+00 1.275263419433904666e+01
4.211132178924332692e+01 -1.214317160351784430e+01 1.700959579965019941e+01
4.132426378893097052e+01 -1.465684351572738287e+01 1.987399184578829647e+01
4.087054452361061863e+01 -1.552677024534926886e+01 2.084878716008214639e+01
4.045183032796866485e+01 -1.643850901326293723e+01 2.169476214201727871e+01
3.909149943213812151e+01 -1.984526709480111251e+01 2.068977130133595566e+01
3.749954861736968326e+01 -2.345600158749514108e+01 1.960437849852258907e+01
3.638211288825881695e+01 -2.569257883061182568e+01 2.128552696831878066e+01
3.550087318055805952e+01 -2.776567023304831849e+01 2.282322007585182888e+01
3.339008374320824402e+01 -3.247746243627095453e+01 2.293059155259260962e+01
3.295525079107498811e+01 -3.344479371890728459e+01 2.245142693569832559e+01
3.284167947640159468e+01 -3.395487254462423010e+01 2.250503306684970894e+01
2.934973571040172757e+01 -3.513548035076202325e+01 2.229457359784579751e+01
2.726787739112190323e+01 -3.600036525078144223e+01 2.247734888921581842e+01
2.544731824272593101e+01 -3.674157985264803017e+01 2.290522468119468158e+01
2.316899038122388177e+01 -3.775811047938039167e+01 2.544041888047508237e+01
2.104472886217281413e+01 -3.887264944554097923e+01 2.620236071130511846e+01
2.000386320863792022e+01 -3.917269104794080903e+01 2.617737596161120450e+01
1.894308723157800500e+01 -3.936566800081364903e+01 2.647631603873496076e+01
1.678780697730103455e+01 -3.949401648660740705e+01 2.594171979298968367e+01
1.443043452195816911e+01 -3.965298032221297575e+01 2.393074663380608058e+01
1.295451460444204983e+01 -3.986861781397337978e+01 2.358014442052234116e+01
1.000269902888347495e+01 -4.004732012789390438e+01 2.228221229061465891e+01
7.432294464321367755e+00 -4.029285244598754900e+01 2.183501216607490747e+01
4.829953036993861026e+00 -4.071338090922850483e+01 2.093305884527955030e+01
2.282064416121509787e+00 -4.097226018625767807e+01 2.239278901874287442e+01
-1.287038074640852514e+00 -4.123199576201368188e+01 2.317104211505618494e+01
-3.736462594144790650e+00 -4.149525449468895033e+01 2.401859454152927853e+01
-6.227858709687670746e+00 -4.186876655799876801e+01 2.804670357624146959e+01
-1.015673620950897771e+01 -4.228864652945907210e+01 3.094788263098917369e+01
-1.244652134248682884e+01 -4.253200216208411177e+01 3.187594694684900176e+01
-1.575615272580332515e+01 -4.044102846253654349e+01 3.713186281447252668e+01
-2.104225655253993210e+01 -3.693278168283994489e+01 4.108275996082836912e+01
-2.311771512615398549e+01 -3.567831990039530865e+01 4.227107982941011954e+01
-2.504647652429005333e+01 -3.435100324259121862e+01 4.294099622421197182e+01
-2.854448994921040850e+01 -3.218091719447519949e+01 4.499107407584370577e+01
-3.041415473113138646e+01 -3.090330485060567511e+01 4.591085259310224842e+01
-3.184210058569658841e+01 -3.002930265491385953e+01 4.563095949256707229e+01
-3.052555409883062154e+01 -2.753075696438447295e+01 4.540532067853957443e+01
-2.954630359849912935e+01 -2.519225781342903403e+01 4.680793216814640090e+01
-2.717238371607454184e+01 -2.033059212010510208e+01 4.675137405038997684e+01
-2.587278581397681876e+01 -1.986595276612144545e+01 4.486569578751871035e+01
-2.340925909006669059e+01 -1.890515168500098042e+01 4.332652471187619625e+01
-1.996709620917837569e+01 -1.755886741605463186e+01 4.301550304630404042e+01
