1.050018060227657646e+00 -1.906254930560957739e-02 3.292913550845516824e+01
1.645759292518454320e+00 -1.570774986340250923e-02 3.166371951418936703e+01
5.508127305286582676e+00 7.004872084552546396e-02 2.768711006242597605e+01
8.049112765249111234e+00 4.376032411472502437e-02 2.622030833938743299e+01
1.165788005161574681e+01 -1.430074487510617220e-02 2.739608618213040003e+01
1.366942237458465925e+01 5.718520889606540925e-01 3.006584115573970450e+01
1.594206552721531089e+01 1.135353045048155707e+00 2.926110937416647673e+01
1.840654659240997049e+01 1.849178561291334955e+00 2.690581632851120020e+01
2.092250913662712364e+01 2.364934314395808368e+00 2.396402735361158420e+01
2.318638643699947721e+01 3.036647614377366189e+00 2.043015033251645463e+01
2.763182672158215070e+01 4.284621120483905976e+00 1.559973004223625637e+01
3.141620641178524664e+01 5.191678760927884717e+00 5.434488829814580590e+00
3.403143066794315530e+01 5.853929984186603264e+00 3.680236579729282198e+00
3.536312339629795076e+01 6.285335619165107524e+00 2.338076276887238070e+00
3.716941825882230432e+01 6.776695913655142789e+00 2.137042848138091422e+00
3.770935552371464894e+01 6.977175944927138218e+00 2.030792474603341002e+00
3.910077985154578073e+01 1.018417093162665843e+01 -8.256383142037587719e-01
4.010825037997845754e+01 1.244948628735627061e+01 -2.020454117705733577e+00
4.111146570117190180e+01 1.484218480795998651e+01 -1.844985468926195304e+00
4.199648608280971729e+01 1.696341647616823423e+01 -8.032173333996223130e-01
4.351822168071617369e+01 2.056637815484653942e+01 9.259719309930227737e-01
4.443493969538763366e+01 2.268267886117795840e+01 2.510966128016828947e+00
4.532724236852958910e+01 2.486933121728553431e+01 4.674853069072679723e+00
4.683264143492343123e+01 2.830591424691880675e+01 7.926536416948438024e+00
4.775221023977535850e+01 3.051565616933715219e+01 7.917119899325905763e+00
4.822721292282939487e+01 3.126732462602230811e+01 7.946589368461545178e+00
4.821044155559852129e+01 3.321014144330347051e+01 6.769265612374374186e+00
4.821920865043696836e+01 3.500647728864074537e+01 6.112662046421958983e+00
4.817574889300554020e+01 3.761620920095478482e+01 6.251285941155437342e+00
4.830881572681995806e+01 3.859391616001150993e+01 6.226309293399575395e+00
4.847931190803856083e+01 4.192499034555032722e+01 1.026616922211687566e+01
4.852372541891917734e+01 4.431116957308667992e+01 1.188623058204445471e+01
4.861904520735569690e+01 4.574228931830770506e+01 1.192991053184450578e+01
4.712241409263496905e+01 4.627531262743166707e+01 1.125209710861600421e+01
4.500381864322236680e+01 4.704961885310449787e+01 9.926359449267723178e+00
4.238148839302542825e+01 4.784582815550619728e+01 8.139097059330467232e+00
4.142174771457681004e+01 4.815301261203348560e+01 8.141203565444904200e+00
3.908263436874230479e+01 4.831296098843748155e+01 4.177105013139946976e+00
3.470177979656693168e+01 4.864590595200576217e+01 4.779638976964966091e+00
3.435897951253325289e+01 4.865015831838932314e+01 4.722963217982242057e+00
3.477103076608144505e+01 4.795176891661672158e+01 2.054424063584145976e+00
3.658413942365427118e+01 4.449694348409547473e+01 2.075749443069058175e-01
3.827208853043923398e+01 4.139018595032843706e+01 -4.520931290809596104e-01
3.591698407169293716e+01 4.284787390845913535e+01 6.368867633111290338e-01
3.364424911811676822e+01 4.413123027690126321e+01 3.655908571532345608e+00
3.082606659688831385e+01 4.576531273896744523e+01 5.923659573606187223e+00
2.862748662926510690e+01 4.691098278070037253e+01 6.541092167157771975e+00
2.792414070044048557e+01 4.739925876886056244e+01 6.616795222147366928e+00
2.582029980062354113e+01 4.787256928884153240e+01 7.385748484651672108e+00
2.240632675308635413e+01 4.828070060441446287e+01 8.424114293842015044e+00
2.083492992317828651e+01 4.866011546651068898e+01 8.442786979002983472e+00
1.794212756418295029e+01 4.864575786188610351e+01 9.318428514260403972e+00
1.546183592122765482e+01 4.883692420063255923e+01 1.058441623822042565e+01
1.446054873665960194e+01 4.882477747581421568e+01 1.068112041928712586e+01
1.367858817846205355e+01 4.881767227057588343e+01 1.142990324294122040e+01
1.093802560342356855e+01 4.885563160501788360e+01 1.107005453546113216e+01
8.535176626511539411e+00 4.878655289887385749e+01 1.146993031969448751e+01
4.701720860302438076e+00 4.872016927347777226e+01 1.180805319028401357e+01
2.032943332033132489e+00 4.880479298262785193e+01 1.022726837214695195e+01
-7.308500532476899236e-01 4.879535635063753318e+01 6.933696584635831606e+00
-3.446729872724152433e+00 4.884401140811034026e+01 7.735112203076411674e+00
-7.142852175409943882e+00 4.879372245693861032e+01 1.007324569421631999e+01
-9.813440025035328418e+00 4.880713137719689598e+01 1.322698376688644650e+01
-1.050700121206428150e+01 4.892516318801460073e+01 1.331433248302779226e+01
-1.306450113381012024e+01 4.883527308957378210e+01 1.678879042686316581e+01
-1.556602714904427742e+01 4.889921434329688310e+01 1.862199113819595198e+01
-1.792097425748512052e+01 4.878234646654367168e+01 2.132105708002934819e+01
-2.035632474116511403e+01 4.880227559284046635e+01 2.446489886183153928e+01
-2.398681783156110825e+01 4.892201881784213668e+01 2.590456287585639572e+01
-2.914913016588742423e+01 4.874577412471778359e+01 2.680124100170775847e+01
-3.168363053019147912e+01 4.873767429751259783e+01 2.839411914256799463e+01
-3.519744112268441683e+01 4.891221518402939239e+01 2.968783729954643391e+01
-3.681618622100259586e+01 4.884279543910820820e+01 2.962497022620797438e+01
-3.912088543963140097e+01 4.888979472002915827e+01 2.781253974644680227e+01
-4.168321527738115151e+01 4.884948739594893397e+01 2.640607168325572829e+01
-4.425978224693047736e+01 4.886653892945366806e+01 2.431301383375179626e+01
-4.619203343142417140e+01 4.888554801235016356e+01 2.422569758198298118e+01
-4.654220176924506802e+01 4.799374374545294586e+01 2.624398200691259575e+01
-4.738581966632568054e+01 4.458545976402870537e+01 2.668817239158487453e+01
-4.804836247256737636e+01 4.237238694302592279e+01 2.633525379594399851e+01
-4.827052063999525444e+01 4.181258180127575486e+01 2.629824040420609776e+01
-4.422366286807343272e+01 4.208583535583661472e+01 2.657161136341062146e+01
-4.143063290851608826e+01 4.210125225230152779e+01 2.647721508040294935e+01
-4.003169873971705783e+01 4.235121274575946160e+01 2.647602965766779093e+01
-4.191687790878163611e+01 4.069255790511192572e+01 2.504683551834971666e+01
-4.386318609126234236e+01 3.931878290005516874e+01 2.352797624934006038e+01
-4.595764304914494858e+01 3.774887186210705892e+01 2.216752744750096227e+01
-4.730979813577037874e+01 3.655211133551316038e+01 2.193128797703746358e+01
-4.768317973992597558e+01 3.420495159955423503e+01 1.913062908287994546e+01
-4.807336535090916385e+01 3.188989161097764580e+01 1.754864742927682997e+01
-4.832519635636324296e+01 3.007371241268836570e+01 1.710832978379708891e+01
-4.836753607285805145e+01 2.949814124608113275e+01 1.611632635345700848e+01
-4.835924118497651136e+01 2.723732399813275151e+01 1.719873711118265192e+01
-4.842879611156033803e+01 2.384874223355074108e+01 1.718976647818793779e+01
-4.685234380969569656e+01 2.489649848477531080e+01 1.773771181456961799e+01
-4.470035918298193423e+01 2.614665188019324660e+01 1.911016441459015169e+01
-4.154122619355020873e+01 2.786940605633293089e+01 1.969307003722909499e+01
-4.064823777077952371e+01 2.886654631532705295e+01 2.071987323580117746e+01
-3.901088676407737665e+01 3.087612876691551023e+01 2.157388317964543845e+01
-3.674697501149742607e+01 3.378740329182576829e+01 2.230881300822473889e+01
-3.518610549883516825e+01 3.579005107907413930e+01 2.303962850553377706e+01
-3.333219065997947439e+01 3.794591593497928272e+01 2.305599104612980810e+01
-2.957127054949758715e+01 3.889650535213893079e+01 2.490096306287616912e+01
-2.710579188616664936e+01 3.968915202374401474e+01 2.636443469279528173e+01
-2.480920978928170229e+01 4.030518555601656772e+01 2.673986628119570241e+01
-2.357373007203528914e+01 4.049786560478195696e+01 2.677571695865212575e+01
-2.272055288928440575e+01 4.070939099087746627e+01 2.666937261716366692e+01
-2.030324674247438210e+01 4.099453795583169580e+01 2.424339958307409759e+01
-1.764019255455365354e+01 4.150890227013727696e+01 2.288261627687322886e+01
-1.698987438134631844e+01 4.152968878661044272e+01 2.284459665327718980e+01
-1.528099128258007866e+01 4.156652379251188023e+01 1.831660283553844337e+01
-1.249616999292883079e+01 4.132581206036920207e+01 1.519699643164451963e+01
-1.110528802945057336e+01 4.123702983918768439e+01 1.097558710710440621e+01
-8.639992481019506343e+00 4.116117724387952848e+01 8.086274698583132192e+00
-5.323233157499340784e+00 4.087852961569942067e+01 6.498693317836757188e+00
-2.792578755227309362e+00 4.074001392091622620e+01 6.220239032492576925e+00
-2.492558591055917261e-01 4.069423388538387343e+01 6.753895048266302936e+00
2.341675231838650006e+00 4.050033166139148477e+01 7.491119925938219737e+00
5.091553174956200856e+00 4.042899760521035546e+01 7.857990364329940469e+00
7.493978363391542885e+00 4.021702364495341442e+01 7.612164302643926739e+00
9.403724638611775433e+00 3.999672130117698288e+01 7.723003620862457730e+00
1.129234279712428446e+01 3.916053051876532720e+01 6.918498129650689776e+00
1.355394514891302471e+01 3.806305324354069342e+01 5.163345525740476560e+00
1.679158118819698586e+01 3.630976726446594682e+01 3.391915569156497945e+00
1.904067552297397725e+01 3.519119471933208132e+01 1.003545705579676373e+00
2.027941320643907730e+01 3.462543531255445117e+01 1.122047386916435574e+00
2.036201904038820842e+01 3.162137647433538490e+01 3.367636587872770981e+00
2.061611196991114880e+01 2.824583605884740578e+01 5.133794734605752197e+00
2.061436858309612674e+01 2.739521164640033390e+01 5.060549563884407576e+00
2.010584444663748016e+01 2.742549155319117560e+01 5.174867372371390495e+00
1.763535731980810084e+01 2.764482927662886524e+01 5.431579507304044263e+00
1.505650495995510774e+01 2.807369684976482205e+01 6.064614445792326336e+00
1.030994414992259678e+01 2.871295606908853770e+01 6.130116771527083230e+00
3.827592639019086640e+00 2.959701981675598148e+01 9.993760201343208749e+00
2.450793626875320819e-01 3.018117131978282330e+01 1.601111976002848536e+01
-4.634619798854686223e+00 3.083483347654586737e+01 1.957999751780650399e+01
-5.432133404514591923e+00 3.081413861549781785e+01 1.960654008739985343e+01
-4.732578527708987792e+00 2.959513244095325035e+01 2.037687798574950193e+01
-3.338595151813974038e+00 2.612566857362535444e+01 2.154059391506291732e+01
-2.276530342179013733e+00 2.383248311385630913e+01 2.214602787883854518e+01
-1.192663016724801794e+00 2.162592977861769228e+01 2.260496766207532815e+01
1.136303659796616738e+00 1.615573677183930101e+01 2.241944538772254703e+01
2.015241395491081278e+00 1.400849574740009373e+01 2.178269945940774477e+01
2.991418378043980031e+00 1.177562426932631645e+01 2.172616249377569986e+01
4.488487165837709902e+00 8.366293352508622050e+00 2.156525131018830521e+01
5.541734092477812013e+00 6.064476815884755290e+00 2.284726452971640853e+01
6.575744844058452721e+00 3.874161968297642034e+00 2.489674541982585154e+01
8.138508066094436444e+00 4.629045948602974470e-01 2.828018927277302907e+01
9.082475543334524559e+00 -1.755641190641107574e+00 3.136377868195383201e+01
1.050552141184830468e+01 -5.056384931849394526e+00 3.405789103352021385e+01
1.165229494413659594e+01 -7.359127108910224813e+00 3.535651897640311603e+01
1.250604343562426379e+01 -9.774536701966869856e+00 3.452650188908430806e+01
1.374282010988022584e+01 -1.214735027272016943e+01 3.404914018844755219e+01
