-2.644674552183168714e+00 2.484902084387852028e+01 3.990000000000000213e+00
-2.968860464969509394e+00 2.379633099720190614e+01 4.009999999999999787e+00
-3.184984406961781644e+00 2.271593878582825710e+01 4.009999999999999787e+00
-2.968860464969509394e+00 2.166324894112000266e+01 4.030000000000000249e+00
-2.428550610190903569e+00 2.166324894112000266e+01 4.030000000000000249e+00
-1.888240755614361888e+00 2.061055909444338852e+01 4.030000000000000249e+00
-1.558367370606518421e+00 2.061055909444338852e+01 4.030000000000000249e+00
-1.234181457820184846e+00 2.061055909444338852e+01 3.990000000000000213e+00
-9.099955448317942341e-01 2.061055909444338852e+01 3.970000000000000195e+00
-3.981230524740908550e-02 2.166324894112000266e+01 3.970000000000000195e+00
7.166214915234547789e-01 2.166324894112000266e+01 3.950000000000000178e+00
2.127114585886452858e+00 2.484902084387852028e+01 3.899999999999999911e+00
2.889235854676755366e+00 2.695440053526340307e+01 3.839999999999999858e+00
3.537607680451493763e+00 2.905978022861664556e+01 3.819999999999999840e+00
4.191666978245670805e+00 3.119286228469854905e+01 3.799999999999999822e+00
4.948100774814477631e+00 3.224555213137516319e+01 3.759999999999999787e+00
6.790841752959934752e+00 3.435093182276004597e+01 3.750000000000000000e+00
7.769086963742516616e+00 3.435093182276004597e+01 3.759999999999999787e+00
8.855394145319152699e+00 3.435093182276004597e+01 3.689999999999999947e+00
1.091425906545688207e+01 3.540362166943667432e+01 3.649999999999999911e+00
1.189250427603739979e+01 3.645631151611328846e+01 3.649999999999999911e+00
1.275700004360233919e+01 3.750900136082154290e+01 3.649999999999999911e+00
1.351912131239264880e+01 3.964208341887182030e+01 3.580000000000000071e+00
1.427555510896146274e+01 4.069477326554843444e+01 3.500000000000000000e+00
1.514573834874789782e+01 4.280015295693331723e+01 3.459999999999999964e+00
1.590785961753820743e+01 4.385284280360994558e+01 3.450000000000000178e+00
1.655623144331294583e+01 4.493323501301522072e+01 3.450000000000000178e+00
1.720460326888562719e+01 4.493323501301522072e+01 3.450000000000000178e+00
1.785866256667979712e+01 4.598592485969183485e+01 3.450000000000000178e+00
1.818284847966819484e+01 4.598592485969183485e+01 3.450000000000000178e+00
1.850703439245453552e+01 4.493323501301522072e+01 3.479999999999999982e+00
1.894496974825644742e+01 4.493323501301522072e+01 3.450000000000000178e+00
1.948527960303505324e+01 4.493323501301522072e+01 3.450000000000000178e+00
2.035546284282149543e+01 4.385284280360994558e+01 3.430000000000000160e+00
2.121995861038642772e+01 4.385284280360994558e+01 3.410000000000000142e+00
2.339257297353972831e+01 4.385284280360994558e+01 3.390000000000000124e+00
2.545143789367745057e+01 4.493323501301522072e+01 3.220000000000000195e+00
2.642968310446002533e+01 4.493323501301522072e+01 3.089999999999999858e+00
2.740224084281904027e+01 4.598592485969183485e+01 3.049999999999999822e+00
2.848854802439568346e+01 4.598592485969183485e+01 3.029999999999999805e+00
2.946679323517825821e+01 4.598592485969183485e+01 3.009999999999999787e+00
3.043935097373933729e+01 4.493323501301522072e+01 3.009999999999999787e+00
3.141759618431984791e+01 4.493323501301522072e+01 3.000000000000000000e+00
3.217971745311015752e+01 4.493323501301522072e+01 2.979999999999999982e+00
3.272002730788877045e+01 4.493323501301522072e+01 2.959999999999999964e+00
3.326033716266736917e+01 4.493323501301522072e+01 2.979999999999999982e+00
3.359021054747314849e+01 4.385284280360994558e+01 2.979999999999999982e+00
3.391439646046154621e+01 4.280015295693331723e+01 2.939999999999999947e+00
3.402245843125561464e+01 3.964208341887182030e+01 2.919999999999999929e+00
3.402245843125561464e+01 3.750900136082154290e+01 2.959999999999999964e+00
3.402245843125561464e+01 3.645631151611328846e+01 2.979999999999999982e+00
3.413052040225176142e+01 3.540362166943667432e+01 2.959999999999999964e+00
3.456276828603421336e+01 3.329824197608343184e+01 2.939999999999999947e+00
3.477889222802649272e+01 3.224555213137516319e+01 2.939999999999999947e+00
3.510876561303432197e+01 3.224555213137516319e+01 2.939999999999999947e+00
3.532488955482452297e+01 3.119286228469854905e+01 2.899999999999999911e+00
3.564907546761087076e+01 3.011247007332490000e+01 2.879999999999999893e+00
3.597326138059926848e+01 2.905978022861664556e+01 2.879999999999999893e+00
3.532488955482452297e+01 2.905978022861664556e+01 2.939999999999999947e+00
3.456276828603421336e+01 3.329824197608343184e+01 2.959999999999999964e+00
3.413052040225176142e+01 3.540362166943667432e+01 2.979999999999999982e+00
3.380633448946541364e+01 3.645631151611328846e+01 2.979999999999999982e+00
3.326033716266736917e+01 3.750900136082154290e+01 3.049999999999999822e+00
3.239584139510242267e+01 3.750900136082154290e+01 3.069999999999999840e+00
3.152565815531598048e+01 3.750900136082154290e+01 3.129999999999999893e+00
3.076922435874718076e+01 3.645631151611328846e+01 3.160000000000000142e+00
2.979097914796460600e+01 3.540362166943667432e+01 3.200000000000000178e+00
2.827242408260548245e+01 3.329824197608343184e+01 3.240000000000000213e+00
2.761836478481130541e+01 3.435093182276004597e+01 3.259999999999999787e+00
2.707805493003270669e+01 3.645631151611328846e+01 3.259999999999999787e+00
2.664580704625022634e+01 3.858939357219519195e+01 3.279999999999999805e+00
2.642968310446002533e+01 4.069477326554843444e+01 3.279999999999999805e+00
2.632162113346389276e+01 4.385284280360994558e+01 3.299999999999999822e+00
2.599174774845604929e+01 4.385284280360994558e+01 3.310000000000000053e+00
2.545143789367745057e+01 4.174746311025668888e+01 3.279999999999999805e+00
2.523531395188723536e+01 4.069477326554843444e+01 3.259999999999999787e+00
2.491112803889885186e+01 3.964208341887182030e+01 3.310000000000000053e+00
2.350063494453586088e+01 4.174746311025668888e+01 3.330000000000000071e+00
2.295463761773781641e+01 4.385284280360994558e+01 3.390000000000000124e+00
2.252238973395533606e+01 4.703861470636846320e+01 3.430000000000000160e+00
2.198207987917673734e+01 4.703861470636846320e+01 3.410000000000000142e+00
2.154414452317277551e+01 4.703861470636846320e+01 3.410000000000000142e+00
2.121995861038642772e+01 4.598592485969183485e+01 3.430000000000000160e+00
2.089577269760009415e+01 4.493323501301522072e+01 3.430000000000000160e+00
2.024171339960386717e+01 4.493323501301522072e+01 3.410000000000000142e+00
1.883690777746236478e+01 4.493323501301522072e+01 3.520000000000000018e+00
1.807478650867206227e+01 4.385284280360994558e+01 3.560000000000000053e+00
1.731835271210325544e+01 4.385284280360994558e+01 3.580000000000000071e+00
1.634010750132068068e+01 4.280015295693331723e+01 3.580000000000000071e+00
1.536186229074016296e+01 4.174746311025668888e+01 3.609999999999999876e+00
1.330299737060244070e+01 4.280015295693331723e+01 3.609999999999999876e+00
1.210862821802966494e+01 4.385284280360994558e+01 3.609999999999999876e+00
1.123844497824321564e+01 4.385284280360994558e+01 3.629999999999999893e+00
1.059007315267054139e+01 4.493323501301522072e+01 3.629999999999999893e+00
1.015782526888806814e+01 4.598592485969183485e+01 3.649999999999999911e+00
9.611827941887966631e+00 4.493323501301522072e+01 3.629999999999999893e+00
9.287642029101625951e+00 4.493323501301522072e+01 3.629999999999999893e+00
9.179580058105500484e+00 4.598592485969183485e+01 3.629999999999999893e+00
8.639270203326887554e+00 4.598592485969183485e+01 3.669999999999999929e+00
7.661024992746376938e+00 4.703861470636846320e+01 3.609999999999999876e+00
6.790841752959934752e+00 4.703861470636846320e+01 3.609999999999999876e+00
5.602160072608654673e+00 4.809130455304507734e+01 3.600000000000000089e+00
4.299728949039739234e+00 4.914399439775334599e+01 3.629999999999999893e+00
3.213421767463088941e+00 5.019668424442996013e+01 3.669999999999999929e+00
2.565049941890421792e+00 4.703861470636846320e+01 3.709999999999999964e+00
2.451300498672786432e+00 4.493323501301522072e+01 3.729999999999999982e+00
2.235176556882578325e+00 4.280015295693331723e+01 3.759999999999999787e+00
1.802928673100105073e+00 4.280015295693331723e+01 3.779999999999999805e+00
1.262618818321506353e+00 4.385284280360994558e+01 3.819999999999999840e+00
7.166214915234547789e-01 4.493323501301522072e+01 3.799999999999999822e+00
-3.981230524740908550e-02 4.598592485969183485e+01 3.799999999999999822e+00
-6.938716030415861269e-01 4.598592485969183485e+01 3.819999999999999840e+00
-1.558367370606518421e+00 4.493323501301522072e+01 3.819999999999999840e+00
-2.320488639396835140e+00 4.385284280360994558e+01 3.839999999999999858e+00
-3.184984406961781644e+00 4.280015295693331723e+01 3.879999999999999893e+00
-3.839043704755958686e+00 4.174746311025668888e+01 3.899999999999999911e+00
-4.595477501324765512e+00 4.069477326554843444e+01 3.879999999999999893e+00
-5.465660741111207699e+00 4.069477326554843444e+01 3.899999999999999911e+00
-6.335843980695585742e+00 4.069477326554843444e+01 3.899999999999999911e+00
-7.524525661248922859e+00 4.385284280360994558e+01 3.859999999999999876e+00
-8.394708900833308007e+00 4.493323501301522072e+01 3.819999999999999840e+00
-9.264892140619750194e+00 4.598592485969183485e+01 3.799999999999999822e+00
-1.002132593718855702e+01 4.598592485969183485e+01 3.819999999999999840e+00
-1.110763311876520731e+01 4.598592485969183485e+01 3.819999999999999840e+00
-1.208019085732628639e+01 4.385284280360994558e+01 3.879999999999999893e+00
-1.273425015512045633e+01 4.385284280360994558e+01 3.879999999999999893e+00
-1.338262198089519828e+01 4.280015295693331723e+01 3.899999999999999911e+00
-1.371249536590303109e+01 4.174746311025668888e+01 3.910000000000000142e+00
-1.403668127868937177e+01 4.280015295693331723e+01 3.899999999999999911e+00
-1.500923901725044729e+01 4.385284280360994558e+01 3.839999999999999858e+00
-1.500923901725044729e+01 4.493323501301522072e+01 3.839999999999999858e+00
-1.511730098824657986e+01 4.598592485969183485e+01 3.819999999999999840e+00
-1.479311507525818215e+01 4.703861470636846320e+01 3.819999999999999840e+00
-1.446892916247184147e+01 4.703861470636846320e+01 3.819999999999999840e+00
-1.425280522068163691e+01 4.914399439775334599e+01 3.759999999999999787e+00
-1.425280522068163691e+01 5.124937409110658848e+01 3.729999999999999982e+00
-1.446892916247184147e+01 5.232976630051186362e+01 3.689999999999999947e+00
-1.490117704625431472e+01 5.338245614718847776e+01 3.669999999999999929e+00
-1.555523634404849176e+01 5.338245614718847776e+01 3.629999999999999893e+00
-1.631167014061730214e+01 5.124937409110658848e+01 3.729999999999999982e+00
-1.696572943861353622e+01 5.019668424442996013e+01 3.779999999999999805e+00
-1.750603929319008145e+01 4.914399439775334599e+01 3.799999999999999822e+00
-1.826816056198039107e+01 4.809130455304507734e+01 3.799999999999999822e+00
-1.913265632954533402e+01 4.809130455304507734e+01 3.779999999999999805e+00
-2.000283956933177265e+01 4.914399439775334599e+01 3.759999999999999787e+00
-2.086733533689671560e+01 5.124937409110658848e+01 3.689999999999999947e+00
-2.162945660568702522e+01 5.124937409110658848e+01 3.669999999999999929e+00
-2.227782843125969947e+01 5.232976630051186362e+01 3.649999999999999911e+00
-2.293188772925593710e+01 5.338245614718847776e+01 3.649999999999999911e+00
-2.368832152582474748e+01 5.124937409110658848e+01 3.669999999999999929e+00
-2.499075264939365937e+01 4.809130455304507734e+01 3.750000000000000000e+00
-2.553674997619170384e+01 4.598592485969183485e+01 3.759999999999999787e+00
-2.607705983097030611e+01 4.493323501301522072e+01 3.779999999999999805e+00
-2.672543165654298392e+01 4.493323501301522072e+01 3.779999999999999805e+00
-2.727142898354308542e+01 4.598592485969183485e+01 3.729999999999999982e+00
-2.781173883811963066e+01 4.703861470636846320e+01 3.669999999999999929e+00
-2.846579813611586829e+01 4.809130455304507734e+01 3.629999999999999893e+00
-2.911416996168854610e+01 4.914399439775334599e+01 3.609999999999999876e+00
-2.987060375825735292e+01 4.914399439775334599e+01 3.580000000000000071e+00
-3.084884896903992768e+01 4.914399439775334599e+01 3.600000000000000089e+00
-3.182709417962044540e+01 4.703861470636846320e+01 3.600000000000000089e+00
-3.269158994718538480e+01 4.598592485969183485e+01 3.669999999999999929e+00
-3.356177318697182699e+01 4.385284280360994558e+01 3.729999999999999982e+00
-3.431820698354063381e+01 4.280015295693331723e+01 3.759999999999999787e+00
-3.529645219432320857e+01 4.174746311025668888e+01 3.779999999999999805e+00
-3.638275937589985887e+01 4.280015295693331723e+01 3.729999999999999982e+00
-3.703113120147253312e+01 4.385284280360994558e+01 3.669999999999999929e+00
-3.757712852847264173e+01 4.598592485969183485e+01 3.609999999999999876e+00
-3.822550035404531599e+01 4.703861470636846320e+01 3.580000000000000071e+00
