-1.099957114797113178e+01 4.703861470636846320e+01 3.779999999999999805e+00
-1.089150917697499921e+01 4.493323501301522072e+01 3.799999999999999822e+00
-1.056163579196716285e+01 4.385284280360994558e+01 3.819999999999999840e+00
-9.805201995398356019e+00 4.280015295693331723e+01 3.799999999999999822e+00
-9.264892140619750194e+00 4.174746311025668888e+01 3.799999999999999822e+00
-8.610832842825573152e+00 4.069477326554843444e+01 3.839999999999999858e+00
-8.394708900833308007e+00 3.964208341887182030e+01 3.899999999999999911e+00
-8.502770871829440580e+00 3.858939357219519195e+01 3.899999999999999911e+00
-9.043080726608046405e+00 3.645631151611328846e+01 3.910000000000000142e+00
-9.372954111615882766e+00 3.858939357219519195e+01 3.859999999999999876e+00
-9.372954111615882766e+00 3.964208341887182030e+01 3.819999999999999840e+00
-9.151142697604178977e+00 4.174746311025668888e+01 3.799999999999999822e+00
-9.264892140619750194e+00 4.385284280360994558e+01 3.799999999999999822e+00
-9.805201995398356019e+00 4.385284280360994558e+01 3.779999999999999805e+00
-1.056163579196716285e+01 4.493323501301522072e+01 3.779999999999999805e+00
-1.153988100254768057e+01 4.598592485969183485e+01 3.750000000000000000e+00
-1.273425015512045633e+01 4.703861470636846320e+01 3.779999999999999805e+00
-1.371249536590303109e+01 4.598592485969183485e+01 3.819999999999999840e+00
-1.457699113346797404e+01 4.493323501301522072e+01 3.839999999999999858e+00
-1.533911240225828720e+01 4.385284280360994558e+01 3.859999999999999876e+00
-1.620360816982322660e+01 4.069477326554843444e+01 3.879999999999999893e+00
-1.696572943861353622e+01 3.964208341887182030e+01 3.879999999999999893e+00
-1.761410126418621402e+01 3.964208341887182030e+01 3.839999999999999858e+00
-1.783022520617847917e+01 4.174746311025668888e+01 3.819999999999999840e+00
-1.816009859118631553e+01 4.385284280360994558e+01 3.779999999999999805e+00
-1.870040844576286077e+01 4.493323501301522072e+01 3.750000000000000000e+00
-1.891653238775512591e+01 4.703861470636846320e+01 3.759999999999999787e+00
-1.945684224253373173e+01 4.703861470636846320e+01 3.759999999999999787e+00
-1.978671562754156810e+01 4.703861470636846320e+01 3.779999999999999805e+00
-2.011090154032790522e+01 4.598592485969183485e+01 3.819999999999999840e+00
-2.021896351132403780e+01 4.493323501301522072e+01 3.839999999999999858e+00
-2.032702548211810978e+01 4.280015295693331723e+01 3.839999999999999858e+00
-2.108914675090842294e+01 4.385284280360994558e+01 3.839999999999999858e+00
-2.141333266369476007e+01 4.493323501301522072e+01 3.819999999999999840e+00
-2.184558054747723332e+01 4.598592485969183485e+01 3.779999999999999805e+00
-2.260770181626753939e+01 4.598592485969183485e+01 3.759999999999999787e+00
-2.336413561303841036e+01 4.703861470636846320e+01 3.750000000000000000e+00
-2.412625688182871997e+01 4.598592485969183485e+01 3.759999999999999787e+00
-2.509881462018773135e+01 4.493323501301522072e+01 3.759999999999999787e+00
-2.575287391798191194e+01 4.385284280360994558e+01 3.759999999999999787e+00
-2.640124574375664679e+01 4.385284280360994558e+01 3.799999999999999822e+00
-2.705530504155082028e+01 4.280015295693331723e+01 3.799999999999999822e+00
-2.781173883811963066e+01 4.280015295693331723e+01 3.799999999999999822e+00
-2.857386010690994382e+01 4.280015295693331723e+01 3.779999999999999805e+00
-2.933029390368081124e+01 4.385284280360994558e+01 3.759999999999999787e+00
-3.030853911426132541e+01 4.385284280360994558e+01 3.729999999999999982e+00
-3.138915882361647292e+01 4.493323501301522072e+01 3.709999999999999964e+00
-3.236740403439905123e+01 4.493323501301522072e+01 3.669999999999999929e+00
-3.334564924497956184e+01 4.385284280360994558e+01 3.649999999999999911e+00
-3.431820698354063381e+01 4.280015295693331723e+01 3.629999999999999893e+00
-3.497226628133481086e+01 4.493323501301522072e+01 3.609999999999999876e+00
-3.540451416511728411e+01 4.598592485969183485e+01 3.580000000000000071e+00
-3.605857346291146115e+01 4.703861470636846320e+01 3.580000000000000071e+00
-3.649082134669393440e+01 4.703861470636846320e+01 3.560000000000000053e+00
-3.659888331769006697e+01 4.598592485969183485e+01 3.560000000000000053e+00
-3.659888331769006697e+01 4.493323501301522072e+01 3.560000000000000053e+00
-3.692306923047640055e+01 4.493323501301522072e+01 3.540000000000000036e+00
-3.713919317246866569e+01 4.598592485969183485e+01 3.500000000000000000e+00
-3.757712852847264173e+01 4.703861470636846320e+01 3.459999999999999964e+00
-3.790131444125897531e+01 4.703861470636846320e+01 3.430000000000000160e+00
-3.844162429603758113e+01 4.914399439775334599e+01 3.410000000000000142e+00
-3.909568359383175817e+01 4.914399439775334599e+01 3.410000000000000142e+00
-3.985211739040056500e+01 5.019668424442996013e+01 3.450000000000000178e+00
-4.039811471719860947e+01 4.914399439775334599e+01 3.459999999999999964e+00
-4.061423865919087461e+01 4.809130455304507734e+01 3.500000000000000000e+00
-4.126261048476355597e+01 4.703861470636846320e+01 3.520000000000000018e+00
-4.191666978275979005e+01 4.703861470636846320e+01 3.540000000000000036e+00
-4.278116555032472945e+01 4.703861470636846320e+01 3.600000000000000089e+00
-4.354328681911503907e+01 4.598592485969183485e+01 3.609999999999999876e+00
-4.429972061568385300e+01 4.493323501301522072e+01 3.649999999999999911e+00
-4.451584455747405400e+01 4.385284280360994558e+01 3.709999999999999964e+00
-4.429972061568385300e+01 4.280015295693331723e+01 3.799999999999999822e+00
-4.408359667369158785e+01 4.069477326554843444e+01 3.819999999999999840e+00
-4.386747273190137975e+01 3.964208341887182030e+01 3.879999999999999893e+00
-4.419165864468772043e+01 3.858939357219519195e+01 3.930000000000000160e+00
-4.440778258667998557e+01 3.750900136082154290e+01 3.970000000000000195e+00
-4.440778258667998557e+01 3.645631151611328846e+01 4.009999999999999787e+00
-4.429972061568385300e+01 3.435093182276004597e+01 4.049999999999999822e+00
-4.440778258667998557e+01 3.329824197608343184e+01 4.120000000000000107e+00
-4.440778258667998557e+01 3.224555213137516319e+01 4.160000000000000142e+00
-4.440778258667998557e+01 3.119286228469854905e+01 4.200000000000000178e+00
-4.429972061568385300e+01 3.011247007332490000e+01 4.209999999999999964e+00
-4.429972061568385300e+01 2.905978022861664556e+01 4.230000000000000426e+00
-4.429972061568385300e+01 2.800709038194003142e+01 4.269999999999999574e+00
-4.429972061568385300e+01 2.695440053526340307e+01 4.309999999999999609e+00
-4.429972061568385300e+01 2.590171068858677472e+01 4.330000000000000071e+00
-4.429972061568385300e+01 2.484902084387852028e+01 4.349999999999999645e+00
-4.429972061568385300e+01 2.379633099720190614e+01 4.360000000000000320e+00
-4.386747273190137975e+01 2.271593878582825710e+01 4.349999999999999645e+00
-4.332716287712277392e+01 2.379633099720190614e+01 4.349999999999999645e+00
-4.256504160833246431e+01 2.379633099720190614e+01 4.330000000000000071e+00
-4.169485836854602212e+01 2.484902084387852028e+01 4.290000000000000036e+00
-4.083036260098108272e+01 2.484902084387852028e+01 4.230000000000000426e+00
-3.996017936139669757e+01 2.590171068858677472e+01 4.230000000000000426e+00
-3.931180753562196628e+01 2.695440053526340307e+01 4.200000000000000178e+00
-3.865774823782778924e+01 2.905978022861664556e+01 4.179999999999999716e+00
-3.811743838304918341e+01 3.011247007332490000e+01 4.099999999999999645e+00
-3.736100458648037659e+01 3.224555213137516319e+01 4.080000000000000071e+00
-3.659888331769006697e+01 3.329824197608343184e+01 4.049999999999999822e+00
-3.605857346291146115e+01 3.435093182276004597e+01 4.059999999999999609e+00
-3.551257613611341668e+01 3.435093182276004597e+01 4.049999999999999822e+00
-3.508032825233094343e+01 3.435093182276004597e+01 4.030000000000000249e+00
-3.475614233954460985e+01 3.329824197608343184e+01 4.030000000000000249e+00
-3.464808036854847728e+01 3.435093182276004597e+01 4.080000000000000071e+00
-3.529645219432320857e+01 3.435093182276004597e+01 4.059999999999999609e+00
-3.616663543390759372e+01 3.540362166943667432e+01 4.030000000000000249e+00
-3.790131444125897531e+01 3.435093182276004597e+01 4.049999999999999822e+00
-3.833356232504144856e+01 3.435093182276004597e+01 4.059999999999999609e+00
-3.931180753562196628e+01 3.329824197608343184e+01 4.139999999999999680e+00
-4.006824133239283015e+01 3.119286228469854905e+01 4.179999999999999716e+00
-4.029005274640454104e+01 2.905978022861664556e+01 4.230000000000000426e+00
-4.050617668819474204e+01 2.695440053526340307e+01 4.269999999999999574e+00
-4.061423865919087461e+01 2.379633099720190614e+01 4.330000000000000071e+00
-4.093842457197721529e+01 2.166324894112000266e+01 4.379999999999999893e+00
-4.137067245575968855e+01 1.955786924776674596e+01 4.440000000000000391e+00
-4.191666978275979005e+01 1.745248955638187738e+01 4.500000000000000000e+00
-4.278116555032472945e+01 1.426671765165497874e+01 4.509999999999999787e+00
-4.343522484811890649e+01 1.321402780694672430e+01 4.530000000000000249e+00
-4.375941076090524717e+01 1.216133796027010305e+01 4.549999999999999822e+00
-4.365134878990911460e+01 1.321402780694672430e+01 4.610000000000000320e+00
-4.386747273190137975e+01 1.216133796027010305e+01 4.610000000000000320e+00
-4.397553470289751232e+01 1.005595826691686057e+01 4.629999999999999893e+00
-4.386747273190137975e+01 9.003268422208606125e+00 4.660000000000000142e+00
-4.375941076090524717e+01 6.870186364158335834e+00 4.679999999999999716e+00
-4.332716287712277392e+01 6.870186364158335834e+00 4.679999999999999716e+00
-4.278116555032472945e+01 5.817496519450081394e+00 4.700000000000000178e+00
-4.224085569554613073e+01 5.817496519450081394e+00 4.679999999999999716e+00
-4.180860781176365748e+01 5.817496519450081394e+00 4.679999999999999716e+00
-4.147873442675582112e+01 6.870186364158335834e+00 4.679999999999999716e+00
-4.137067245575968855e+01 4.764806672773460150e+00 4.700000000000000178e+00
-4.137067245575968855e+01 3.712116826096831801e+00 4.740000000000000213e+00
-4.191666978275979005e+01 2.659426979420210557e+00 4.780000000000000249e+00
-4.224085569554613073e+01 2.659426979420210557e+00 4.780000000000000249e+00
-4.245697963733633173e+01 1.579034770014935418e+00 4.780000000000000249e+00
-4.267310357932859688e+01 5.263449233383141745e-01 4.809999999999999609e+00
-4.267310357932859688e+01 -5.263449233383070691e-01 4.809999999999999609e+00
-4.256504160833246431e+01 -2.631724614723182754e+00 4.849999999999999645e+00
-4.245697963733633173e+01 -5.817496517481707485e+00 4.870000000000000107e+00
-4.147873442675582112e+01 -1.108094574889646111e+01 4.929999999999999716e+00
-4.126261048476355597e+01 -1.426671765165497874e+01 4.929999999999999716e+00
-4.104648654297334787e+01 -1.637209734500822833e+01 4.959999999999999964e+00
-4.083036260098108272e+01 -1.847747703639310402e+01 4.959999999999999964e+00
-4.072230063018700719e+01 -2.376862863250487834e+01 5.019999999999999574e+00
-4.083036260098108272e+01 -2.587400832388975402e+01 5.040000000000000036e+00
-4.137067245575968855e+01 -2.587400832388975402e+01 5.040000000000000036e+00
-4.147873442675582112e+01 -2.692669817056637882e+01 5.059999999999999609e+00
-4.180860781176365748e+01 -2.692669817056637882e+01 5.059999999999999609e+00
-4.169485836854602212e+01 -2.905978022664827876e+01 5.040000000000000036e+00
-4.137067245575968855e+01 -2.905978022664827876e+01 5.040000000000000036e+00
-4.202473175355386559e+01 -3.011247007332490000e+01 5.040000000000000036e+00
-4.267310357932859688e+01 -3.011247007332490000e+01 5.059999999999999609e+00
-4.310535146311107013e+01 -3.116515992000152124e+01 5.080000000000000071e+00
-4.299728949211493756e+01 -3.327053961138639693e+01 5.059999999999999609e+00
-4.256504160833246431e+01 -3.435093182276004597e+01 5.040000000000000036e+00
-4.180860781176365748e+01 -3.540362166943667432e+01 5.040000000000000036e+00
-4.083036260098108272e+01 -3.645631151414492166e+01 5.000000000000000000e+00
-4.006824133239283015e+01 -3.750900136082154290e+01 5.000000000000000000e+00
-3.963599344861036400e+01 -3.961438105417479250e+01 4.980000000000000426e+00
-3.920374556482789075e+01 -4.066707089888304694e+01 4.959999999999999964e+00
-3.898762162283562560e+01 -4.385284280164157167e+01 4.980000000000000426e+00
-3.909568359383175817e+01 -4.490553264831819291e+01 5.000000000000000000e+00
-3.898762162283562560e+01 -4.385284280164157167e+01 4.980000000000000426e+00
-3.865774823782778924e+01 -4.385284280164157167e+01 5.000000000000000000e+00
-3.724725514346479827e+01 -4.701091234167144250e+01 4.889999999999999680e+00
-3.649082134669393440e+01 -4.914399439775333889e+01 4.889999999999999680e+00
-3.572870007810568183e+01 -5.019668424442996013e+01 4.870000000000000107e+00
-3.410208304175043281e+01 -5.124937409110658848e+01 4.870000000000000107e+00
-3.323758727418548631e+01 -5.019668424442996013e+01 4.809999999999999609e+00
-3.247546600539517669e+01 -4.914399439775333889e+01 4.830000000000000071e+00
-3.161097023783023729e+01 -4.701091234167144250e+01 4.830000000000000071e+00
-3.074078699804379511e+01 -4.490553264831819291e+01 4.809999999999999609e+00
-2.998435320147498828e+01 -4.385284280164157167e+01 4.780000000000000249e+00
-2.943835587447488678e+01 -4.280015295693331723e+01 4.759999999999999787e+00
-2.933029390368081124e+01 -4.174746311025669598e+01 4.759999999999999787e+00
-2.922223193268467867e+01 -4.066707089888304694e+01 4.700000000000000178e+00
-2.889804601989833799e+01 -4.066707089888304694e+01 4.740000000000000213e+00
-2.878998404890220542e+01 -3.961438105417479250e+01 4.740000000000000213e+00
-2.889804601989833799e+01 -3.856169120749817125e+01 4.700000000000000178e+00
-2.857386010690994382e+01 -3.856169120749817125e+01 4.759999999999999787e+00
-2.759561489632942610e+01 -3.961438105417479250e+01 4.719999999999999751e+00
-2.553674997619170384e+01 -3.961438105417479250e+01 4.679999999999999716e+00
-2.466656673640526520e+01 -3.856169120749817125e+01 4.650000000000000355e+00
-2.293188772925593710e+01 -3.645631151414492166e+01 4.629999999999999893e+00
-2.119720872190455552e+01 -3.327053961138639693e+01 4.570000000000000284e+00
-2.032702548211810978e+01 -3.327053961138639693e+01 4.530000000000000249e+00
-1.956490421332780372e+01 -3.435093182276004597e+01 4.530000000000000249e+00
-1.891653238775512591e+01 -3.750900136082154290e+01 4.530000000000000249e+00
-1.913265632954533402e+01 -3.961438105417479250e+01 4.530000000000000249e+00
-1.924071830054146659e+01 -4.066707089888304694e+01 4.530000000000000249e+00
-1.956490421332780372e+01 -4.066707089888304694e+01 4.530000000000000249e+00
-1.956490421332780372e+01 -4.174746311025669598e+01 4.530000000000000249e+00
-1.956490421332780372e+01 -3.645631151414492166e+01 4.570000000000000284e+00
-1.989477759833564008e+01 -3.435093182276004597e+01 4.589999999999999858e+00
-2.032702548211810978e+01 -3.327053961138639693e+01 4.530000000000000249e+00
-2.108914675090842294e+01 -3.116515992000152124e+01 4.610000000000000320e+00
-2.271576378726367196e+01 -3.011247007332490000e+01 4.629999999999999893e+00
-2.445044279461505354e+01 -2.800709038194002076e+01 4.660000000000000142e+00
-2.607705983097030611e+01 -2.482131847721312923e+01 4.679999999999999716e+00
-2.672543165654298392e+01 -2.376862863250487834e+01 4.700000000000000178e+00
-2.737949095433716096e+01 -2.061055909247500750e+01 4.679999999999999716e+00
-2.748755292533329353e+01 -1.847747703639310402e+01 4.660000000000000142e+00
-2.759561489632942610e+01 -1.637209734500822833e+01 4.700000000000000178e+00
-2.770367686732555867e+01 -1.531940749833160709e+01 4.700000000000000178e+00
-2.857386010690994382e+01 -1.637209734500822833e+01 4.700000000000000178e+00
-2.878998404890220542e+01 -1.742478718971648277e+01 4.700000000000000178e+00
-2.878998404890220542e+01 -1.847747703639310402e+01 4.700000000000000178e+00
-2.857386010690994382e+01 -1.953016688306973236e+01 4.719999999999999751e+00
-2.705530504155082028e+01 -6.870186364158335834e+00 4.610000000000000320e+00
-2.781173883811963066e+01 -6.870186364158335834e+00 4.610000000000000320e+00
-2.857386010690994382e+01 -6.870186364158335834e+00 4.610000000000000320e+00
-2.933029390368081124e+01 -4.737104308076432346e+00 4.589999999999999858e+00
-2.954641784547101935e+01 5.263449233383141745e-01 4.589999999999999858e+00
-2.933029390368081124e+01 4.764806672773460150e+00 4.509999999999999787e+00
-2.889804601989833799e+01 6.870186364158335834e+00 4.500000000000000000e+00
-2.857386010690994382e+01 6.870186364158335834e+00 4.480000000000000426e+00
-2.835204869289823648e+01 7.922876210834957078e+00 4.480000000000000426e+00
-2.857386010690994382e+01 9.003268422208606125e+00 4.459999999999999964e+00
-2.857386010690994382e+01 7.922876210834957078e+00 4.480000000000000426e+00
-2.737949095433716096e+01 5.817496519450081394e+00 4.480000000000000426e+00
-2.629318377276051422e+01 4.764806672773460150e+00 4.459999999999999964e+00
-2.553674997619170384e+01 4.764806672773460150e+00 4.440000000000000391e+00
-2.434238082361892452e+01 6.870186364158335834e+00 4.419999999999999929e+00
-2.401250743861108461e+01 9.003268422208606125e+00 4.400000000000000355e+00
-2.336413561303841036e+01 1.005595826691686057e+01 4.379999999999999893e+00
-2.271576378726367196e+01 1.216133796027010305e+01 4.330000000000000071e+00
-2.184558054747723332e+01 1.321402780694672430e+01 4.309999999999999609e+00
-2.097539730789284818e+01 1.426671765165497874e+01 4.269999999999999574e+00
-2.000283956933177265e+01 1.426671765165497874e+01 4.269999999999999574e+00
-1.891653238775512591e+01 1.321402780694672430e+01 4.250000000000000000e+00
-1.804634914796868372e+01 1.216133796027010305e+01 4.250000000000000000e+00
-1.750603929319008145e+01 1.216133796027010305e+01 4.250000000000000000e+00
-1.696572943861353622e+01 1.216133796027010305e+01 4.250000000000000000e+00
-1.663585605360569986e+01 1.321402780694672430e+01 4.250000000000000000e+00
-1.631167014061730214e+01 1.321402780694672430e+01 4.230000000000000426e+00
-1.577136028604075690e+01 1.321402780694672430e+01 4.230000000000000426e+00
-1.533911240225828720e+01 1.321402780694672430e+01 4.230000000000000426e+00
-1.479311507525818215e+01 1.321402780694672430e+01 4.250000000000000000e+00
-1.414474324968550434e+01 1.426671765165497874e+01 4.209999999999999964e+00
-1.327456000989906215e+01 1.426671765165497874e+01 4.209999999999999964e+00
-1.230200227133798307e+01 1.426671765165497874e+01 4.179999999999999716e+00
-1.132375706075747246e+01 1.531940749833160709e+01 4.179999999999999716e+00
-1.034551185017695474e+01 1.639979970970525613e+01 4.139999999999999680e+00
-9.481016082612015339e+00 1.745248955638187738e+01 4.139999999999999680e+00
-8.394708900833308007e+00 1.850517940109012471e+01 4.099999999999999645e+00
-7.416463690252790286e+00 1.850517940109012471e+01 4.080000000000000071e+00
-6.335843980695585742e+00 1.850517940109012471e+01 4.080000000000000071e+00
-5.249536799118942554e+00 1.850517940109012471e+01 4.080000000000000071e+00
-4.271291588538417727e+00 1.850517940109012471e+01 4.059999999999999609e+00
-3.293046377755850074e+00 1.955786924776674596e+01 4.030000000000000249e+00
-2.320488639396835140e+00 1.955786924776674596e+01 4.009999999999999787e+00
-1.342243428614260381e+00 1.955786924776674596e+01 4.009999999999999787e+00
-3.639982180337426598e-01 2.061055909444338852e+01 3.990000000000000213e+00
6.085595205273293118e-01 2.166324894112000266e+01 3.950000000000000178e+00
1.478742760313771498e+00 2.271593878582825710e+01 3.930000000000000160e+00
2.565049941890421792e+00 2.271593878582825710e+01 3.879999999999999893e+00
3.537607680451493763e+00 2.379633099720190614e+01 3.910000000000000142e+00
4.515852891032004379e+00 2.484902084387852028e+01 3.899999999999999911e+00
5.380348658596950884e+00 2.484902084387852028e+01 3.899999999999999911e+00
6.034407956391127925e+00 2.484902084387852028e+01 3.899999999999999911e+00
6.574717811169726644e+00 2.484902084387852028e+01 3.899999999999999911e+00
7.012653167173702684e+00 2.484902084387852028e+01 3.879999999999999893e+00
7.444901050956168831e+00 2.484902084387852028e+01 3.879999999999999893e+00
7.877148934738642083e+00 2.484902084387852028e+01 3.819999999999999840e+00
8.309396818521115335e+00 2.484902084387852028e+01 3.819999999999999840e+00
8.963456116315292377e+00 2.590171068858677472e+01 3.779999999999999805e+00
9.719889912884099203e+00 2.590171068858677472e+01 3.799999999999999822e+00
1.048201118167440882e+01 2.695440053526340307e+01 3.779999999999999805e+00
1.113038300724709018e+01 2.905978022861664556e+01 3.729999999999999982e+00
1.178444230524331715e+01 3.011247007332490000e+01 3.729999999999999982e+00
1.210862821802966494e+01 3.224555213137516319e+01 3.649999999999999911e+00
1.264893807280826366e+01 3.435093182276004597e+01 3.649999999999999911e+00
1.330299737060244070e+01 3.645631151611328846e+01 3.669999999999999929e+00
1.395136919617511495e+01 3.750900136082154290e+01 3.609999999999999876e+00
1.482155243596156424e+01 3.964208341887182030e+01 3.580000000000000071e+00
1.568604820352650364e+01 3.964208341887182030e+01 3.560000000000000053e+00
1.666429341410701426e+01 3.964208341887182030e+01 3.540000000000000036e+00
1.764253862488958902e+01 3.964208341887182030e+01 3.540000000000000036e+00
1.872315833424473652e+01 4.069477326554843444e+01 3.540000000000000036e+00
1.959334157403117160e+01 4.174746311025668888e+01 3.520000000000000018e+00
2.035546284282149543e+01 4.280015295693331723e+01 3.450000000000000178e+00
2.100383466839416258e+01 4.385284280360994558e+01 3.410000000000000142e+00
2.121995861038642772e+01 4.493323501301522072e+01 3.390000000000000124e+00
2.132802058138256029e+01 4.598592485969183485e+01 3.390000000000000124e+00
2.143608255217664293e+01 4.703861470636846320e+01 3.390000000000000124e+00
2.176595593718447219e+01 4.703861470636846320e+01 3.330000000000000071e+00
2.241432776295921769e+01 4.703861470636846320e+01 3.310000000000000053e+00
2.317076155952801741e+01 4.493323501301522072e+01 3.310000000000000053e+00
2.404094479931445960e+01 4.385284280360994558e+01 3.299999999999999822e+00
2.523531395188723536e+01 4.280015295693331723e+01 3.279999999999999805e+00
2.632162113346389276e+01 4.174746311025668888e+01 3.259999999999999787e+00
2.838048605360161503e+01 4.069477326554843444e+01 3.180000000000000160e+00
2.935873126418212564e+01 3.964208341887182030e+01 3.149999999999999911e+00
3.141759618431984791e+01 4.174746311025668888e+01 3.029999999999999805e+00
3.228777942410629009e+01 4.174746311025668888e+01 2.979999999999999982e+00
3.293615124967897145e+01 4.280015295693331723e+01 2.939999999999999947e+00
3.336839913346145181e+01 4.280015295693331723e+01 2.939999999999999947e+00
3.380633448946541364e+01 4.385284280360994558e+01 2.919999999999999929e+00
3.423858237324787979e+01 4.385284280360994558e+01 2.919999999999999929e+00
3.456276828603421336e+01 4.280015295693331723e+01 2.939999999999999947e+00
3.467083025703036014e+01 4.069477326554843444e+01 2.939999999999999947e+00
3.445470631503808079e+01 3.964208341887182030e+01 2.939999999999999947e+00
3.413052040225176142e+01 3.858939357219519195e+01 2.959999999999999964e+00
3.369827251846928107e+01 3.645631151611328846e+01 2.979999999999999982e+00
3.326033716266736917e+01 3.540362166943667432e+01 3.000000000000000000e+00
3.315227519167123660e+01 3.329824197608343184e+01 3.009999999999999787e+00
3.347646110445757017e+01 3.224555213137516319e+01 3.000000000000000000e+00
3.423858237324787979e+01 3.011247007332490000e+01 2.979999999999999982e+00
3.510876561303432197e+01 2.905978022861664556e+01 2.919999999999999929e+00
3.608132335139335112e+01 2.905978022861664556e+01 2.859999999999999876e+00
3.705956856217591167e+01 2.800709038194003142e+01 2.830000000000000071e+00
3.781600235874472560e+01 2.800709038194003142e+01 2.750000000000000000e+00
3.825393771474870164e+01 2.590171068858677472e+01 2.700000000000000178e+00
3.836199968554277007e+01 2.484902084387852028e+01 2.680000000000000160e+00
3.836199968554277007e+01 2.379633099720190614e+01 2.640000000000000124e+00
3.836199968554277007e+01 2.271593878582825710e+01 2.680000000000000160e+00
3.792406432974085817e+01 2.166324894112000266e+01 2.660000000000000142e+00
3.749181644595839202e+01 2.166324894112000266e+01 2.709999999999999964e+00
3.684344462018366073e+01 2.061055909444338852e+01 2.790000000000000036e+00
3.629744729338560205e+01 1.955786924776674596e+01 2.830000000000000071e+00
3.618938532238946948e+01 1.745248955638187738e+01 2.790000000000000036e+00
3.629744729338560205e+01 1.639979970970525613e+01 2.709999999999999964e+00
3.640550926438174884e+01 1.426671765165497874e+01 2.640000000000000124e+00
3.684344462018366073e+01 1.426671765165497874e+01 2.620000000000000107e+00
3.749181644595839202e+01 1.426671765165497874e+01 2.509999999999999787e+00
3.770794038774859303e+01 1.321402780694672430e+01 2.490000000000000213e+00
3.814587574375255485e+01 1.321402780694672430e+01 2.470000000000000195e+00
3.868618559853116778e+01 1.321402780694672430e+01 2.399999999999999911e+00
3.901037151131750136e+01 1.216133796027010305e+01 2.359999999999999876e+00
3.933455742410384914e+01 1.110864811359348181e+01 2.359999999999999876e+00
3.933455742410384914e+01 9.003268422208606125e+00 2.399999999999999911e+00
3.901037151131750136e+01 7.922876210834957078e+00 2.529999999999999805e+00
3.868618559853116778e+01 5.817496519450081394e+00 2.620000000000000107e+00
3.857812362753502100e+01 4.764806672773460150e+00 2.680000000000000160e+00
3.847006165653890264e+01 3.712116826096831801e+00 2.770000000000000018e+00
3.857812362753502100e+01 1.579034770014935418e+00 2.790000000000000036e+00
3.879424756932525042e+01 -5.263449233383070691e-01 2.830000000000000071e+00
3.901037151131750136e+01 -1.579034768046561510e+00 2.810000000000000053e+00
3.933455742410384914e+01 -2.631724614723182754e+00 2.790000000000000036e+00
3.977249278010781097e+01 -2.631724614723182754e+00 2.770000000000000018e+00
4.009667869289415876e+01 -2.631724614723182754e+00 2.770000000000000018e+00
4.063698854767275748e+01 -2.631724614723182754e+00 2.640000000000000124e+00
4.107492390367671931e+01 -3.684414461399811103e+00 2.640000000000000124e+00
4.150717178745919966e+01 -4.737104308076432346e+00 2.660000000000000142e+00
4.161523375825326809e+01 -6.870186364158335834e+00 2.700000000000000178e+00
4.193941967124166581e+01 -1.002825590221983276e+01 2.709999999999999964e+00
4.215554361303186681e+01 -1.108094574889646111e+01 2.729999999999999982e+00
4.226360558402799938e+01 -1.321402780497835749e+01 2.750000000000000000e+00
4.193941967124166581e+01 -1.531940749833160709e+01 2.750000000000000000e+00
4.161523375825326809e+01 -1.637209734500822833e+01 2.729999999999999982e+00
4.139910981646306709e+01 -1.847747703639310402e+01 2.729999999999999982e+00
4.118298587447080195e+01 -1.953016688306973236e+01 2.729999999999999982e+00
4.129104784546692031e+01 -2.061055909247500750e+01 2.790000000000000036e+00
4.139910981646306709e+01 -2.271593878582825354e+01 2.810000000000000053e+00
4.172329572924940067e+01 -2.587400832388975402e+01 2.810000000000000053e+00
4.204748164203574845e+01 -2.692669817056637882e+01 2.810000000000000053e+00
4.226360558402799938e+01 -2.800709038194002076e+01 2.830000000000000071e+00
4.237166755502414617e+01 -2.905978022664827876e+01 2.830000000000000071e+00
4.270154093982991128e+01 -3.011247007332490000e+01 2.810000000000000053e+00
4.302572685281830900e+01 -2.905978022664827876e+01 2.810000000000000053e+00
4.334991276560465678e+01 -2.905978022664827876e+01 2.790000000000000036e+00
4.324185079460852421e+01 -2.800709038194002076e+01 2.830000000000000071e+00
4.270154093982991128e+01 -2.800709038194002076e+01 2.790000000000000036e+00
4.129104784546692031e+01 -2.905978022664827876e+01 2.830000000000000071e+00
4.107492390367671931e+01 -3.011247007332490000e+01 2.859999999999999876e+00
4.063698854767275748e+01 -3.011247007332490000e+01 2.919999999999999929e+00
3.998861672189801197e+01 -3.116515992000152124e+01 2.919999999999999929e+00
3.911843348231363393e+01 -3.327053961138639693e+01 2.939999999999999947e+00
3.825393771474870164e+01 -3.435093182276004597e+01 2.959999999999999964e+00
3.727569250396611267e+01 -3.540362166943667432e+01 2.979999999999999982e+00
3.543295152582066976e+01 -3.327053961138639693e+01 3.029999999999999805e+00
3.499501616981669372e+01 -3.221784976667814249e+01 3.029999999999999805e+00
3.434664434424401236e+01 -3.221784976667814249e+01 3.109999999999999876e+00
3.402245843125561464e+01 -3.221784976667814249e+01 3.149999999999999911e+00
3.380633448946541364e+01 -3.116515992000152124e+01 3.129999999999999893e+00
3.347646110445757017e+01 -3.116515992000152124e+01 3.149999999999999911e+00
3.304421322067510403e+01 -3.116515992000152124e+01 3.149999999999999911e+00
3.239584139510242267e+01 -3.116515992000152124e+01 3.149999999999999911e+00
3.174178209710618148e+01 -3.011247007332490000e+01 3.180000000000000160e+00
3.098534830053738176e+01 -2.905978022664827876e+01 3.200000000000000178e+00
3.033128900274320472e+01 -2.800709038194002076e+01 3.220000000000000195e+00
3.000710308995687114e+01 -2.800709038194002076e+01 3.220000000000000195e+00
2.957485520617439079e+01 -2.800709038194002076e+01 3.180000000000000160e+00
2.925066929318599307e+01 -2.905978022664827876e+01 3.259999999999999787e+00
2.848854802439568346e+01 -3.011247007332490000e+01 3.279999999999999805e+00
2.773211422782686952e+01 -3.011247007332490000e+01 3.279999999999999805e+00
2.675386901724635891e+01 -2.800709038194002076e+01 3.279999999999999805e+00
2.609980971945218187e+01 -2.800709038194002076e+01 3.240000000000000213e+00
2.599174774845604929e+01 -2.905978022664827876e+01 3.009999999999999787e+00
2.588368577745991672e+01 -3.011247007332490000e+01 3.259999999999999787e+00
2.555949986467358315e+01 -3.011247007332490000e+01 3.299999999999999822e+00
2.501919000989497022e+01 -3.221784976667814249e+01 3.330000000000000071e+00
2.404094479931445960e+01 -3.435093182276004597e+01 3.390000000000000124e+00
2.284657564674168384e+01 -3.645631151414492166e+01 3.410000000000000142e+00
2.198207987917673734e+01 -3.750900136082154290e+01 3.410000000000000142e+00
2.121995861038642772e+01 -3.540362166943667432e+01 3.430000000000000160e+00
2.100383466839416258e+01 -3.327053961138639693e+01 3.459999999999999964e+00
2.067964875560782900e+01 -3.221784976667814249e+01 3.459999999999999964e+00
2.035546284282149543e+01 -3.221784976667814249e+01 3.459999999999999964e+00
1.991752748681751939e+01 -3.221784976667814249e+01 3.459999999999999964e+00
1.937721763203890646e+01 -3.327053961138639693e+01 3.479999999999999982e+00
1.861509636345066809e+01 -3.327053961138639693e+01 3.520000000000000018e+00
1.796672453767592970e+01 -3.540362166943667432e+01 3.520000000000000018e+00
1.731835271210325544e+01 -3.750900136082154290e+01 3.540000000000000036e+00
1.655623144331294583e+01 -3.645631151414492166e+01 3.560000000000000053e+00
1.590785961753820743e+01 -3.540362166943667432e+01 3.580000000000000071e+00
1.536186229074016296e+01 -3.327053961138639693e+01 3.600000000000000089e+00
1.482155243596156424e+01 -3.221784976667814249e+01 3.600000000000000089e+00
1.416749313816738010e+01 -3.221784976667814249e+01 3.629999999999999893e+00
1.351912131239264880e+01 -3.327053961138639693e+01 3.649999999999999911e+00
1.297881145761404298e+01 -3.435093182276004597e+01 3.689999999999999947e+00
1.232475215981986594e+01 -3.435093182276004597e+01 3.689999999999999947e+00
1.167638033424719168e+01 -3.540362166943667432e+01 3.689999999999999947e+00
1.091425906545688207e+01 -3.435093182276004597e+01 3.750000000000000000e+00
9.941701326895802993e+00 -3.540362166943667432e+01 3.819999999999999840e+00
9.071518087109360806e+00 -3.645631151414492166e+01 3.819999999999999840e+00
8.201334847524982763e+00 -3.750900136082154290e+01 3.839999999999999858e+00
7.444901050956168831e+00 -3.750900136082154290e+01 3.879999999999999893e+00
6.898903723956067324e+00 -3.856169120749817125e+01 3.879999999999999893e+00
6.574717811169726644e+00 -3.856169120749817125e+01 3.910000000000000142e+00
6.142469927387253392e+00 -3.750900136082154290e+01 3.930000000000000160e+00
6.142469927387253392e+00 -3.645631151414492166e+01 3.910000000000000142e+00
6.142469927387253392e+00 -3.540362166943667432e+01 3.910000000000000142e+00
6.574717811169726644e+00 -3.540362166943667432e+01 3.910000000000000142e+00
6.898903723956067324e+00 -3.540362166943667432e+01 3.879999999999999893e+00
7.336839079960043364e+00 -3.435093182276004597e+01 3.859999999999999876e+00
7.769086963742516616e+00 -3.435093182276004597e+01 3.859999999999999876e+00
7.552963021750244366e+00 -3.221784976667814249e+01 3.879999999999999893e+00
7.012653167173702684e+00 -3.116515992000152124e+01 3.859999999999999876e+00
6.358593869177461499e+00 -3.011247007332490000e+01 3.839999999999999858e+00
5.926345985394988247e+00 -2.905978022664827876e+01 3.799999999999999822e+00
5.056162745810617309e+00 -2.692669817056637882e+01 3.759999999999999787e+00
3.969855564233967016e+00 -2.587400832388975402e+01 3.649999999999999911e+00
3.105359796669020511e+00 -2.482131847721312923e+01 3.540000000000000036e+00
2.343238527878718003e+00 -2.271593878582825354e+01 3.479999999999999982e+00
2.019052614890313180e+00 -2.166324893915162875e+01 3.430000000000000160e+00
1.910990644096244750e+00 -1.847747703639310402e+01 3.430000000000000160e+00
1.802928673100105073e+00 -1.637209734500822833e+01 3.459999999999999964e+00
1.694866702103979605e+00 -1.426671765165497874e+01 3.799999999999999822e+00
1.694866702103979605e+00 -1.108094574889646111e+01 3.819999999999999840e+00
1.586804731107839928e+00 -1.002825590221983276e+01 3.859999999999999876e+00
1.478742760313771498e+00 -8.975566057511585427e+00 3.879999999999999893e+00
1.040807404309802564e+00 -1.108094574889646111e+01 3.799999999999999822e+00
9.327454333136628861e-01 -1.213363559557308236e+01 3.799999999999999822e+00
1.040807404309802564e+00 -1.321402780497835749e+01 3.759999999999999787e+00
1.370680789317638926e+00 -1.531940749833160709e+01 3.649999999999999911e+00
1.694866702103979605e+00 -1.637209734500822833e+01 3.600000000000000089e+00
2.019052614890313180e+00 -1.637209734500822833e+01 3.609999999999999876e+00
2.343238527878718003e+00 -1.637209734500822833e+01 3.689999999999999947e+00
2.889235854676755366e+00 -1.637209734500822833e+01 3.819999999999999840e+00
3.213421767463088941e+00 -1.637209734500822833e+01 3.819999999999999840e+00
3.753731622241701871e+00 -1.637209734500822833e+01 3.819999999999999840e+00
3.969855564233967016e+00 -1.531940749833160709e+01 3.819999999999999840e+00
3.969855564233967016e+00 -1.426671765165497874e+01 3.750000000000000000e+00
3.753731622241701871e+00 -1.321402780497835749e+01 3.729999999999999982e+00
3.537607680451493763e+00 -1.213363559557308236e+01 3.729999999999999982e+00
2.997297825672895044e+00 -1.108094574889646111e+01 3.819999999999999840e+00
2.673111912886547259e+00 -1.108094574889646111e+01 3.819999999999999840e+00
2.343238527878718003e+00 -1.108094574889646111e+01 3.839999999999999858e+00
1.802928673100105073e+00 -1.108094574889646111e+01 3.859999999999999876e+00
1.478742760313771498e+00 -1.108094574889646111e+01 3.839999999999999858e+00
1.154556847325373781e+00 -1.108094574889646111e+01 3.819999999999999840e+00
1.154556847325373781e+00 -1.213363559557308236e+01 3.819999999999999840e+00
1.586804731107839928e+00 -1.321402780497835749e+01 3.799999999999999822e+00
2.019052614890313180e+00 -1.321402780497835749e+01 3.750000000000000000e+00
2.451300498672786432e+00 -1.321402780497835749e+01 3.750000000000000000e+00
2.889235854676755366e+00 -1.321402780497835749e+01 3.750000000000000000e+00
3.213421767463088941e+00 -1.321402780497835749e+01 3.709999999999999964e+00
3.213421767463088941e+00 -1.213363559557308236e+01 3.729999999999999982e+00
2.781173883680629899e+00 -1.108094574889646111e+01 3.799999999999999822e+00
2.673111912886547259e+00 -1.002825590221983276e+01 3.709999999999999964e+00
2.673111912886547259e+00 -8.975566057511585427e+00 3.669999999999999929e+00
2.673111912886547259e+00 -7.922876210834957078e+00 3.709999999999999964e+00
2.127114585886452858e+00 -8.975566057511585427e+00 3.709999999999999964e+00
1.586804731107839928e+00 -1.002825590221983276e+01 3.759999999999999787e+00
1.478742760313771498e+00 -1.108094574889646111e+01 3.859999999999999876e+00
1.478742760313771498e+00 -1.213363559557308236e+01 3.839999999999999858e+00
1.586804731107839928e+00 -1.321402780497835749e+01 3.819999999999999840e+00
1.694866702103979605e+00 -1.426671765165497874e+01 3.779999999999999805e+00
1.910990644096244750e+00 -1.531940749833160709e+01 3.520000000000000018e+00
2.127114585886452858e+00 -1.637209734500822833e+01 3.430000000000000160e+00
2.565049941890421792e+00 -1.637209734500822833e+01 3.459999999999999964e+00
2.889235854676755366e+00 -1.637209734500822833e+01 3.609999999999999876e+00
2.997297825672895044e+00 -1.531940749833160709e+01 3.709999999999999964e+00
3.105359796669020511e+00 -1.426671765165497874e+01 3.779999999999999805e+00
3.213421767463088941e+00 -1.321402780497835749e+01 3.779999999999999805e+00
3.429545709455354086e+00 -1.213363559557308236e+01 3.779999999999999805e+00
3.537607680451493763e+00 -1.108094574889646111e+01 3.799999999999999822e+00
2.889235854676755366e+00 -1.108094574889646111e+01 3.859999999999999876e+00
2.127114585886452858e+00 -1.108094574889646111e+01 3.839999999999999858e+00
1.478742760313771498e+00 -1.108094574889646111e+01 3.859999999999999876e+00
1.040807404309802564e+00 -1.108094574889646111e+01 3.879999999999999893e+00
7.166214915234547789e-01 -1.213363559557308236e+01 3.859999999999999876e+00
5.004975495311896339e-01 -1.321402780497835749e+01 3.859999999999999876e+00
3.924355785350641668e-01 -1.426671765165497874e+01 3.479999999999999982e+00
5.004975495311896339e-01 -1.531940749833160709e+01 3.450000000000000178e+00
7.166214915234547789e-01 -1.637209734500822833e+01 3.479999999999999982e+00
1.154556847325373781e+00 -1.742478718971648277e+01 3.500000000000000000e+00
1.478742760313771498e+00 -1.742478718971648277e+01 3.500000000000000000e+00
1.802928673100105073e+00 -1.742478718971648277e+01 3.709999999999999964e+00
2.235176556882578325e+00 -1.637209734500822833e+01 3.759999999999999787e+00
2.343238527878718003e+00 -1.531940749833160709e+01 3.839999999999999858e+00
2.343238527878718003e+00 -1.426671765165497874e+01 3.839999999999999858e+00
2.343238527878718003e+00 -1.321402780497835749e+01 3.819999999999999840e+00
2.343238527878718003e+00 -1.213363559557308236e+01 3.779999999999999805e+00
2.343238527878718003e+00 -1.108094574889646111e+01 3.779999999999999805e+00
2.673111912886547259e+00 -1.108094574889646111e+01 3.759999999999999787e+00
2.997297825672895044e+00 -1.002825590221983276e+01 3.750000000000000000e+00
3.321483738459228618e+00 -1.002825590221983276e+01 3.779999999999999805e+00
2.235176556882578325e+00 -1.213363559557308236e+01 3.839999999999999858e+00
1.694866702103979605e+00 -1.426671765165497874e+01 3.799999999999999822e+00
1.370680789317638926e+00 -1.531940749833160709e+01 3.750000000000000000e+00
1.154556847325373781e+00 -1.637209734500822833e+01 3.500000000000000000e+00
9.327454333136628861e-01 -1.742478718971648277e+01 3.450000000000000178e+00
6.085595205273293118e-01 -1.847747703639310402e+01 3.910000000000000142e+00
1.763116367448560595e-01 -1.847747703639310402e+01 4.009999999999999787e+00
6.085595205273293118e-01 -1.637209734500822833e+01 3.709999999999999964e+00
3.429545709455354086e+00 -7.922876210834957078e+00 3.669999999999999929e+00
3.753731622241701871e+00 -6.870186364158335834e+00 3.649999999999999911e+00
2.997297825672895044e+00 -8.975566057511585427e+00 3.689999999999999947e+00
2.451300498672786432e+00 -1.002825590221983276e+01 3.750000000000000000e+00
2.019052614890313180e+00 -1.108094574889646111e+01 3.839999999999999858e+00
1.694866702103979605e+00 -1.321402780497835749e+01 3.799999999999999822e+00
1.478742760313771498e+00 -1.426671765165497874e+01 3.629999999999999893e+00
1.262618818321506353e+00 -1.531940749833160709e+01 3.410000000000000142e+00
1.154556847325373781e+00 -1.847747703639310402e+01 3.450000000000000178e+00
1.262618818321506353e+00 -1.742478718971648277e+01 3.459999999999999964e+00
1.478742760313771498e+00 -1.847747703639310402e+01 3.450000000000000178e+00
1.040807404309802564e+00 -1.847747703639310402e+01 3.450000000000000178e+00
1.040807404309802564e+00 -1.953016688306973236e+01 3.450000000000000178e+00
1.370680789317638926e+00 -1.953016688306973236e+01 3.459999999999999964e+00
1.478742760313771498e+00 -1.847747703639310402e+01 3.459999999999999964e+00
1.478742760313771498e+00 -1.637209734500822833e+01 3.729999999999999982e+00
1.478742760313771498e+00 -1.426671765165497874e+01 3.799999999999999822e+00
1.370680789317638926e+00 -1.321402780497835749e+01 3.839999999999999858e+00
1.370680789317638926e+00 -1.108094574889646111e+01 3.839999999999999858e+00
1.154556847325373781e+00 -1.002825590221983276e+01 3.729999999999999982e+00
1.040807404309802564e+00 -8.975566057511585427e+00 3.729999999999999982e+00
1.040807404309802564e+00 -7.922876210834957078e+00 3.799999999999999822e+00
1.370680789317638926e+00 -6.870186364158335834e+00 3.799999999999999822e+00
1.802928673100105073e+00 -6.870186364158335834e+00 3.750000000000000000e+00
2.565049941890421792e+00 -7.922876210834957078e+00 3.729999999999999982e+00
2.997297825672895044e+00 -8.975566057511585427e+00 3.750000000000000000e+00
3.645669651245562193e+00 -1.002825590221983276e+01 3.729999999999999982e+00
4.083605007249538232e+00 -1.213363559557308236e+01 3.799999999999999822e+00
4.299728949039739234e+00 -1.426671765165497874e+01 3.839999999999999858e+00
4.515852891032004379e+00 -1.531940749833160709e+01 3.819999999999999840e+00
4.515852891032004379e+00 -1.742478718971648277e+01 3.819999999999999840e+00
4.948100774814477631e+00 -1.742478718971648277e+01 3.839999999999999858e+00
