1.742641468289732387e+01 3.858939357219519195e+01 3.600000000000000089e+00
1.742641468289732387e+01 3.964208341887182030e+01 3.600000000000000089e+00
1.785866256667979712e+01 3.964208341887182030e+01 3.600000000000000089e+00
1.818284847966819484e+01 3.964208341887182030e+01 3.580000000000000071e+00
1.753447665389345644e+01 4.069477326554843444e+01 3.560000000000000053e+00
1.698847932709541908e+01 3.964208341887182030e+01 3.609999999999999876e+00
1.655623144331294583e+01 3.858939357219519195e+01 3.649999999999999911e+00
1.601592158853434000e+01 3.750900136082154290e+01 3.649999999999999911e+00
1.546992426153423850e+01 3.645631151611328846e+01 3.709999999999999964e+00
1.460542849396929199e+01 3.540362166943667432e+01 3.729999999999999982e+00
1.362718328338878138e+01 3.645631151611328846e+01 3.750000000000000000e+00
1.275700004360233919e+01 3.645631151611328846e+01 3.729999999999999982e+00
1.189250427603739979e+01 3.750900136082154290e+01 3.709999999999999964e+00
1.113038300724709018e+01 3.858939357219519195e+01 3.709999999999999964e+00
1.048201118167440882e+01 3.750900136082154290e+01 3.750000000000000000e+00
9.941701326895802993e+00 3.645631151611328846e+01 3.750000000000000000e+00
9.827951883880231776e+00 3.540362166943667432e+01 3.759999999999999787e+00
9.827951883880231776e+00 3.329824197608343184e+01 3.819999999999999840e+00
9.827951883880231776e+00 3.119286228469854905e+01 3.839999999999999858e+00
9.827951883880231776e+00 2.905978022861664556e+01 3.839999999999999858e+00
9.827951883880231776e+00 2.800709038194003142e+01 3.799999999999999822e+00
9.719889912884099203e+00 2.695440053526340307e+01 3.859999999999999876e+00
9.503765970891834058e+00 2.590171068858677472e+01 3.879999999999999893e+00
8.963456116315292377e+00 2.484902084387852028e+01 3.879999999999999893e+00
8.309396818521115335e+00 2.484902084387852028e+01 3.899999999999999911e+00
8.093272876528850190e+00 2.379633099720190614e+01 3.879999999999999893e+00
7.769086963742516616e+00 2.166324894112000266e+01 3.910000000000000142e+00
7.552963021750244366e+00 2.061055909444338852e+01 3.930000000000000160e+00
7.552963021750244366e+00 2.166324894112000266e+01 3.930000000000000160e+00
7.444901050956168831e+00 2.061055909444338852e+01 3.910000000000000142e+00
7.012653167173702684e+00 2.061055909444338852e+01 3.930000000000000160e+00
6.466655840173601177e+00 1.850517940109012471e+01 3.950000000000000178e+00
5.926345985394988247e+00 1.745248955638187738e+01 3.910000000000000142e+00
5.488410629593083456e+00 1.639979970970525613e+01 3.879999999999999893e+00
5.272286687600818311e+00 1.531940749833160709e+01 3.910000000000000142e+00
5.272286687600818311e+00 1.426671765165497874e+01 3.950000000000000178e+00
5.272286687600818311e+00 1.321402780694672430e+01 3.990000000000000213e+00
5.164224716604685739e+00 1.216133796027010305e+01 3.990000000000000213e+00
5.488410629593083456e+00 1.216133796027010305e+01 3.950000000000000178e+00
5.926345985394988247e+00 1.110864811359348181e+01 3.930000000000000160e+00
6.250531898383393070e+00 1.005595826691686057e+01 3.799999999999999822e+00
6.574717811169726644e+00 1.005595826691686057e+01 3.799999999999999822e+00
7.120715137967778219e+00 1.005595826691686057e+01 3.799999999999999822e+00
7.769086963742516616e+00 9.003268422208606125e+00 3.759999999999999787e+00
8.201334847524982763e+00 9.003268422208606125e+00 3.750000000000000000e+00
8.531208232532819125e+00 1.005595826691686057e+01 3.750000000000000000e+00
8.963456116315292377e+00 1.005595826691686057e+01 3.750000000000000000e+00
9.611827941887966631e+00 1.110864811359348181e+01 3.709999999999999964e+00
1.037394921067827624e+01 1.216133796027010305e+01 3.709999999999999964e+00
1.059007315267054139e+01 1.321402780694672430e+01 3.729999999999999982e+00
1.048201118167440882e+01 1.426671765165497874e+01 3.750000000000000000e+00
1.048201118167440882e+01 1.531940749833160709e+01 3.779999999999999805e+00
1.048201118167440882e+01 1.639979970970525613e+01 3.779999999999999805e+00
1.048201118167440882e+01 1.745248955638187738e+01 3.779999999999999805e+00
1.048201118167440882e+01 1.639979970970525613e+01 3.799999999999999822e+00
1.048201118167440882e+01 1.531940749833160709e+01 3.779999999999999805e+00
1.059007315267054139e+01 1.426671765165497874e+01 3.709999999999999964e+00
1.069813512346461692e+01 1.216133796027010305e+01 3.649999999999999911e+00
1.059007315267054139e+01 1.005595826691686057e+01 3.629999999999999893e+00
1.048201118167440882e+01 9.003268422208606125e+00 3.580000000000000071e+00
1.037394921067827624e+01 7.922876210834957078e+00 3.520000000000000018e+00
1.015782526888806814e+01 6.870186364158335834e+00 3.520000000000000018e+00
1.026588723968214367e+01 7.922876210834957078e+00 3.500000000000000000e+00
1.059007315267054139e+01 6.870186364158335834e+00 3.540000000000000036e+00
1.059007315267054139e+01 7.922876210834957078e+00 3.649999999999999911e+00
1.015782526888806814e+01 1.005595826691686057e+01 3.759999999999999787e+00
9.719889912884099203e+00 1.321402780694672430e+01 3.819999999999999840e+00
9.179580058105500484e+00 1.531940749833160709e+01 3.879999999999999893e+00
8.639270203326887554e+00 1.745248955638187738e+01 3.879999999999999893e+00
8.093272876528850190e+00 2.166324894112000266e+01 3.859999999999999876e+00
7.444901050956168831e+00 2.271593878582825710e+01 3.879999999999999893e+00
7.336839079960043364e+00 2.484902084387852028e+01 3.879999999999999893e+00
7.228777108963903686e+00 2.590171068858677472e+01 3.899999999999999911e+00
7.120715137967778219e+00 2.695440053526340307e+01 3.899999999999999911e+00
7.012653167173702684e+00 2.800709038194003142e+01 3.879999999999999893e+00
7.012653167173702684e+00 2.905978022861664556e+01 3.879999999999999893e+00
7.120715137967778219e+00 3.011247007332490000e+01 3.879999999999999893e+00
7.120715137967778219e+00 3.119286228469854905e+01 3.879999999999999893e+00
7.336839079960043364e+00 3.224555213137516319e+01 3.839999999999999858e+00
7.444901050956168831e+00 3.329824197608343184e+01 3.839999999999999858e+00
7.661024992746376938e+00 3.435093182276004597e+01 3.819999999999999840e+00
7.769086963742516616e+00 3.540362166943667432e+01 3.750000000000000000e+00
7.877148934738642083e+00 3.645631151611328846e+01 3.759999999999999787e+00
8.417458789315190870e+00 3.645631151611328846e+01 3.729999999999999982e+00
9.179580058105500484e+00 3.645631151611328846e+01 3.729999999999999982e+00
1.004976329789194267e+01 3.645631151611328846e+01 3.750000000000000000e+00
1.069813512346461692e+01 3.435093182276004597e+01 3.729999999999999982e+00
1.123844497824321564e+01 3.329824197608343184e+01 3.709999999999999964e+00
1.189250427603739979e+01 3.119286228469854905e+01 3.709999999999999964e+00
1.254087610181213108e+01 3.011247007332490000e+01 3.689999999999999947e+00
1.351912131239264880e+01 2.905978022861664556e+01 3.669999999999999929e+00
1.492961440695768971e+01 2.905978022861664556e+01 3.580000000000000071e+00
1.655623144331294583e+01 2.905978022861664556e+01 3.600000000000000089e+00
1.775060059588572869e+01 2.905978022861664556e+01 3.580000000000000071e+00
1.861509636345066809e+01 2.905978022861664556e+01 3.560000000000000053e+00
1.937721763203890646e+01 2.905978022861664556e+01 3.520000000000000018e+00
1.991752748681751939e+01 3.119286228469854905e+01 3.520000000000000018e+00
2.024171339960386717e+01 3.329824197608343184e+01 3.520000000000000018e+00
2.024171339960386717e+01 3.540362166943667432e+01 3.500000000000000000e+00
2.046352481381762800e+01 3.750900136082154290e+01 3.479999999999999982e+00
2.078771072660396158e+01 3.964208341887182030e+01 3.459999999999999964e+00
2.143608255217664293e+01 4.174746311025668888e+01 3.430000000000000160e+00
2.230626579196307091e+01 4.280015295693331723e+01 3.450000000000000178e+00
2.328451100254359574e+01 4.280015295693331723e+01 3.410000000000000142e+00
2.404094479931445960e+01 4.280015295693331723e+01 3.390000000000000124e+00
2.480306606810478343e+01 4.174746311025668888e+01 3.330000000000000071e+00
2.534337592268131800e+01 4.174746311025668888e+01 3.350000000000000089e+00
2.577562380646378415e+01 4.174746311025668888e+01 3.330000000000000071e+00
2.632162113346389276e+01 4.069477326554843444e+01 3.310000000000000053e+00
2.675386901724635891e+01 4.069477326554843444e+01 3.279999999999999805e+00
2.707805493003270669e+01 4.069477326554843444e+01 3.279999999999999805e+00
2.751030281381517284e+01 4.069477326554843444e+01 3.259999999999999787e+00
2.784017619882301631e+01 4.069477326554843444e+01 3.240000000000000213e+00
2.838048605360161503e+01 4.069477326554843444e+01 3.220000000000000195e+00
2.881273393738408117e+01 4.069477326554843444e+01 3.220000000000000195e+00
2.925066929318599307e+01 3.964208341887182030e+01 3.200000000000000178e+00
3.000710308995687114e+01 4.069477326554843444e+01 3.160000000000000142e+00
3.076922435874718076e+01 4.174746311025668888e+01 3.109999999999999876e+00
3.130953421332371533e+01 4.280015295693331723e+01 3.069999999999999840e+00
3.195790603909844663e+01 4.385284280360994558e+01 3.049999999999999822e+00
3.239584139510242267e+01 4.598592485969183485e+01 3.049999999999999822e+00
3.272002730788877045e+01 4.703861470636846320e+01 3.009999999999999787e+00
3.304421322067510403e+01 4.809130455304507734e+01 3.000000000000000000e+00
3.315227519167123660e+01 4.914399439775334599e+01 2.959999999999999964e+00
3.359021054747314849e+01 5.019668424442996013e+01 2.939999999999999947e+00
3.380633448946541364e+01 5.124937409110658848e+01 2.919999999999999929e+00
3.413052040225176142e+01 5.124937409110658848e+01 2.899999999999999911e+00
3.445470631503808079e+01 5.124937409110658848e+01 2.919999999999999929e+00
3.380633448946541364e+01 5.124937409110658848e+01 2.959999999999999964e+00
3.304421322067510403e+01 5.124937409110658848e+01 3.000000000000000000e+00
3.282808927888490302e+01 5.019668424442996013e+01 3.000000000000000000e+00
3.304421322067510403e+01 4.809130455304507734e+01 2.979999999999999982e+00
3.315227519167123660e+01 4.703861470636846320e+01 3.009999999999999787e+00
3.293615124967897145e+01 4.385284280360994558e+01 2.959999999999999964e+00
3.228777942410629009e+01 4.174746311025668888e+01 3.109999999999999876e+00
3.184984406810232827e+01 4.069477326554843444e+01 3.109999999999999876e+00
3.184984406810232827e+01 3.858939357219519195e+01 3.109999999999999876e+00
3.228777942410629009e+01 3.645631151611328846e+01 3.089999999999999858e+00
3.304421322067510403e+01 3.540362166943667432e+01 3.029999999999999805e+00
3.380633448946541364e+01 3.435093182276004597e+01 2.979999999999999982e+00
3.488695419882056115e+01 3.435093182276004597e+01 2.959999999999999964e+00
3.575713743860700333e+01 3.329824197608343184e+01 2.899999999999999911e+00
3.651925870739731295e+01 3.224555213137516319e+01 2.879999999999999893e+00
3.705956856217591167e+01 3.224555213137516319e+01 2.830000000000000071e+00
3.749181644595839202e+01 3.224555213137516319e+01 2.830000000000000071e+00
3.803781377275642228e+01 3.224555213137516319e+01 2.790000000000000036e+00
3.879424756932525042e+01 3.119286228469854905e+01 2.750000000000000000e+00
3.922649545310771657e+01 3.119286228469854905e+01 2.660000000000000142e+00
3.966443080911167840e+01 3.011247007332490000e+01 2.660000000000000142e+00
4.009667869289415876e+01 3.011247007332490000e+01 2.620000000000000107e+00
4.052892657667662490e+01 3.011247007332490000e+01 2.580000000000000071e+00
4.085311248946295848e+01 3.011247007332490000e+01 2.529999999999999805e+00
4.129104784546692031e+01 3.011247007332490000e+01 2.470000000000000195e+00
4.139910981646306709e+01 2.905978022861664556e+01 2.470000000000000195e+00
4.183135770024553324e+01 2.905978022861664556e+01 2.399999999999999911e+00
4.237166755502414617e+01 2.905978022861664556e+01 2.359999999999999876e+00
4.280960291082605806e+01 2.905978022861664556e+01 2.339999999999999858e+00
4.302572685281830900e+01 3.011247007332490000e+01 2.379999999999999893e+00
4.324185079460852421e+01 3.119286228469854905e+01 2.399999999999999911e+00
4.334991276560465678e+01 3.224555213137516319e+01 2.430000000000000160e+00
4.334991276560465678e+01 3.435093182276004597e+01 2.509999999999999787e+00
4.334991276560465678e+01 3.645631151611328846e+01 2.529999999999999805e+00
4.280960291082605806e+01 3.645631151611328846e+01 2.580000000000000071e+00
4.248541699803971028e+01 3.750900136082154290e+01 2.660000000000000142e+00
4.183135770024553324e+01 3.964208341887182030e+01 2.709999999999999964e+00
4.139910981646306709e+01 4.069477326554843444e+01 2.729999999999999982e+00
4.107492390367671931e+01 4.174746311025668888e+01 2.729999999999999982e+00
4.074505051866889005e+01 4.174746311025668888e+01 2.729999999999999982e+00
4.009667869289415876e+01 4.174746311025668888e+01 2.790000000000000036e+00
3.944261939509996751e+01 4.174746311025668888e+01 2.850000000000000089e+00
3.868618559853116778e+01 4.385284280360994558e+01 2.899999999999999911e+00
3.803781377275642228e+01 4.385284280360994558e+01 2.899999999999999911e+00
3.749181644595839202e+01 4.493323501301522072e+01 2.899999999999999911e+00
3.673538264938956388e+01 4.493323501301522072e+01 2.899999999999999911e+00
3.597326138059926848e+01 4.493323501301522072e+01 2.939999999999999947e+00
3.543295152582066976e+01 4.493323501301522072e+01 2.979999999999999982e+00
3.532488955482452297e+01 4.598592485969183485e+01 2.959999999999999964e+00
3.532488955482452297e+01 4.493323501301522072e+01 2.979999999999999982e+00
3.499501616981669372e+01 4.385284280360994558e+01 2.979999999999999982e+00
3.445470631503808079e+01 4.385284280360994558e+01 3.029999999999999805e+00
3.413052040225176142e+01 4.385284280360994558e+01 3.029999999999999805e+00
3.402245843125561464e+01 4.280015295693331723e+01 3.029999999999999805e+00
3.359021054747314849e+01 4.174746311025668888e+01 3.049999999999999822e+00
3.293615124967897145e+01 3.964208341887182030e+01 3.049999999999999822e+00
3.261196533689263788e+01 3.964208341887182030e+01 3.009999999999999787e+00
3.217971745311015752e+01 3.750900136082154290e+01 3.109999999999999876e+00
3.152565815531598048e+01 3.645631151611328846e+01 3.220000000000000195e+00
3.109341027153351433e+01 3.645631151611328846e+01 3.180000000000000160e+00
3.076922435874718076e+01 3.645631151611328846e+01 3.180000000000000160e+00
3.076922435874718076e+01 3.750900136082154290e+01 3.200000000000000178e+00
3.054741294453340572e+01 3.645631151611328846e+01 3.200000000000000178e+00
3.000710308995687114e+01 3.645631151611328846e+01 3.220000000000000195e+00
2.957485520617439079e+01 3.645631151611328846e+01 3.220000000000000195e+00
2.957485520617439079e+01 3.540362166943667432e+01 3.240000000000000213e+00
2.914260732239192464e+01 3.329824197608343184e+01 3.259999999999999787e+00
2.827242408260548245e+01 3.329824197608343184e+01 3.279999999999999805e+00
2.773211422782686952e+01 3.224555213137516319e+01 3.299999999999999822e+00
2.773211422782686952e+01 3.119286228469854905e+01 3.299999999999999822e+00
2.751030281381517284e+01 2.905978022861664556e+01 3.330000000000000071e+00
2.707805493003270669e+01 2.800709038194003142e+01 3.350000000000000089e+00
2.653774507525409376e+01 2.695440053526340307e+01 3.370000000000000107e+00
2.653774507525409376e+01 2.590171068858677472e+01 3.350000000000000089e+00
2.664580704625022634e+01 2.484902084387852028e+01 3.350000000000000089e+00
2.566756183566971572e+01 2.271593878582825710e+01 3.350000000000000089e+00
2.512725198089111700e+01 2.166324894112000266e+01 3.370000000000000107e+00
2.480306606810478343e+01 2.166324894112000266e+01 3.370000000000000107e+00
2.447319268309693996e+01 2.061055909444338852e+01 3.330000000000000071e+00
2.404094479931445960e+01 1.955786924776674596e+01 3.279999999999999805e+00
2.382482085732219446e+01 1.850517940109012471e+01 3.240000000000000213e+00
2.371675888632606188e+01 1.745248955638187738e+01 3.259999999999999787e+00
2.393288282831832703e+01 1.639979970970525613e+01 3.259999999999999787e+00
2.382482085732219446e+01 1.531940749833160709e+01 3.259999999999999787e+00
2.382482085732219446e+01 1.426671765165497874e+01 3.240000000000000213e+00
2.425706874110467481e+01 1.321402780694672430e+01 3.200000000000000178e+00
2.469500409710863664e+01 1.110864811359348181e+01 3.149999999999999911e+00
2.480306606810478343e+01 1.005595826691686057e+01 3.180000000000000160e+00
2.501919000989497022e+01 9.003268422208606125e+00 3.220000000000000195e+00
2.545143789367745057e+01 6.870186364158335834e+00 3.220000000000000195e+00
2.577562380646378415e+01 6.870186364158335834e+00 3.149999999999999911e+00
2.621355916246776019e+01 7.922876210834957078e+00 3.109999999999999876e+00
2.664580704625022634e+01 6.870186364158335834e+00 3.109999999999999876e+00
2.707805493003270669e+01 6.870186364158335834e+00 3.149999999999999911e+00
2.773211422782686952e+01 5.817496519450081394e+00 3.160000000000000142e+00
2.805630014061321731e+01 5.817496519450081394e+00 3.149999999999999911e+00
2.859660999539181603e+01 5.817496519450081394e+00 3.129999999999999893e+00
2.925066929318599307e+01 4.764806672773460150e+00 3.149999999999999911e+00
3.033128900274320472e+01 3.712116826096831801e+00 3.089999999999999858e+00
3.152565815531598048e+01 2.659426979420210557e+00 3.069999999999999840e+00
3.228777942410629009e+01 2.659426979420210557e+00 3.049999999999999822e+00
3.304421322067510403e+01 3.712116826096831801e+00 3.029999999999999805e+00
3.380633448946541364e+01 4.764806672773460150e+00 3.000000000000000000e+00
3.434664434424401236e+01 6.870186364158335834e+00 2.979999999999999982e+00
3.467083025703036014e+01 9.003268422208606125e+00 2.959999999999999964e+00
3.488695419882056115e+01 1.110864811359348181e+01 2.899999999999999911e+00
3.499501616981669372e+01 1.426671765165497874e+01 2.919999999999999929e+00
3.499501616981669372e+01 1.639979970970525613e+01 2.899999999999999911e+00
3.499501616981669372e+01 1.955786924776674596e+01 2.850000000000000089e+00
3.521682758382840461e+01 2.166324894112000266e+01 2.700000000000000178e+00
3.543295152582066976e+01 2.379633099720190614e+01 2.680000000000000160e+00
3.586519940960312169e+01 2.484902084387852028e+01 2.709999999999999964e+00
3.640550926438174884e+01 2.695440053526340307e+01 2.700000000000000178e+00
3.684344462018366073e+01 2.800709038194003142e+01 2.660000000000000142e+00
3.684344462018366073e+01 2.905978022861664556e+01 2.680000000000000160e+00
3.705956856217591167e+01 3.011247007332490000e+01 2.580000000000000071e+00
3.749181644595839202e+01 3.011247007332490000e+01 2.529999999999999805e+00
3.803781377275642228e+01 3.119286228469854905e+01 2.410000000000000142e+00
3.825393771474870164e+01 3.011247007332490000e+01 2.470000000000000195e+00
3.781600235874472560e+01 3.119286228469854905e+01 2.560000000000000053e+00
3.695150659117977909e+01 3.119286228469854905e+01 2.680000000000000160e+00
3.608132335139335112e+01 3.011247007332490000e+01 2.810000000000000053e+00
3.532488955482452297e+01 2.905978022861664556e+01 2.850000000000000089e+00
3.477889222802649272e+01 2.800709038194003142e+01 2.859999999999999876e+00
3.445470631503808079e+01 2.484902084387852028e+01 2.850000000000000089e+00
3.434664434424401236e+01 2.271593878582825710e+01 2.850000000000000089e+00
3.467083025703036014e+01 2.166324894112000266e+01 2.830000000000000071e+00
3.543295152582066976e+01 1.850517940109012471e+01 2.709999999999999964e+00
3.618938532238946948e+01 1.745248955638187738e+01 2.640000000000000124e+00
3.695150659117977909e+01 1.639979970970525613e+01 2.680000000000000160e+00
3.749181644595839202e+01 1.426671765165497874e+01 2.750000000000000000e+00
3.803781377275642228e+01 1.216133796027010305e+01 2.810000000000000053e+00
3.792406432974085817e+01 1.005595826691686057e+01 2.850000000000000089e+00
3.759987841695451039e+01 7.922876210834957078e+00 2.850000000000000089e+00
3.738375447496225945e+01 5.817496519450081394e+00 2.879999999999999893e+00
3.749181644595839202e+01 3.712116826096831801e+00 2.899999999999999911e+00
3.792406432974085817e+01 5.263449233383141745e-01 2.899999999999999911e+00
3.836199968554277007e+01 -1.579034768046561510e+00 2.879999999999999893e+00
3.901037151131750136e+01 -3.684414461399811103e+00 2.850000000000000089e+00
3.977249278010781097e+01 -6.870186364158335834e+00 2.810000000000000053e+00
4.052892657667662490e+01 -7.922876210834957078e+00 2.790000000000000036e+00
4.107492390367671931e+01 -8.975566057511585427e+00 2.750000000000000000e+00
4.150717178745919966e+01 -1.002825590221983276e+01 2.750000000000000000e+00
4.193941967124166581e+01 -1.002825590221983276e+01 2.729999999999999982e+00
4.226360558402799938e+01 -1.108094574889646111e+01 2.729999999999999982e+00
4.259347896903584285e+01 -1.108094574889646111e+01 2.729999999999999982e+00
4.270154093982991128e+01 -1.213363559557308236e+01 2.709999999999999964e+00
4.204748164203574845e+01 -1.321402780497835749e+01 2.729999999999999982e+00
4.139910981646306709e+01 -1.321402780497835749e+01 2.729999999999999982e+00
4.107492390367671931e+01 -1.321402780497835749e+01 2.709999999999999964e+00
4.052892657667662490e+01 -1.426671765165497874e+01 2.810000000000000053e+00
3.977249278010781097e+01 -1.426671765165497874e+01 2.859999999999999876e+00
3.944261939509996751e+01 -1.531940749833160709e+01 2.859999999999999876e+00
3.901037151131750136e+01 -1.531940749833160709e+01 2.899999999999999911e+00
3.857812362753502100e+01 -1.742478718971648277e+01 2.919999999999999929e+00
3.825393771474870164e+01 -1.742478718971648277e+01 2.919999999999999929e+00
3.803781377275642228e+01 -1.847747703639310402e+01 2.899999999999999911e+00
3.759987841695451039e+01 -1.953016688306973236e+01 2.979999999999999982e+00
3.738375447496225945e+01 -2.061055909247500750e+01 2.979999999999999982e+00
3.684344462018366073e+01 -1.953016688306973236e+01 2.959999999999999964e+00
3.651925870739731295e+01 -1.847747703639310402e+01 2.979999999999999982e+00
3.608132335139335112e+01 -1.953016688306973236e+01 3.000000000000000000e+00
3.608132335139335112e+01 -2.166324893915162875e+01 2.899999999999999911e+00
3.608132335139335112e+01 -2.271593878582825354e+01 2.879999999999999893e+00
3.554101349681680233e+01 -2.376862863250487834e+01 3.049999999999999822e+00
3.510876561303432197e+01 -2.587400832388975402e+01 3.049999999999999822e+00
3.488695419882056115e+01 -2.800709038194002076e+01 3.029999999999999805e+00
3.510876561303432197e+01 -2.905978022664827876e+01 3.049999999999999822e+00
3.543295152582066976e+01 -3.011247007332490000e+01 3.029999999999999805e+00
3.586519940960312169e+01 -3.327053961138639693e+01 3.049999999999999822e+00
3.608132335139335112e+01 -3.435093182276004597e+01 3.049999999999999822e+00
3.651925870739731295e+01 -3.540362166943667432e+01 3.029999999999999805e+00
3.695150659117977909e+01 -3.540362166943667432e+01 2.979999999999999982e+00
3.781600235874472560e+01 -3.750900136082154290e+01 2.959999999999999964e+00
3.879424756932525042e+01 -3.750900136082154290e+01 2.939999999999999947e+00
3.955636883811556004e+01 -3.750900136082154290e+01 2.939999999999999947e+00
4.074505051866889005e+01 -3.435093182276004597e+01 2.879999999999999893e+00
4.107492390367671931e+01 -3.327053961138639693e+01 2.939999999999999947e+00
4.129104784546692031e+01 -3.011247007332490000e+01 2.919999999999999929e+00
4.150717178745919966e+01 -2.905978022664827876e+01 2.919999999999999929e+00
4.172329572924940067e+01 -2.692669817056637882e+01 2.879999999999999893e+00
4.193941967124166581e+01 -2.587400832388975402e+01 2.879999999999999893e+00
4.204748164203574845e+01 -2.482131847721312923e+01 2.879999999999999893e+00
4.226360558402799938e+01 -2.376862863250487834e+01 2.850000000000000089e+00
4.237166755502414617e+01 -2.271593878582825354e+01 2.830000000000000071e+00
4.248541699803971028e+01 -2.166324893915162875e+01 2.830000000000000071e+00
4.215554361303186681e+01 -2.166324893915162875e+01 2.830000000000000071e+00
4.204748164203574845e+01 -2.271593878582825354e+01 2.850000000000000089e+00
4.172329572924940067e+01 -2.482131847721312923e+01 2.879999999999999893e+00
4.129104784546692031e+01 -2.800709038194002076e+01 2.919999999999999929e+00
4.096686193268060094e+01 -3.011247007332490000e+01 2.939999999999999947e+00
4.052892657667662490e+01 -3.116515992000152124e+01 2.939999999999999947e+00
3.988055475110394354e+01 -3.221784976667814249e+01 2.959999999999999964e+00
3.901037151131750136e+01 -3.221784976667814249e+01 2.979999999999999982e+00
3.814587574375255485e+01 -3.116515992000152124e+01 3.009999999999999787e+00
3.727569250396611267e+01 -3.011247007332490000e+01 3.000000000000000000e+00
3.640550926438174884e+01 -2.905978022664827876e+01 3.009999999999999787e+00
3.586519940960312169e+01 -2.800709038194002076e+01 3.069999999999999840e+00
3.543295152582066976e+01 -2.905978022664827876e+01 3.069999999999999840e+00
3.510876561303432197e+01 -3.011247007332490000e+01 3.069999999999999840e+00
3.445470631503808079e+01 -3.327053961138639693e+01 3.109999999999999876e+00
3.359021054747314849e+01 -3.327053961138639693e+01 3.129999999999999893e+00
3.261196533689263788e+01 -3.435093182276004597e+01 3.200000000000000178e+00
3.163372012631211305e+01 -3.327053961138639693e+01 3.180000000000000160e+00
2.935873126418212564e+01 -3.221784976667814249e+01 3.220000000000000195e+00
2.848854802439568346e+01 -3.221784976667814249e+01 3.299999999999999822e+00
2.761836478481130541e+01 -3.221784976667814249e+01 3.299999999999999822e+00
2.696999295903657412e+01 -3.221784976667814249e+01 3.310000000000000053e+00
2.632162113346389276e+01 -3.116515992000152124e+01 3.330000000000000071e+00
2.577562380646378415e+01 -3.116515992000152124e+01 3.310000000000000053e+00
2.534337592268131800e+01 -3.011247007332490000e+01 3.350000000000000089e+00
2.501919000989497022e+01 -3.011247007332490000e+01 3.350000000000000089e+00
2.545143789367745057e+01 -2.905978022664827876e+01 3.350000000000000089e+00
2.588368577745991672e+01 -2.905978022664827876e+01 3.350000000000000089e+00
2.621355916246776019e+01 -2.905978022664827876e+01 3.330000000000000071e+00
2.675386901724635891e+01 -2.800709038194002076e+01 3.129999999999999893e+00
2.729417887202497184e+01 -2.587400832388975402e+01 3.299999999999999822e+00
2.773211422782686952e+01 -2.587400832388975402e+01 3.279999999999999805e+00
2.784017619882301631e+01 -2.482131847721312923e+01 3.299999999999999822e+00
2.751030281381517284e+01 -2.482131847721312923e+01 3.310000000000000053e+00
2.707805493003270669e+01 -2.482131847721312923e+01 3.310000000000000053e+00
2.696999295903657412e+01 -2.376862863250487834e+01 3.299999999999999822e+00
2.696999295903657412e+01 -2.271593878582825354e+01 3.299999999999999822e+00
2.751030281381517284e+01 -2.166324893915162875e+01 3.310000000000000053e+00
2.794823816981913467e+01 -2.166324893915162875e+01 3.299999999999999822e+00
2.848854802439568346e+01 -2.271593878582825354e+01 3.259999999999999787e+00
2.902885787917428217e+01 -2.376862863250487834e+01 3.259999999999999787e+00
2.935873126418212564e+01 -2.482131847721312923e+01 3.240000000000000213e+00
2.935873126418212564e+01 -2.587400832388975402e+01 3.220000000000000195e+00
2.925066929318599307e+01 -2.800709038194002076e+01 3.259999999999999787e+00
2.848854802439568346e+01 -2.800709038194002076e+01 3.259999999999999787e+00
2.816436211160934988e+01 -2.905978022664827876e+01 3.310000000000000053e+00
2.773211422782686952e+01 -3.011247007332490000e+01 3.259999999999999787e+00
2.740224084281904027e+01 -3.116515992000152124e+01 3.299999999999999822e+00
2.707805493003270669e+01 -3.327053961138639693e+01 3.299999999999999822e+00
2.621355916246776019e+01 -3.750900136082154290e+01 3.330000000000000071e+00
2.501919000989497022e+01 -3.540362166943667432e+01 3.370000000000000107e+00
2.480306606810478343e+01 -3.327053961138639693e+01 3.410000000000000142e+00
2.480306606810478343e+01 -3.116515992000152124e+01 3.410000000000000142e+00
2.491112803889885186e+01 -3.011247007332490000e+01 3.390000000000000124e+00
2.480306606810478343e+01 -2.905978022664827876e+01 3.390000000000000124e+00
2.458125465389100839e+01 -3.011247007332490000e+01 3.410000000000000142e+00
2.480306606810478343e+01 -3.221784976667814249e+01 3.390000000000000124e+00
2.512725198089111700e+01 -3.327053961138639693e+01 3.410000000000000142e+00
2.491112803889885186e+01 -3.435093182276004597e+01 3.410000000000000142e+00
2.480306606810478343e+01 -3.540362166943667432e+01 3.390000000000000124e+00
2.469500409710863664e+01 -3.750900136082154290e+01 3.390000000000000124e+00
2.458125465389100839e+01 -3.961438105417479250e+01 3.390000000000000124e+00
2.469500409710863664e+01 -4.066707089888304694e+01 3.390000000000000124e+00
2.458125465389100839e+01 -4.174746311025669598e+01 3.390000000000000124e+00
2.458125465389100839e+01 -4.280015295693331723e+01 3.390000000000000124e+00
2.491112803889885186e+01 -4.280015295693331723e+01 3.390000000000000124e+00
2.501919000989497022e+01 -4.385284280164157167e+01 3.330000000000000071e+00
2.534337592268131800e+01 -4.490553264831819291e+01 3.240000000000000213e+00
2.555949986467358315e+01 -4.701091234167144250e+01 3.279999999999999805e+00
2.555949986467358315e+01 -4.806360218637969695e+01 3.259999999999999787e+00
2.566756183566971572e+01 -4.914399439775333889e+01 3.299999999999999822e+00
2.577562380646378415e+01 -5.019668424442996013e+01 3.299999999999999822e+00
2.599174774845604929e+01 -5.124937409110658848e+01 3.299999999999999822e+00
2.632162113346389276e+01 -5.124937409110658848e+01 3.299999999999999822e+00
2.653774507525409376e+01 -5.230206393581484292e+01 3.240000000000000213e+00
2.675386901724635891e+01 -5.124937409110658848e+01 3.299999999999999822e+00
2.707805493003270669e+01 -5.124937409110658848e+01 3.279999999999999805e+00
2.761836478481130541e+01 -5.230206393581484292e+01 3.279999999999999805e+00
2.816436211160934988e+01 -5.335475378249146416e+01 3.279999999999999805e+00
2.848854802439568346e+01 -5.335475378249146416e+01 3.259999999999999787e+00
2.892079590817816381e+01 -5.335475378249146416e+01 3.279999999999999805e+00
2.946679323517825821e+01 -5.230206393581484292e+01 3.240000000000000213e+00
3.000710308995687114e+01 -5.124937409110658848e+01 3.200000000000000178e+00
3.011516506075093957e+01 -5.019668424442996013e+01 3.240000000000000213e+00
3.033128900274320472e+01 -4.914399439775333889e+01 3.220000000000000195e+00
3.076922435874718076e+01 -4.701091234167144250e+01 3.160000000000000142e+00
3.076922435874718076e+01 -4.595822249499481416e+01 3.149999999999999911e+00
3.011516506075093957e+01 -4.490553264831819291e+01 3.160000000000000142e+00
2.979097914796460600e+01 -4.385284280164157167e+01 3.160000000000000142e+00
2.979097914796460600e+01 -4.174746311025669598e+01 3.160000000000000142e+00
2.925066929318599307e+01 -4.066707089888304694e+01 3.160000000000000142e+00
2.881273393738408117e+01 -3.856169120749817125e+01 3.240000000000000213e+00
2.816436211160934988e+01 -3.750900136082154290e+01 3.240000000000000213e+00
2.740224084281904027e+01 -3.645631151414492166e+01 3.240000000000000213e+00
2.642968310446002533e+01 -3.540362166943667432e+01 3.299999999999999822e+00
2.534337592268131800e+01 -3.435093182276004597e+01 3.350000000000000089e+00
2.404094479931445960e+01 -3.435093182276004597e+01 3.390000000000000124e+00
2.295463761773781641e+01 -3.435093182276004597e+01 3.450000000000000178e+00
2.187401790818061897e+01 -3.435093182276004597e+01 3.450000000000000178e+00
2.111189663939029515e+01 -3.435093182276004597e+01 3.459999999999999964e+00
2.046352481381762800e+01 -3.327053961138639693e+01 3.479999999999999982e+00
2.002558945781365196e+01 -3.327053961138639693e+01 3.450000000000000178e+00
1.948527960303505324e+01 -3.327053961138639693e+01 3.450000000000000178e+00
1.916109369024871967e+01 -3.221784976667814249e+01 3.540000000000000036e+00
1.883690777746236478e+01 -3.221784976667814249e+01 3.560000000000000053e+00
1.850703439245453552e+01 -3.116515992000152124e+01 3.600000000000000089e+00
1.861509636345066809e+01 -3.011247007332490000e+01 3.580000000000000071e+00
1.872315833424473652e+01 -2.905978022664827876e+01 3.580000000000000071e+00
1.861509636345066809e+01 -2.800709038194002076e+01 3.600000000000000089e+00
1.807478650867206227e+01 -2.692669817056637882e+01 3.600000000000000089e+00
1.742641468289732387e+01 -2.587400832388975402e+01 3.580000000000000071e+00
1.677235538510315394e+01 -2.482131847721312923e+01 3.609999999999999876e+00
1.590785961753820743e+01 -2.376862863250487834e+01 3.609999999999999876e+00
1.503767637775176524e+01 -2.482131847721312923e+01 3.629999999999999893e+00
1.449736652317521646e+01 -2.587400832388975402e+01 3.600000000000000089e+00
1.449736652317521646e+01 -2.692669817056637882e+01 3.649999999999999911e+00
1.460542849396929199e+01 -2.800709038194002076e+01 3.649999999999999911e+00
1.460542849396929199e+01 -2.905978022664827876e+01 3.629999999999999893e+00
1.427555510896146274e+01 -3.011247007332490000e+01 3.649999999999999911e+00
1.362718328338878138e+01 -3.011247007332490000e+01 3.689999999999999947e+00
1.297881145761404298e+01 -3.116515992000152124e+01 3.669999999999999929e+00
1.232475215981986594e+01 -3.116515992000152124e+01 3.689999999999999947e+00
1.189250427603739979e+01 -3.221784976667814249e+01 3.729999999999999982e+00
1.134650694923935532e+01 -3.327053961138639693e+01 3.750000000000000000e+00
1.123844497824321564e+01 -3.435093182276004597e+01 3.709999999999999964e+00
1.134650694923935532e+01 -3.540362166943667432e+01 3.689999999999999947e+00
1.167638033424719168e+01 -3.540362166943667432e+01 3.729999999999999982e+00
1.189250427603739979e+01 -3.435093182276004597e+01 3.759999999999999787e+00
1.189250427603739979e+01 -3.327053961138639693e+01 3.750000000000000000e+00
1.200056624703352526e+01 -3.221784976667814249e+01 3.729999999999999982e+00
1.113038300724709018e+01 -3.327053961138639693e+01 3.750000000000000000e+00
1.015782526888806814e+01 -3.327053961138639693e+01 3.750000000000000000e+00
9.395704000097765629e+00 -3.221784976667814249e+01 3.709999999999999964e+00
8.963456116315292377e+00 -3.221784976667814249e+01 3.709999999999999964e+00
8.639270203326887554e+00 -3.221784976667814249e+01 3.629999999999999893e+00
8.201334847524982763e+00 -3.221784976667814249e+01 3.779999999999999805e+00
7.985210905532717618e+00 -3.116515992000152124e+01 3.819999999999999840e+00
7.769086963742516616e+00 -3.011247007332490000e+01 3.859999999999999876e+00
7.552963021750244366e+00 -2.905978022664827876e+01 3.839999999999999858e+00
7.444901050956168831e+00 -2.800709038194002076e+01 3.839999999999999858e+00
7.228777108963903686e+00 -2.587400832388975402e+01 3.859999999999999876e+00
6.790841752959934752e+00 -2.587400832388975402e+01 3.899999999999999911e+00
6.574717811169726644e+00 -2.482131847721312923e+01 3.899999999999999911e+00
6.682779782165866322e+00 -2.376862863250487834e+01 3.899999999999999911e+00
7.012653167173702684e+00 -2.376862863250487834e+01 3.899999999999999911e+00
7.336839079960043364e+00 -2.271593878582825354e+01 3.859999999999999876e+00
7.769086963742516616e+00 -2.166324893915162875e+01 3.819999999999999840e+00
8.309396818521115335e+00 -1.953016688306973236e+01 3.799999999999999822e+00
8.963456116315292377e+00 -1.847747703639310402e+01 3.759999999999999787e+00
9.395704000097765629e+00 -1.847747703639310402e+01 3.759999999999999787e+00
9.719889912884099203e+00 -1.847747703639310402e+01 3.759999999999999787e+00
1.048201118167440882e+01 -1.953016688306973236e+01 3.729999999999999982e+00
1.134650694923935532e+01 -2.061055909247500750e+01 3.669999999999999929e+00
1.232475215981986594e+01 -2.166324893915162875e+01 3.629999999999999893e+00
1.264893807280826366e+01 -2.271593878582825354e+01 3.609999999999999876e+00
1.286506201459847176e+01 -2.166324893915162875e+01 3.609999999999999876e+00
1.308687342861017555e+01 -2.271593878582825354e+01 3.649999999999999911e+00
1.341105934139651623e+01 -2.271593878582825354e+01 3.609999999999999876e+00
1.384330722517898948e+01 -2.482131847721312923e+01 3.609999999999999876e+00
1.427555510896146274e+01 -2.692669817056637882e+01 3.600000000000000089e+00
1.427555510896146274e+01 -2.905978022664827876e+01 3.609999999999999876e+00
1.416749313816738010e+01 -3.011247007332490000e+01 3.609999999999999876e+00
1.384330722517898948e+01 -3.116515992000152124e+01 3.629999999999999893e+00
1.373524525438491395e+01 -3.327053961138639693e+01 3.609999999999999876e+00
1.351912131239264880e+01 -3.435093182276004597e+01 3.609999999999999876e+00
1.362718328338878138e+01 -3.540362166943667432e+01 3.689999999999999947e+00
1.330299737060244070e+01 -3.645631151414492166e+01 3.709999999999999964e+00
1.286506201459847176e+01 -3.750900136082154290e+01 3.649999999999999911e+00
1.275700004360233919e+01 -3.961438105417479250e+01 3.649999999999999911e+00
1.254087610181213108e+01 -4.066707089888304694e+01 3.689999999999999947e+00
1.210862821802966494e+01 -4.066707089888304694e+01 3.689999999999999947e+00
1.200056624703352526e+01 -4.280015295693331723e+01 3.709999999999999964e+00
1.167638033424719168e+01 -4.385284280164157167e+01 3.729999999999999982e+00
1.123844497824321564e+01 -4.385284280164157167e+01 3.709999999999999964e+00
1.156831836325105201e+01 -4.385284280164157167e+01 3.709999999999999964e+00
1.123844497824321564e+01 -4.385284280164157167e+01 3.729999999999999982e+00
1.113038300724709018e+01 -4.595822249499481416e+01 3.729999999999999982e+00
1.102232103645301464e+01 -4.806360218637969695e+01 3.750000000000000000e+00
1.102232103645301464e+01 -4.914399439775333889e+01 3.759999999999999787e+00
1.102232103645301464e+01 -5.019668424442996013e+01 3.759999999999999787e+00
1.167638033424719168e+01 -4.914399439775333889e+01 3.759999999999999787e+00
1.156831836325105201e+01 -5.019668424442996013e+01 3.729999999999999982e+00
1.156831836325105201e+01 -5.230206393581484292e+01 3.729999999999999982e+00
1.146025639225492654e+01 -5.440744362916808541e+01 3.729999999999999982e+00
1.134650694923935532e+01 -5.546013347584471376e+01 3.729999999999999982e+00
1.178444230524331715e+01 -5.546013347584471376e+01 3.750000000000000000e+00
1.156831836325105201e+01 -5.654052568524998890e+01 3.759999999999999787e+00
1.146025639225492654e+01 -5.759321553192661014e+01 3.729999999999999982e+00
1.156831836325105201e+01 -5.969859522331148582e+01 3.709999999999999964e+00
1.156831836325105201e+01 -6.180397491666473542e+01 3.689999999999999947e+00
1.156831836325105201e+01 -6.285666476334135666e+01 3.689999999999999947e+00
1.134650694923935532e+01 -6.393705697274663180e+01 3.689999999999999947e+00
1.134650694923935532e+01 -6.604243666609988850e+01 3.689999999999999947e+00
1.134650694923935532e+01 -6.709512651080812873e+01 3.689999999999999947e+00
1.156831836325105201e+01 -6.814781635748475708e+01 3.669999999999999929e+00
1.167638033424719168e+01 -6.920050620416137122e+01 3.629999999999999893e+00
1.200056624703352526e+01 -7.028089841553503447e+01 3.580000000000000071e+00
1.254087610181213108e+01 -7.028089841553503447e+01 3.609999999999999876e+00
1.286506201459847176e+01 -7.133358826024328891e+01 3.629999999999999893e+00
1.351912131239264880e+01 -7.133358826024328891e+01 3.600000000000000089e+00
1.416749313816738010e+01 -7.028089841553503447e+01 3.540000000000000036e+00
1.482155243596156424e+01 -7.028089841553503447e+01 3.450000000000000178e+00
1.492961440695768971e+01 -6.920050620416137122e+01 3.520000000000000018e+00
1.536186229074016296e+01 -6.814781635748475708e+01 3.520000000000000018e+00
1.601592158853434000e+01 -6.604243666609988850e+01 3.459999999999999964e+00
1.655623144331294583e+01 -6.393705697274663180e+01 3.459999999999999964e+00
1.666429341410701426e+01 -6.285666476334135666e+01 3.520000000000000018e+00
1.644816947231681326e+01 -6.075128506998811417e+01 3.560000000000000053e+00
1.579411017452263621e+01 -5.864590537860323138e+01 3.560000000000000053e+00
1.482155243596156424e+01 -5.864590537860323138e+01 3.580000000000000071e+00
1.395136919617511495e+01 -5.654052568524998890e+01 3.649999999999999911e+00
1.319493539960630812e+01 -5.440744362916808541e+01 3.649999999999999911e+00
1.254087610181213108e+01 -5.230206393581484292e+01 3.600000000000000089e+00
1.200056624703352526e+01 -4.914399439775333889e+01 3.709999999999999964e+00
1.134650694923935532e+01 -4.701091234167144250e+01 3.729999999999999982e+00
1.069813512346461692e+01 -4.385284280164157167e+01 3.729999999999999982e+00
9.941701326895802993e+00 -4.174746311025669598e+01 3.779999999999999805e+00
9.179580058105500484e+00 -4.066707089888304694e+01 3.819999999999999840e+00
8.417458789315190870e+00 -3.856169120749817125e+01 3.779999999999999805e+00
7.552963021750244366e+00 -3.750900136082154290e+01 3.799999999999999822e+00
6.682779782165866322e+00 -3.750900136082154290e+01 3.859999999999999876e+00
5.272286687600818311e+00 -3.645631151414492166e+01 3.859999999999999876e+00
5.056162745810617309e+00 -3.540362166943667432e+01 3.859999999999999876e+00
4.515852891032004379e+00 -3.540362166943667432e+01 3.899999999999999911e+00
4.191666978245670805e+00 -3.540362166943667432e+01 3.950000000000000178e+00
3.861793593237827338e+00 -3.645631151414492166e+01 3.990000000000000213e+00
3.429545709455354086e+00 -3.645631151414492166e+01 4.009999999999999787e+00
2.997297825672895044e+00 -3.750900136082154290e+01 4.009999999999999787e+00
2.673111912886547259e+00 -3.750900136082154290e+01 4.009999999999999787e+00
2.343238527878718003e+00 -3.750900136082154290e+01 4.009999999999999787e+00
2.997297825672895044e+00 -3.856169120749817125e+01 3.990000000000000213e+00
3.753731622241701871e+00 -3.961438105417479250e+01 3.950000000000000178e+00
4.083605007249538232e+00 -3.961438105417479250e+01 3.930000000000000160e+00
4.191666978245670805e+00 -3.856169120749817125e+01 3.930000000000000160e+00
4.191666978245670805e+00 -3.750900136082154290e+01 3.930000000000000160e+00
4.083605007249538232e+00 -3.645631151414492166e+01 3.899999999999999911e+00
4.407790920035878912e+00 -3.540362166943667432e+01 3.879999999999999893e+00
4.948100774814477631e+00 -3.540362166943667432e+01 3.859999999999999876e+00
5.272286687600818311e+00 -3.435093182276004597e+01 3.839999999999999858e+00
5.380348658596950884e+00 -3.327053961138639693e+01 3.839999999999999858e+00
5.602160072608654673e+00 -3.221784976667814249e+01 3.899999999999999911e+00
5.602160072608654673e+00 -3.011247007332490000e+01 3.899999999999999911e+00
5.272286687600818311e+00 -2.905978022664827876e+01 3.910000000000000142e+00
4.948100774814477631e+00 -2.800709038194002076e+01 3.950000000000000178e+00
4.731976832822212486e+00 -2.587400832388975402e+01 3.970000000000000195e+00
4.515852891032004379e+00 -2.376862863250487834e+01 3.990000000000000213e+00
4.731976832822212486e+00 -2.271593878582825354e+01 3.950000000000000178e+00
5.272286687600818311e+00 -2.061055909247500750e+01 3.799999999999999822e+00
5.710222043604794351e+00 -1.953016688306973236e+01 3.879999999999999893e+00
6.034407956391127925e+00 -1.953016688306973236e+01 3.859999999999999876e+00
6.898903723956067324e+00 -2.061055909247500750e+01 3.859999999999999876e+00
7.661024992746376938e+00 -2.166324893915162875e+01 3.819999999999999840e+00
7.985210905532717618e+00 -2.271593878582825354e+01 3.819999999999999840e+00
7.769086963742516616e+00 -2.482131847721312923e+01 3.839999999999999858e+00
7.336839079960043364e+00 -2.587400832388975402e+01 3.839999999999999858e+00
6.790841752959934752e+00 -2.800709038194002076e+01 3.839999999999999858e+00
6.466655840173601177e+00 -3.011247007332490000e+01 3.859999999999999876e+00
6.034407956391127925e+00 -3.327053961138639693e+01 3.859999999999999876e+00
5.488410629593083456e+00 -3.435093182276004597e+01 3.859999999999999876e+00
4.840038803818352164e+00 -3.645631151414492166e+01 3.839999999999999858e+00
4.083605007249538232e+00 -3.856169120749817125e+01 3.910000000000000142e+00
3.321483738459228618e+00 -3.961438105417479250e+01 3.930000000000000160e+00
2.343238527878718003e+00 -3.961438105417479250e+01 3.950000000000000178e+00
1.478742760313771498e+00 -3.961438105417479250e+01 3.990000000000000213e+00
5.004975495311896339e-01 -3.961438105417479250e+01 4.030000000000000249e+00
-4.777476610493209819e-01 -3.856169120749817125e+01 4.049999999999999822e+00
-1.558367370606518421e+00 -3.750900136082154290e+01 4.059999999999999609e+00
-2.428550610190903569e+00 -3.750900136082154290e+01 4.059999999999999609e+00
-3.076922435965641967e+00 -3.750900136082154290e+01 4.059999999999999609e+00
-3.730981733759819008e+00 -3.645631151414492166e+01 4.080000000000000071e+00
-4.163229617542292260e+00 -3.645631151414492166e+01 4.120000000000000107e+00
-4.487415530328632940e+00 -3.645631151414492166e+01 4.139999999999999680e+00
-5.033412857328734447e+00 -3.645631151414492166e+01 4.139999999999999680e+00
-5.249536799118942554e+00 -3.540362166943667432e+01 4.160000000000000142e+00
-5.357598770115068021e+00 -3.435093182276004597e+01 4.139999999999999680e+00
-4.811601443317030657e+00 -3.540362166943667432e+01 4.120000000000000107e+00
-3.839043704755958686e+00 -3.645631151414492166e+01 4.080000000000000071e+00
-2.860798493973376821e+00 -3.645631151414492166e+01 4.080000000000000071e+00
-2.320488639396835140e+00 -3.645631151414492166e+01 4.059999999999999609e+00
-1.996302726408430317e+00 -3.645631151414492166e+01 4.080000000000000071e+00
-1.558367370606518421e+00 -3.750900136082154290e+01 4.059999999999999609e+00
-1.234181457820184846e+00 -3.856169120749817125e+01 4.049999999999999822e+00
-9.099955448317942341e-01 -3.961438105417479250e+01 4.030000000000000249e+00
-6.938716030415861269e-01 -4.066707089888304694e+01 4.049999999999999822e+00
-2.559362470376171927e-01 -4.174746311025669598e+01 4.009999999999999787e+00
-3.981230524740908550e-02 -4.280015295693331723e+01 3.970000000000000195e+00
1.763116367448560595e-01 -4.385284280164157167e+01 3.930000000000000160e+00
5.004975495311896339e-01 -4.490553264831819291e+01 3.970000000000000195e+00
7.166214915234547789e-01 -4.701091234167144250e+01 3.970000000000000195e+00
9.327454333136628861e-01 -4.806360218637969695e+01 3.990000000000000213e+00
1.478742760313771498e+00 -5.019668424442996013e+01 3.950000000000000178e+00
1.910990644096244750e+00 -5.124937409110658848e+01 3.950000000000000178e+00
2.235176556882578325e+00 -5.124937409110658848e+01 3.950000000000000178e+00
2.565049941890421792e+00 -4.914399439775333889e+01 3.970000000000000195e+00
3.105359796669020511e+00 -4.701091234167144250e+01 3.930000000000000160e+00
3.537607680451493763e+00 -4.595822249499481416e+01 3.899999999999999911e+00
3.537607680451493763e+00 -4.701091234167144250e+01 3.910000000000000142e+00
3.429545709455354086e+00 -4.806360218637969695e+01 3.910000000000000142e+00
3.861793593237827338e+00 -4.701091234167144250e+01 3.899999999999999911e+00
4.515852891032004379e+00 -4.490553264831819291e+01 3.879999999999999893e+00
4.948100774814477631e+00 -4.385284280164157167e+01 3.879999999999999893e+00
5.056162745810617309e+00 -4.280015295693331723e+01 3.879999999999999893e+00
5.056162745810617309e+00 -4.174746311025669598e+01 3.839999999999999858e+00
4.840038803818352164e+00 -4.066707089888304694e+01 3.879999999999999893e+00
4.623914862028144057e+00 -3.961438105417479250e+01 3.859999999999999876e+00
4.515852891032004379e+00 -3.750900136082154290e+01 3.910000000000000142e+00
4.083605007249538232e+00 -3.540362166943667432e+01 3.930000000000000160e+00
3.537607680451493763e+00 -3.435093182276004597e+01 3.950000000000000178e+00
2.781173883680629899e+00 -3.435093182276004597e+01 3.970000000000000195e+00
1.910990644096244750e+00 -3.540362166943667432e+01 4.009999999999999787e+00
8.246834623175374190e-01 -3.645631151414492166e+01 3.990000000000000213e+00
-3.981230524740908550e-02 -3.645631151414492166e+01 4.030000000000000249e+00
-1.018057515827919701e+00 -3.645631151414492166e+01 4.080000000000000071e+00
-1.996302726408430317e+00 -3.645631151414492166e+01 4.059999999999999609e+00
-3.076922435965641967e+00 -3.540362166943667432e+01 4.099999999999999645e+00
-4.271291588538417727e+00 -3.540362166943667432e+01 4.139999999999999680e+00
-5.249536799118942554e+00 -3.540362166943667432e+01 4.160000000000000142e+00
-6.222094537680014525e+00 -3.540362166943667432e+01 4.200000000000000178e+00
-7.092277777466456712e+00 -3.645631151414492166e+01 4.200000000000000178e+00
-8.070522988046967328e+00 -3.750900136082154290e+01 4.209999999999999964e+00
-8.935018755611913832e+00 -3.856169120749817125e+01 4.230000000000000426e+00
-9.589078053406090874e+00 -3.961438105417479250e+01 4.250000000000000000e+00
-9.913263966394488591e+00 -4.066707089888304694e+01 4.250000000000000000e+00
-1.023744987918082217e+01 -4.174746311025669598e+01 4.269999999999999574e+00
-1.056163579196716285e+01 -4.280015295693331723e+01 4.250000000000000000e+00
-1.056163579196716285e+01 -4.385284280164157167e+01 4.250000000000000000e+00
-1.034551185017695474e+01 -4.490553264831819291e+01 4.179999999999999716e+00
-9.805201995398356019e+00 -4.385284280164157167e+01 4.230000000000000426e+00
-9.043080726608046405e+00 -4.280015295693331723e+01 4.250000000000000000e+00
-9.264892140619750194e+00 -4.174746311025669598e+01 4.250000000000000000e+00
-9.697140024402223446e+00 -4.066707089888304694e+01 4.250000000000000000e+00
-1.012938790818468959e+01 -3.750900136082154290e+01 4.269999999999999574e+00
-1.045357382097103027e+01 -3.645631151414492166e+01 4.290000000000000036e+00
-1.056163579196716285e+01 -3.540362166943667432e+01 4.269999999999999574e+00
-1.099957114797113178e+01 -3.540362166943667432e+01 4.290000000000000036e+00
-1.153988100254768057e+01 -3.435093182276004597e+01 4.309999999999999609e+00
-1.164794297354381314e+01 -3.327053961138639693e+01 4.309999999999999609e+00
-1.132375706075747246e+01 -3.221784976667814249e+01 4.309999999999999609e+00
-1.164794297354381314e+01 -3.116515992000152124e+01 4.349999999999999645e+00
-1.175600494453994571e+01 -3.011247007332490000e+01 4.349999999999999645e+00
-1.143181903175360503e+01 -2.800709038194002076e+01 4.330000000000000071e+00
-1.121569508976133989e+01 -2.692669817056637882e+01 4.290000000000000036e+00
-1.089150917697499921e+01 -2.587400832388975402e+01 4.269999999999999574e+00
-1.056163579196716285e+01 -2.587400832388975402e+01 4.290000000000000036e+00
-1.012938790818468959e+01 -2.587400832388975402e+01 4.290000000000000036e+00
-9.913263966394488591e+00 -2.376862863250487834e+01 4.290000000000000036e+00
-9.589078053406090874e+00 -2.271593878582825354e+01 4.250000000000000000e+00
-9.151142697604178977e+00 -2.166324893915162875e+01 4.230000000000000426e+00
-8.502770871829440580e+00 -2.271593878582825354e+01 4.250000000000000000e+00
-7.854399046256766326e+00 -2.271593878582825354e+01 4.209999999999999964e+00
-7.200339748260532247e+00 -2.271593878582825354e+01 4.200000000000000178e+00
-6.768091864478058994e+00 -2.376862863250487834e+01 4.200000000000000178e+00
-6.335843980695585742e+00 -2.376862863250487834e+01 4.200000000000000178e+00
-5.681784682901408701e+00 -2.482131847721312923e+01 4.160000000000000142e+00
-5.141474828324867019e+00 -2.482131847721312923e+01 4.160000000000000142e+00
-4.703539472320898085e+00 -2.587400832388975402e+01 4.160000000000000142e+00
-4.379353559534557405e+00 -2.587400832388975402e+01 4.160000000000000142e+00
-3.730981733759819008e+00 -2.587400832388975402e+01 4.120000000000000107e+00
-2.860798493973376821e+00 -2.587400832388975402e+01 4.080000000000000071e+00
-1.888240755614361888e+00 -2.587400832388975402e+01 4.049999999999999822e+00
-1.342243428614260381e+00 -2.587400832388975402e+01 4.030000000000000249e+00
-1.018057515827919701e+00 -2.587400832388975402e+01 4.049999999999999822e+00
-8.019335738356545562e-01 -2.482131847721312923e+01 4.160000000000000142e+00
-3.981230524740908550e-02 -2.376862863250487834e+01 4.120000000000000107e+00
7.166214915234547789e-01 -2.376862863250487834e+01 4.030000000000000249e+00
1.262618818321506353e+00 -2.271593878582825354e+01 4.030000000000000249e+00
1.694866702103979605e+00 -2.271593878582825354e+01 4.049999999999999822e+00
1.694866702103979605e+00 -2.166324893915162875e+01 4.059999999999999609e+00
1.586804731107839928e+00 -2.061055909247500750e+01 4.120000000000000107e+00
1.478742760313771498e+00 -1.953016688306973236e+01 4.080000000000000071e+00
1.586804731107839928e+00 -1.742478718971648277e+01 3.500000000000000000e+00
1.586804731107839928e+00 -1.531940749833160709e+01 3.450000000000000178e+00
1.586804731107839928e+00 -1.426671765165497874e+01 3.180000000000000160e+00
1.478742760313771498e+00 -1.321402780497835749e+01 3.520000000000000018e+00
1.370680789317638926e+00 -1.213363559557308236e+01 3.450000000000000178e+00
1.154556847325373781e+00 -1.108094574889646111e+01 3.669999999999999929e+00
1.040807404309802564e+00 -8.975566057511585427e+00 3.779999999999999805e+00
8.246834623175374190e-01 -7.922876210834957078e+00 3.750000000000000000e+00
6.085595205273293118e-01 -6.870186364158335834e+00 3.799999999999999822e+00
7.166214915234547789e-01 -4.737104308076432346e+00 3.799999999999999822e+00
1.154556847325373781e+00 -3.684414461399811103e+00 3.709999999999999964e+00
1.694866702103979605e+00 -3.684414461399811103e+00 3.759999999999999787e+00
2.127114585886452858e+00 -2.631724614723182754e+00 3.759999999999999787e+00
2.565049941890421792e+00 -2.631724614723182754e+00 3.759999999999999787e+00
3.537607680451493763e+00 -3.684414461399811103e+00 3.839999999999999858e+00
4.299728949039739234e+00 -4.737104308076432346e+00 3.859999999999999876e+00
4.515852891032004379e+00 -5.817496517481707485e+00 3.899999999999999911e+00
4.515852891032004379e+00 -6.870186364158335834e+00 3.899999999999999911e+00
5.164224716604685739e+00 -7.922876210834957078e+00 3.799999999999999822e+00
5.710222043604794351e+00 -1.002825590221983276e+01 3.799999999999999822e+00
6.250531898383393070e+00 -1.213363559557308236e+01 3.859999999999999876e+00
6.466655840173601177e+00 -1.321402780497835749e+01 3.839999999999999858e+00
6.142469927387253392e+00 -1.531940749833160709e+01 3.799999999999999822e+00
5.488410629593083456e+00 -1.637209734500822833e+01 3.839999999999999858e+00
4.840038803818352164e+00 -1.742478718971648277e+01 3.839999999999999858e+00
4.407790920035878912e+00 -1.847747703639310402e+01 3.729999999999999982e+00
4.191666978245670805e+00 -2.061055909247500750e+01 3.950000000000000178e+00
3.861793593237827338e+00 -2.271593878582825354e+01 3.970000000000000195e+00
3.753731622241701871e+00 -2.587400832388975402e+01 3.950000000000000178e+00
3.429545709455354086e+00 -2.800709038194002076e+01 3.930000000000000160e+00
2.997297825672895044e+00 -3.011247007332490000e+01 3.950000000000000178e+00
2.451300498672786432e+00 -3.116515992000152124e+01 3.990000000000000213e+00
1.802928673100105073e+00 -3.327053961138639693e+01 4.009999999999999787e+00
1.040807404309802564e+00 -3.540362166943667432e+01 4.009999999999999787e+00
1.763116367448560595e-01 -3.750900136082154290e+01 4.030000000000000249e+00
-6.938716030415861269e-01 -3.856169120749817125e+01 4.059999999999999609e+00
-1.558367370606518421e+00 -4.066707089888304694e+01 4.080000000000000071e+00
-2.428550610190903569e+00 -4.174746311025669598e+01 4.099999999999999645e+00
-3.406795820973485434e+00 -4.174746311025669598e+01 4.120000000000000107e+00
-4.271291588538417727e+00 -4.174746311025669598e+01 4.160000000000000142e+00
-5.141474828324867019e+00 -4.174746311025669598e+01 4.160000000000000142e+00
-6.114032566683881953e+00 -4.066707089888304694e+01 4.179999999999999716e+00
-7.200339748260532247e+00 -4.066707089888304694e+01 4.209999999999999964e+00
-8.286646930039232473e+00 -4.066707089888304694e+01 4.250000000000000000e+00
-9.151142697604178977e+00 -4.066707089888304694e+01 4.269999999999999574e+00
-1.023744987918082217e+01 -4.066707089888304694e+01 4.290000000000000036e+00
-1.121569508976133989e+01 -4.066707089888304694e+01 4.309999999999999609e+00
-1.218825282832241896e+01 -4.066707089888304694e+01 4.349999999999999645e+00
-1.338262198089519828e+01 -4.066707089888304694e+01 4.349999999999999645e+00
-1.446892916247184147e+01 -4.174746311025669598e+01 4.360000000000000320e+00
-1.577136028604075690e+01 -4.174746311025669598e+01 4.360000000000000320e+00
-1.674960549662127107e+01 -4.280015295693331723e+01 4.360000000000000320e+00
-1.761410126418621402e+01 -4.280015295693331723e+01 4.379999999999999893e+00
-1.826816056198039107e+01 -4.174746311025669598e+01 4.360000000000000320e+00
-1.880847041675899334e+01 -4.174746311025669598e+01 4.400000000000000355e+00
-1.924071830054146659e+01 -4.174746311025669598e+01 4.480000000000000426e+00
-1.945684224253373173e+01 -4.066707089888304694e+01 4.509999999999999787e+00
-1.956490421332780372e+01 -4.174746311025669598e+01 4.549999999999999822e+00
-1.956490421332780372e+01 -4.066707089888304694e+01 4.459999999999999964e+00
-1.956490421332780372e+01 -4.174746311025669598e+01 4.459999999999999964e+00
-1.891653238775512591e+01 -4.174746311025669598e+01 4.419999999999999929e+00
-1.804634914796868372e+01 -4.174746311025669598e+01 4.360000000000000320e+00
-1.728991535139987334e+01 -4.066707089888304694e+01 4.379999999999999893e+00
-1.685766746761740364e+01 -4.066707089888304694e+01 4.360000000000000320e+00
-1.641973211161343471e+01 -4.066707089888304694e+01 4.379999999999999893e+00
-1.609554619882709403e+01 -3.961438105417479250e+01 4.360000000000000320e+00
-1.577136028604075690e+01 -3.961438105417479250e+01 4.419999999999999929e+00
-1.555523634404849176e+01 -3.750900136082154290e+01 4.400000000000000355e+00
-1.490117704625431472e+01 -3.645631151414492166e+01 4.419999999999999929e+00
-1.436086719147570889e+01 -3.540362166943667432e+01 4.379999999999999893e+00
-1.425280522068163691e+01 -3.435093182276004597e+01 4.379999999999999893e+00
-1.403668127868937177e+01 -3.540362166943667432e+01 4.400000000000000355e+00
-1.371249536590303109e+01 -3.540362166943667432e+01 4.360000000000000320e+00
-1.327456000989906215e+01 -3.645631151414492166e+01 4.309999999999999609e+00
-1.241006424233411565e+01 -3.645631151414492166e+01 4.269999999999999574e+00
-1.186406691553607828e+01 -3.750900136082154290e+01 4.290000000000000036e+00
-1.164794297354381314e+01 -3.856169120749817125e+01 4.309999999999999609e+00
-1.143181903175360503e+01 -3.961438105417479250e+01 4.290000000000000036e+00
-1.143181903175360503e+01 -4.066707089888304694e+01 4.250000000000000000e+00
-1.153988100254768057e+01 -4.280015295693331723e+01 4.290000000000000036e+00
-1.186406691553607828e+01 -4.280015295693331723e+01 4.290000000000000036e+00
-1.230200227133798307e+01 -4.385284280164157167e+01 4.309999999999999609e+00
-1.305843606810885760e+01 -4.490553264831819291e+01 4.349999999999999645e+00
-1.359874592268540283e+01 -4.385284280164157167e+01 4.360000000000000320e+00
-1.425280522068163691e+01 -4.280015295693331723e+01 4.349999999999999645e+00
-1.490117704625431472e+01 -4.174746311025669598e+01 4.360000000000000320e+00
-1.577136028604075690e+01 -4.066707089888304694e+01 4.379999999999999893e+00
-1.652779408260956728e+01 -4.066707089888304694e+01 4.360000000000000320e+00
-1.750603929319008145e+01 -4.066707089888304694e+01 4.400000000000000355e+00
-1.859234647496878878e+01 -4.066707089888304694e+01 4.440000000000000391e+00
-1.956490421332780372e+01 -4.066707089888304694e+01 4.509999999999999787e+00
-2.043508745311424590e+01 -4.174746311025669598e+01 4.549999999999999822e+00
-2.141333266369476007e+01 -4.280015295693331723e+01 4.549999999999999822e+00
-2.238589040225583204e+01 -4.280015295693331723e+01 4.570000000000000284e+00
-2.325607364204227778e+01 -4.280015295693331723e+01 4.610000000000000320e+00
-2.412625688182871997e+01 -4.280015295693331723e+01 4.629999999999999893e+00
-2.509881462018773135e+01 -4.174746311025669598e+01 4.610000000000000320e+00
-2.629318377276051422e+01 -4.066707089888304694e+01 4.589999999999999858e+00
-2.716336701254695285e+01 -3.856169120749817125e+01 4.650000000000000355e+00
-2.791980080911576323e+01 -3.856169120749817125e+01 4.660000000000000142e+00
-2.857386010690994382e+01 -3.856169120749817125e+01 4.650000000000000355e+00
-2.868192207790607284e+01 -3.961438105417479250e+01 4.629999999999999893e+00
-2.857386010690994382e+01 -4.066707089888304694e+01 4.629999999999999893e+00
-2.835204869289823648e+01 -4.280015295693331723e+01 4.679999999999999716e+00
-2.802786278011189580e+01 -4.385284280164157167e+01 4.660000000000000142e+00
-2.748755292533329353e+01 -4.490553264831819291e+01 4.650000000000000355e+00
-2.661736968554685134e+01 -4.595822249499481416e+01 4.629999999999999893e+00
-2.575287391798191194e+01 -4.595822249499481416e+01 4.629999999999999893e+00
-2.542300053317613262e+01 -4.701091234167144250e+01 4.679999999999999716e+00
-2.509881462018773135e+01 -4.701091234167144250e+01 4.660000000000000142e+00
-2.477462870740139778e+01 -4.701091234167144250e+01 4.610000000000000320e+00
-2.477462870740139778e+01 -4.595822249499481416e+01 4.629999999999999893e+00
-2.477462870740139778e+01 -4.490553264831819291e+01 4.650000000000000355e+00
-2.445044279461505354e+01 -4.385284280164157167e+01 4.650000000000000355e+00
-2.401250743861108461e+01 -4.280015295693331723e+01 4.610000000000000320e+00
-2.358025955482861491e+01 -4.174746311025669598e+01 4.589999999999999858e+00
-2.314801167104614166e+01 -4.066707089888304694e+01 4.589999999999999858e+00
-2.314801167104614166e+01 -3.961438105417479250e+01 4.610000000000000320e+00
-2.325607364204227778e+01 -3.750900136082154290e+01 4.610000000000000320e+00
-2.325607364204227778e+01 -3.645631151414492166e+01 4.589999999999999858e+00
-2.368832152582474748e+01 -3.645631151414492166e+01 4.610000000000000320e+00
-2.423431885262279195e+01 -3.645631151414492166e+01 4.629999999999999893e+00
-2.477462870740139778e+01 -3.435093182276004597e+01 4.650000000000000355e+00
-2.488269067839753035e+01 -3.327053961138639693e+01 4.650000000000000355e+00
-2.477462870740139778e+01 -3.116515992000152124e+01 4.629999999999999893e+00
-2.445044279461505354e+01 -3.011247007332490000e+01 4.629999999999999893e+00
-2.466656673640526520e+01 -2.905978022664827876e+01 4.570000000000000284e+00
-2.488269067839753035e+01 -2.692669817056637882e+01 4.570000000000000284e+00
-2.466656673640526520e+01 -2.800709038194002076e+01 4.530000000000000249e+00
-2.434238082361892452e+01 -2.905978022664827876e+01 4.589999999999999858e+00
-2.401250743861108461e+01 -2.905978022664827876e+01 4.570000000000000284e+00
-2.336413561303841036e+01 -3.011247007332490000e+01 4.570000000000000284e+00
-2.249395237325196462e+01 -3.011247007332490000e+01 4.549999999999999822e+00
-2.162945660568702522e+01 -3.116515992000152124e+01 4.509999999999999787e+00
-2.108914675090842294e+01 -3.221784976667814249e+01 4.509999999999999787e+00
-2.065121139510651105e+01 -3.221784976667814249e+01 4.530000000000000249e+00
-2.075927336590058303e+01 -3.435093182276004597e+01 4.509999999999999787e+00
-2.086733533689671560e+01 -3.750900136082154290e+01 4.509999999999999787e+00
-2.108914675090842294e+01 -3.856169120749817125e+01 4.530000000000000249e+00
-2.184558054747723332e+01 -4.066707089888304694e+01 4.530000000000000249e+00
-2.249395237325196462e+01 -4.174746311025669598e+01 4.549999999999999822e+00
-2.325607364204227778e+01 -4.280015295693331723e+01 4.570000000000000284e+00
-2.412625688182871997e+01 -4.280015295693331723e+01 4.610000000000000320e+00
-2.520687659118386392e+01 -4.280015295693331723e+01 4.629999999999999893e+00
-2.618512180176438164e+01 -4.280015295693331723e+01 4.629999999999999893e+00
-2.727142898354308542e+01 -4.280015295693331723e+01 4.679999999999999716e+00
-2.835204869289823648e+01 -4.280015295693331723e+01 4.740000000000000213e+00
-2.943835587447488678e+01 -4.280015295693331723e+01 4.740000000000000213e+00
-3.052466305605152996e+01 -4.385284280164157167e+01 4.740000000000000213e+00
-3.161097023783023729e+01 -4.385284280164157167e+01 4.780000000000000249e+00
-3.269158994718538480e+01 -4.385284280164157167e+01 4.809999999999999609e+00
-3.377789712876203509e+01 -4.385284280164157167e+01 4.809999999999999609e+00
-3.486420431054074243e+01 -4.385284280164157167e+01 4.830000000000000071e+00
-3.595051149211738561e+01 -4.385284280164157167e+01 4.870000000000000107e+00
-3.692306923047640055e+01 -4.385284280164157167e+01 4.870000000000000107e+00
-3.811743838304918341e+01 -4.385284280164157167e+01 4.830000000000000071e+00
-3.909568359383175817e+01 -4.385284280164157167e+01 4.830000000000000071e+00
-3.974405541940443243e+01 -4.385284280164157167e+01 4.950000000000000178e+00
-4.017630330318690568e+01 -4.385284280164157167e+01 5.019999999999999574e+00
-4.050617668819474204e+01 -4.385284280164157167e+01 5.019999999999999574e+00
-4.072230063018700719e+01 -4.490553264831819291e+01 5.019999999999999574e+00
-4.072230063018700719e+01 -4.595822249499481416e+01 4.980000000000000426e+00
-4.029005274640454104e+01 -4.701091234167144250e+01 4.950000000000000178e+00
-3.996017936139669757e+01 -4.806360218637969695e+01 5.000000000000000000e+00
-3.963599344861036400e+01 -4.806360218637969695e+01 4.959999999999999964e+00
-3.920374556482789075e+01 -4.914399439775333889e+01 4.959999999999999964e+00
-3.887955965183949303e+01 -5.019668424442996013e+01 4.959999999999999964e+00
-3.844162429603758113e+01 -5.124937409110658848e+01 4.929999999999999716e+00
-3.800937641225510788e+01 -5.124937409110658848e+01 4.929999999999999716e+00
-3.746906655747650916e+01 -5.124937409110658848e+01 4.910000000000000142e+00
-3.529645219432320857e+01 -4.914399439775333889e+01 4.910000000000000142e+00
-3.508032825233094343e+01 -4.806360218637969695e+01 4.870000000000000107e+00
-3.540451416511728411e+01 -4.701091234167144250e+01 4.889999999999999680e+00
-3.584244952112125304e+01 -4.490553264831819291e+01 4.870000000000000107e+00
-3.616663543390759372e+01 -4.385284280164157167e+01 4.889999999999999680e+00
-3.649082134669393440e+01 -4.280015295693331723e+01 4.870000000000000107e+00
-3.670694528868619955e+01 -4.174746311025669598e+01 4.889999999999999680e+00
-3.670694528868619955e+01 -3.856169120749817125e+01 4.910000000000000142e+00
-3.638275937589985887e+01 -3.645631151414492166e+01 4.910000000000000142e+00
-3.627469740490372629e+01 -3.540362166943667432e+01 4.929999999999999716e+00
-3.616663543390759372e+01 -3.435093182276004597e+01 4.929999999999999716e+00
-3.605857346291146115e+01 -3.327053961138639693e+01 4.870000000000000107e+00
-3.584244952112125304e+01 -3.116515992000152124e+01 4.870000000000000107e+00
-3.572870007810568183e+01 -3.011247007332490000e+01 4.870000000000000107e+00
-3.562063810710954925e+01 -2.905978022664827876e+01 4.889999999999999680e+00
-3.562063810710954925e+01 -2.800709038194002076e+01 4.870000000000000107e+00
-3.540451416511728411e+01 -2.587400832388975402e+01 4.870000000000000107e+00
-3.529645219432320857e+01 -2.482131847721312923e+01 4.910000000000000142e+00
-3.529645219432320857e+01 -2.376862863250487834e+01 4.889999999999999680e+00
-3.518839022332707600e+01 -2.271593878582825354e+01 4.889999999999999680e+00
-3.443195642675826917e+01 -1.953016688306973236e+01 4.889999999999999680e+00
-3.410208304175043281e+01 -1.847747703639310402e+01 4.849999999999999645e+00
-3.421014501254450124e+01 -1.742478718971648277e+01 4.809999999999999609e+00
-3.399402107075430024e+01 -1.531940749833160709e+01 4.799999999999999822e+00
-3.377789712876203509e+01 -1.321402780497835749e+01 4.809999999999999609e+00
-3.377789712876203509e+01 -1.213363559557308236e+01 4.799999999999999822e+00
-3.377789712876203509e+01 -1.108094574889646111e+01 4.799999999999999822e+00
-3.377789712876203509e+01 -1.002825590221983276e+01 4.809999999999999609e+00
-3.410208304175043281e+01 -8.975566057511585427e+00 4.780000000000000249e+00
-3.443195642675826917e+01 -7.922876210834957078e+00 4.799999999999999822e+00
-3.475614233954460985e+01 -7.922876210834957078e+00 4.799999999999999822e+00
-3.508032825233094343e+01 -7.922876210834957078e+00 4.780000000000000249e+00
-3.529645219432320857e+01 -5.817496517481707485e+00 4.759999999999999787e+00
-3.562063810710954925e+01 -3.684414461399811103e+00 4.740000000000000213e+00
-3.616663543390759372e+01 -3.684414461399811103e+00 4.740000000000000213e+00
-3.681500725968233212e+01 -2.631724614723182754e+00 4.780000000000000249e+00
-3.757712852847264173e+01 -2.631724614723182754e+00 4.759999999999999787e+00
-3.811743838304918341e+01 -1.579034768046561510e+00 4.759999999999999787e+00
-3.822550035404531599e+01 -5.263449233383070691e-01 4.740000000000000213e+00
-3.833356232504144856e+01 1.579034770014935418e+00 4.740000000000000213e+00
-3.974405541940443243e+01 3.712116826096831801e+00 4.759999999999999787e+00
-4.061423865919087461e+01 3.712116826096831801e+00 4.780000000000000249e+00
-4.202473175355386559e+01 5.817496519450081394e+00 4.740000000000000213e+00
-4.278116555032472945e+01 6.870186364158335834e+00 4.719999999999999751e+00
-4.354328681911503907e+01 9.003268422208606125e+00 4.660000000000000142e+00
-4.321910090612664135e+01 1.426671765165497874e+01 4.629999999999999893e+00
-4.310535146311107013e+01 1.639979970970525613e+01 4.589999999999999858e+00
-4.299728949211493756e+01 1.955786924776674596e+01 4.549999999999999822e+00
-4.299728949211493756e+01 2.166324894112000266e+01 4.480000000000000426e+00
-4.288922752111880499e+01 2.271593878582825710e+01 4.459999999999999964e+00
-4.299728949211493756e+01 2.379633099720190614e+01 4.440000000000000391e+00
-4.288922752111880499e+01 2.484902084387852028e+01 4.400000000000000355e+00
-4.321910090612664135e+01 2.484902084387852028e+01 4.400000000000000355e+00
-4.310535146311107013e+01 2.590171068858677472e+01 4.379999999999999893e+00
-4.299728949211493756e+01 2.695440053526340307e+01 4.360000000000000320e+00
-4.288922752111880499e+01 2.800709038194003142e+01 4.360000000000000320e+00
-4.267310357932859688e+01 2.905978022861664556e+01 4.330000000000000071e+00
-4.234891766654226331e+01 2.905978022861664556e+01 4.330000000000000071e+00
-4.213279372454999816e+01 3.011247007332490000e+01 4.309999999999999609e+00
-4.180860781176365748e+01 3.119286228469854905e+01 4.269999999999999574e+00
-4.158679639775195369e+01 3.224555213137516319e+01 4.269999999999999574e+00
-4.126261048476355597e+01 3.224555213137516319e+01 4.250000000000000000e+00
-4.104648654297334787e+01 3.329824197608343184e+01 4.230000000000000426e+00
-4.061423865919087461e+01 3.329824197608343184e+01 4.250000000000000000e+00
-4.039811471719860947e+01 3.435093182276004597e+01 4.209999999999999964e+00
-4.006824133239283015e+01 3.435093182276004597e+01 4.209999999999999964e+00
-3.963599344861036400e+01 3.435093182276004597e+01 4.209999999999999964e+00
-3.941986950661809885e+01 3.540362166943667432e+01 4.200000000000000178e+00
-3.909568359383175817e+01 3.540362166943667432e+01 4.179999999999999716e+00
-3.898762162283562560e+01 3.645631151611328846e+01 4.179999999999999716e+00
-3.865774823782778924e+01 3.645631151611328846e+01 4.160000000000000142e+00
-3.833356232504144856e+01 3.645631151611328846e+01 4.139999999999999680e+00
-3.800937641225510788e+01 3.750900136082154290e+01 4.120000000000000107e+00
-3.757712852847264173e+01 3.750900136082154290e+01 4.120000000000000107e+00
-3.736100458648037659e+01 3.858939357219519195e+01 4.099999999999999645e+00
-3.692306923047640055e+01 3.858939357219519195e+01 4.080000000000000071e+00
-3.681500725968233212e+01 3.964208341887182030e+01 4.059999999999999609e+00
-3.605857346291146115e+01 3.858939357219519195e+01 4.080000000000000071e+00
-3.529645219432320857e+01 3.858939357219519195e+01 4.099999999999999645e+00
-3.454001839755234471e+01 3.858939357219519195e+01 4.099999999999999645e+00
-3.388595909975816767e+01 3.858939357219519195e+01 4.080000000000000071e+00
-3.334564924497956184e+01 3.750900136082154290e+01 4.099999999999999645e+00
-3.302146333219322116e+01 3.645631151611328846e+01 4.139999999999999680e+00
-3.236740403439905123e+01 3.435093182276004597e+01 4.179999999999999716e+00
-3.215128009240677898e+01 3.224555213137516319e+01 4.209999999999999964e+00
-3.161097023783023729e+01 2.695440053526340307e+01 4.250000000000000000e+00
-3.161097023783023729e+01 2.484902084387852028e+01 4.309999999999999609e+00
-3.171903220862431283e+01 2.166324894112000266e+01 4.360000000000000320e+00
-3.193515615061657797e+01 2.061055909444338852e+01 4.400000000000000355e+00
-3.258352797618925223e+01 1.850517940109012471e+01 4.459999999999999964e+00
-3.334564924497956184e+01 1.850517940109012471e+01 4.480000000000000426e+00
-3.431820698354063381e+01 1.745248955638187738e+01 4.480000000000000426e+00
-3.529645219432320857e+01 1.745248955638187738e+01 4.500000000000000000e+00
-3.649082134669393440e+01 1.639979970970525613e+01 4.509999999999999787e+00
-3.757712852847264173e+01 1.639979970970525613e+01 4.509999999999999787e+00
-3.844162429603758113e+01 1.639979970970525613e+01 4.509999999999999787e+00
-3.941986950661809885e+01 1.531940749833160709e+01 4.549999999999999822e+00
-4.061423865919087461e+01 1.531940749833160709e+01 4.589999999999999858e+00
-4.169485836854602212e+01 1.531940749833160709e+01 4.589999999999999858e+00
-4.278116555032472945e+01 1.531940749833160709e+01 4.589999999999999858e+00
-4.386747273190137975e+01 1.426671765165497874e+01 4.610000000000000320e+00
-4.506184188447416261e+01 1.426671765165497874e+01 4.629999999999999893e+00
-4.603439962283317755e+01 1.426671765165497874e+01 4.629999999999999893e+00
-4.679652089162348716e+01 1.531940749833160709e+01 4.610000000000000320e+00
-4.722876877540595331e+01 1.639979970970525613e+01 4.570000000000000284e+00
-4.722876877540595331e+01 1.955786924776674596e+01 4.509999999999999787e+00
-4.733683074640208588e+01 2.166324894112000266e+01 4.480000000000000426e+00
-4.755295468839435102e+01 2.484902084387852028e+01 4.419999999999999929e+00
-4.777476610240606192e+01 2.695440053526340307e+01 4.379999999999999893e+00
-4.777476610240606192e+01 2.905978022861664556e+01 4.349999999999999645e+00
-4.755295468839435102e+01 3.011247007332490000e+01 4.309999999999999609e+00
-4.733683074640208588e+01 3.119286228469854905e+01 4.290000000000000036e+00
-4.722876877540595331e+01 3.224555213137516319e+01 4.250000000000000000e+00
-4.701264483361575230e+01 3.329824197608343184e+01 4.230000000000000426e+00
-4.679652089162348716e+01 3.435093182276004597e+01 4.200000000000000178e+00
-4.647233497883714648e+01 3.540362166943667432e+01 4.179999999999999716e+00
-4.614246159382931012e+01 3.645631151611328846e+01 4.179999999999999716e+00
-4.581827568104296944e+01 3.645631151611328846e+01 4.160000000000000142e+00
-4.527796582626436361e+01 3.750900136082154290e+01 4.120000000000000107e+00
-4.495377991347803004e+01 3.750900136082154290e+01 4.120000000000000107e+00
-4.451584455747405400e+01 3.750900136082154290e+01 4.099999999999999645e+00
-4.419165864468772043e+01 3.750900136082154290e+01 4.080000000000000071e+00
-4.451584455747405400e+01 3.645631151611328846e+01 4.120000000000000107e+00
-4.484571794248189747e+01 3.645631151611328846e+01 4.160000000000000142e+00
-4.473765597148576489e+01 3.540362166943667432e+01 4.200000000000000178e+00
-4.462390652847018657e+01 3.435093182276004597e+01 4.230000000000000426e+00
-4.440778258667998557e+01 3.224555213137516319e+01 4.290000000000000036e+00
-4.408359667369158785e+01 3.011247007332490000e+01 4.349999999999999645e+00
-4.354328681911503907e+01 2.800709038194003142e+01 4.400000000000000355e+00
-4.310535146311107013e+01 2.590171068858677472e+01 4.459999999999999964e+00
-4.256504160833246431e+01 2.271593878582825710e+01 4.509999999999999787e+00
-4.191666978275979005e+01 2.061055909444338852e+01 4.610000000000000320e+00
-4.126261048476355597e+01 1.745248955638187738e+01 4.610000000000000320e+00
-4.061423865919087461e+01 1.531940749833160709e+01 4.610000000000000320e+00
-3.996017936139669757e+01 1.321402780694672430e+01 4.629999999999999893e+00
-3.952793147761423143e+01 1.216133796027010305e+01 4.629999999999999893e+00
-3.909568359383175817e+01 1.005595826691686057e+01 4.650000000000000355e+00
-3.854968626683165667e+01 1.005595826691686057e+01 4.629999999999999893e+00
-3.811743838304918341e+01 9.003268422208606125e+00 4.610000000000000320e+00
-3.768519049926671016e+01 7.922876210834957078e+00 4.650000000000000355e+00
-3.746906655747650916e+01 6.870186364158335834e+00 4.679999999999999716e+00
-3.703113120147253312e+01 6.870186364158335834e+00 4.660000000000000142e+00
-3.638275937589985887e+01 6.870186364158335834e+00 4.650000000000000355e+00
-3.605857346291146115e+01 5.817496519450081394e+00 4.570000000000000284e+00
-3.529645219432320857e+01 4.764806672773460150e+00 4.650000000000000355e+00
-3.486420431054074243e+01 4.764806672773460150e+00 4.660000000000000142e+00
-3.454001839755234471e+01 4.764806672773460150e+00 4.660000000000000142e+00
-3.410208304175043281e+01 4.764806672773460150e+00 4.589999999999999858e+00
-3.377789712876203509e+01 4.764806672773460150e+00 4.589999999999999858e+00
-3.345371121597569442e+01 3.712116826096831801e+00 4.660000000000000142e+00
-3.302146333219322116e+01 3.712116826096831801e+00 4.650000000000000355e+00
-3.269158994718538480e+01 3.712116826096831801e+00 4.629999999999999893e+00
-3.236740403439905123e+01 3.712116826096831801e+00 4.570000000000000284e+00
-3.204321812161271055e+01 3.712116826096831801e+00 4.610000000000000320e+00
-3.171903220862431283e+01 3.712116826096831801e+00 4.610000000000000320e+00
-3.138915882361647292e+01 3.712116826096831801e+00 4.610000000000000320e+00
-3.095691093983400322e+01 3.712116826096831801e+00 4.610000000000000320e+00
-3.041660108525745798e+01 3.712116826096831801e+00 4.610000000000000320e+00
-3.009241517226906026e+01 2.659426979420210557e+00 4.589999999999999858e+00
-2.976254178746328449e+01 2.659426979420210557e+00 4.589999999999999858e+00
-2.933029390368081124e+01 3.712116826096831801e+00 4.549999999999999822e+00
-2.900610799069241352e+01 6.870186364158335834e+00 4.530000000000000249e+00
-2.922223193268467867e+01 9.003268422208606125e+00 4.500000000000000000e+00
-3.020047714326519284e+01 1.216133796027010305e+01 4.500000000000000000e+00
-3.074078699804379511e+01 1.216133796027010305e+01 4.509999999999999787e+00
-3.161097023783023729e+01 1.216133796027010305e+01 4.500000000000000000e+00
-3.279965191818151737e+01 1.216133796027010305e+01 4.509999999999999787e+00
-3.377789712876203509e+01 1.110864811359348181e+01 4.530000000000000249e+00
-3.475614233954460985e+01 1.005595826691686057e+01 4.549999999999999822e+00
-3.572870007810568183e+01 1.005595826691686057e+01 4.589999999999999858e+00
-3.692306923047640055e+01 1.005595826691686057e+01 4.589999999999999858e+00
-3.811743838304918341e+01 9.003268422208606125e+00 4.570000000000000284e+00
-3.909568359383175817e+01 9.003268422208606125e+00 4.610000000000000320e+00
-4.006824133239283015e+01 1.005595826691686057e+01 4.629999999999999893e+00
-4.115454851396948044e+01 1.005595826691686057e+01 4.629999999999999893e+00
-4.202473175355386559e+01 1.110864811359348181e+01 4.629999999999999893e+00
-4.288922752111880499e+01 1.321402780694672430e+01 4.610000000000000320e+00
-4.375941076090524717e+01 1.426671765165497874e+01 4.570000000000000284e+00
-4.451584455747405400e+01 1.639979970970525613e+01 4.570000000000000284e+00
-4.506184188447416261e+01 1.745248955638187738e+01 4.530000000000000249e+00
-4.560215173905070429e+01 2.061055909444338852e+01 4.459999999999999964e+00
-4.592633765203910201e+01 2.271593878582825710e+01 4.379999999999999893e+00
-4.614246159382931012e+01 2.484902084387852028e+01 4.330000000000000071e+00
-4.614246159382931012e+01 2.800709038194003142e+01 4.250000000000000000e+00
-4.603439962283317755e+01 3.119286228469854905e+01 4.179999999999999716e+00
-4.581827568104296944e+01 3.435093182276004597e+01 4.099999999999999645e+00
-4.538602779726049619e+01 3.645631151611328846e+01 4.059999999999999609e+00
-4.484571794248189747e+01 3.858939357219519195e+01 4.009999999999999787e+00
-4.408359667369158785e+01 3.964208341887182030e+01 4.009999999999999787e+00
-4.321910090612664135e+01 3.964208341887182030e+01 4.030000000000000249e+00
-4.234891766654226331e+01 3.858939357219519195e+01 4.030000000000000249e+00
-4.147873442675582112e+01 3.645631151611328846e+01 4.099999999999999645e+00
-4.104648654297334787e+01 3.435093182276004597e+01 4.160000000000000142e+00
-4.072230063018700719e+01 3.224555213137516319e+01 4.250000000000000000e+00
-4.061423865919087461e+01 2.905978022861664556e+01 4.290000000000000036e+00
-4.050617668819474204e+01 2.695440053526340307e+01 4.349999999999999645e+00
-4.061423865919087461e+01 2.379633099720190614e+01 4.400000000000000355e+00
-4.072230063018700719e+01 2.166324894112000266e+01 4.459999999999999964e+00
-4.083036260098108272e+01 1.850517940109012471e+01 4.500000000000000000e+00
-4.083036260098108272e+01 1.639979970970525613e+01 4.570000000000000284e+00
-4.072230063018700719e+01 1.426671765165497874e+01 4.610000000000000320e+00
-4.050617668819474204e+01 1.321402780694672430e+01 4.610000000000000320e+00
-4.017630330318690568e+01 1.216133796027010305e+01 4.589999999999999858e+00
-3.974405541940443243e+01 1.110864811359348181e+01 4.589999999999999858e+00
-3.952793147761423143e+01 1.005595826691686057e+01 4.610000000000000320e+00
-3.909568359383175817e+01 1.005595826691686057e+01 4.610000000000000320e+00
-3.876581020882392181e+01 1.110864811359348181e+01 4.589999999999999858e+00
-3.833356232504144856e+01 1.005595826691686057e+01 4.589999999999999858e+00
-3.790131444125897531e+01 1.005595826691686057e+01 4.610000000000000320e+00
-3.757712852847264173e+01 1.005595826691686057e+01 4.650000000000000355e+00
-3.713919317246866569e+01 9.003268422208606125e+00 4.610000000000000320e+00
-3.681500725968233212e+01 9.003268422208606125e+00 4.629999999999999893e+00
-3.659888331769006697e+01 7.922876210834957078e+00 4.610000000000000320e+00
-3.627469740490372629e+01 7.922876210834957078e+00 4.629999999999999893e+00
-3.605857346291146115e+01 6.870186364158335834e+00 4.660000000000000142e+00
-3.562063810710954925e+01 6.870186364158335834e+00 4.679999999999999716e+00
-3.529645219432320857e+01 6.870186364158335834e+00 4.679999999999999716e+00
-3.475614233954460985e+01 5.817496519450081394e+00 4.660000000000000142e+00
