2.632162113346389276e+01 2.166324894112000266e+01 3.299999999999999822e+00
2.675386901724635891e+01 2.166324894112000266e+01 3.299999999999999822e+00
2.707805493003270669e+01 2.166324894112000266e+01 3.299999999999999822e+00
2.718611690102883927e+01 2.061055909444338852e+01 3.279999999999999805e+00
2.751030281381517284e+01 2.061055909444338852e+01 3.299999999999999822e+00
2.794823816981913467e+01 2.061055909444338852e+01 3.279999999999999805e+00
2.827242408260548245e+01 2.061055909444338852e+01 3.240000000000000213e+00
2.838048605360161503e+01 1.955786924776674596e+01 3.259999999999999787e+00
2.870467196638794860e+01 2.166324894112000266e+01 3.220000000000000195e+00
2.870467196638794860e+01 2.484902084387852028e+01 3.220000000000000195e+00
2.848854802439568346e+01 2.905978022861664556e+01 3.259999999999999787e+00
2.848854802439568346e+01 3.224555213137516319e+01 3.240000000000000213e+00
2.848854802439568346e+01 3.435093182276004597e+01 3.220000000000000195e+00
2.881273393738408117e+01 3.645631151611328846e+01 3.180000000000000160e+00
2.935873126418212564e+01 3.858939357219519195e+01 3.129999999999999893e+00
3.000710308995687114e+01 3.964208341887182030e+01 3.049999999999999822e+00
3.087728632954124919e+01 4.174746311025668888e+01 3.009999999999999787e+00
3.184984406810232827e+01 4.280015295693331723e+01 2.959999999999999964e+00
3.261196533689263788e+01 4.385284280360994558e+01 2.919999999999999929e+00
3.304421322067510403e+01 4.493323501301522072e+01 2.919999999999999929e+00
3.347646110445757017e+01 4.493323501301522072e+01 2.879999999999999893e+00
3.380633448946541364e+01 4.385284280360994558e+01 2.939999999999999947e+00
3.423858237324787979e+01 4.385284280360994558e+01 2.919999999999999929e+00
3.434664434424401236e+01 4.280015295693331723e+01 2.899999999999999911e+00
3.402245843125561464e+01 4.069477326554843444e+01 2.879999999999999893e+00
3.336839913346145181e+01 3.964208341887182030e+01 2.899999999999999911e+00
3.293615124967897145e+01 3.750900136082154290e+01 2.919999999999999929e+00
3.315227519167123660e+01 3.540362166943667432e+01 2.899999999999999911e+00
3.359021054747314849e+01 3.329824197608343184e+01 2.919999999999999929e+00
3.402245843125561464e+01 3.224555213137516319e+01 2.859999999999999876e+00
3.456276828603421336e+01 3.224555213137516319e+01 2.850000000000000089e+00
3.488695419882056115e+01 3.224555213137516319e+01 2.830000000000000071e+00
3.554101349681680233e+01 3.119286228469854905e+01 2.790000000000000036e+00
3.586519940960312169e+01 3.224555213137516319e+01 2.790000000000000036e+00
3.608132335139335112e+01 3.435093182276004597e+01 2.830000000000000071e+00
3.586519940960312169e+01 3.645631151611328846e+01 2.859999999999999876e+00
3.554101349681680233e+01 3.645631151611328846e+01 2.879999999999999893e+00
3.521682758382840461e+01 3.540362166943667432e+01 2.879999999999999893e+00
3.467083025703036014e+01 3.435093182276004597e+01 2.899999999999999911e+00
3.413052040225176142e+01 3.435093182276004597e+01 2.919999999999999929e+00
3.315227519167123660e+01 3.329824197608343184e+01 2.959999999999999964e+00
3.141759618431984791e+01 3.540362166943667432e+01 3.009999999999999787e+00
3.076922435874718076e+01 3.750900136082154290e+01 3.049999999999999822e+00
3.022322703174707215e+01 3.964208341887182030e+01 3.069999999999999840e+00
2.968291717696847343e+01 4.280015295693331723e+01 3.069999999999999840e+00
2.902885787917428217e+01 4.385284280360994558e+01 3.089999999999999858e+00
2.848854802439568346e+01 4.493323501301522072e+01 3.089999999999999858e+00
2.816436211160934988e+01 4.598592485969183485e+01 3.129999999999999893e+00
2.773211422782686952e+01 4.493323501301522072e+01 3.129999999999999893e+00
2.718611690102883927e+01 4.493323501301522072e+01 3.129999999999999893e+00
2.675386901724635891e+01 4.493323501301522072e+01 3.160000000000000142e+00
2.599174774845604929e+01 4.493323501301522072e+01 3.220000000000000195e+00
2.534337592268131800e+01 4.493323501301522072e+01 3.240000000000000213e+00
2.436513071210080739e+01 4.385284280360994558e+01 3.279999999999999805e+00
2.360869691553199345e+01 4.280015295693331723e+01 3.330000000000000071e+00
2.284657564674168384e+01 4.174746311025668888e+01 3.370000000000000107e+00
2.209014185017288412e+01 4.174746311025668888e+01 3.450000000000000178e+00
2.143608255217664293e+01 4.280015295693331723e+01 3.450000000000000178e+00
2.100383466839416258e+01 4.280015295693331723e+01 3.459999999999999964e+00
2.067964875560782900e+01 4.385284280360994558e+01 3.459999999999999964e+00
2.035546284282149543e+01 4.385284280360994558e+01 3.450000000000000178e+00
2.024171339960386717e+01 4.493323501301522072e+01 3.450000000000000178e+00
2.013365142880978453e+01 4.598592485969183485e+01 3.450000000000000178e+00
1.991752748681751939e+01 4.703861470636846320e+01 3.459999999999999964e+00
1.970140354502731839e+01 4.598592485969183485e+01 3.430000000000000160e+00
1.959334157403117160e+01 4.493323501301522072e+01 3.459999999999999964e+00
1.991752748681751939e+01 4.385284280360994558e+01 3.459999999999999964e+00
2.046352481381762800e+01 4.280015295693331723e+01 3.450000000000000178e+00
2.111189663939029515e+01 4.174746311025668888e+01 3.450000000000000178e+00
2.187401790818061897e+01 4.069477326554843444e+01 3.410000000000000142e+00
2.295463761773781641e+01 4.069477326554843444e+01 3.370000000000000107e+00
2.404094479931445960e+01 4.174746311025668888e+01 3.310000000000000053e+00
2.512725198089111700e+01 4.174746311025668888e+01 3.259999999999999787e+00
2.621355916246776019e+01 4.174746311025668888e+01 3.200000000000000178e+00
2.718611690102883927e+01 4.174746311025668888e+01 3.180000000000000160e+00
2.805630014061321731e+01 4.069477326554843444e+01 3.160000000000000142e+00
2.870467196638794860e+01 3.964208341887182030e+01 3.160000000000000142e+00
2.925066929318599307e+01 3.750900136082154290e+01 3.160000000000000142e+00
2.979097914796460600e+01 3.540362166943667432e+01 3.160000000000000142e+00
3.011516506075093957e+01 3.224555213137516319e+01 3.129999999999999893e+00
3.087728632954124919e+01 3.119286228469854905e+01 3.109999999999999876e+00
3.174178209710618148e+01 2.905978022861664556e+01 3.089999999999999858e+00
3.272002730788877045e+01 2.800709038194003142e+01 3.029999999999999805e+00
3.369827251846928107e+01 2.590171068858677472e+01 3.000000000000000000e+00
3.456276828603421336e+01 2.484902084387852028e+01 2.899999999999999911e+00
3.543295152582066976e+01 2.379633099720190614e+01 2.859999999999999876e+00
3.608132335139335112e+01 2.379633099720190614e+01 2.750000000000000000e+00
3.662732067839344552e+01 2.379633099720190614e+01 2.620000000000000107e+00
3.705956856217591167e+01 2.379633099720190614e+01 2.580000000000000071e+00
3.738375447496225945e+01 2.271593878582825710e+01 2.509999999999999787e+00
3.749181644595839202e+01 2.166324894112000266e+01 2.410000000000000142e+00
3.770794038774859303e+01 2.061055909444338852e+01 2.450000000000000178e+00
3.759987841695451039e+01 2.166324894112000266e+01 2.560000000000000053e+00
3.749181644595839202e+01 2.271593878582825710e+01 2.620000000000000107e+00
3.738375447496225945e+01 2.590171068858677472e+01 2.770000000000000018e+00
3.695150659117977909e+01 2.800709038194003142e+01 2.810000000000000053e+00
3.651925870739731295e+01 2.905978022861664556e+01 2.859999999999999876e+00
3.608132335139335112e+01 3.011247007332490000e+01 2.879999999999999893e+00
3.543295152582066976e+01 3.119286228469854905e+01 2.919999999999999929e+00
3.456276828603421336e+01 3.224555213137516319e+01 2.959999999999999964e+00
3.380633448946541364e+01 3.329824197608343184e+01 3.009999999999999787e+00
3.304421322067510403e+01 3.329824197608343184e+01 3.049999999999999822e+00
3.228777942410629009e+01 3.329824197608343184e+01 3.109999999999999876e+00
3.120147224252964691e+01 3.329824197608343184e+01 3.149999999999999911e+00
3.011516506075093957e+01 3.224555213137516319e+01 3.180000000000000160e+00
2.925066929318599307e+01 3.224555213137516319e+01 3.240000000000000213e+00
2.848854802439568346e+01 3.224555213137516319e+01 3.240000000000000213e+00
2.740224084281904027e+01 3.224555213137516319e+01 3.299999999999999822e+00
2.642968310446002533e+01 3.329824197608343184e+01 3.299999999999999822e+00
2.545143789367745057e+01 3.329824197608343184e+01 3.310000000000000053e+00
2.436513071210080739e+01 3.435093182276004597e+01 3.350000000000000089e+00
2.328451100254359574e+01 3.645631151611328846e+01 3.390000000000000124e+00
2.219820382096695255e+01 3.750900136082154290e+01 3.450000000000000178e+00
2.154414452317277551e+01 3.858939357219519195e+01 3.450000000000000178e+00
2.078771072660396158e+01 4.069477326554843444e+01 3.479999999999999982e+00
2.013365142880978453e+01 4.280015295693331723e+01 3.479999999999999982e+00
1.970140354502731839e+01 4.385284280360994558e+01 3.479999999999999982e+00
1.905303171925257288e+01 4.385284280360994558e+01 3.479999999999999982e+00
1.818284847966819484e+01 4.280015295693331723e+01 3.560000000000000053e+00
1.709654129788948751e+01 4.174746311025668888e+01 3.580000000000000071e+00
1.612398355953047258e+01 4.069477326554843444e+01 3.580000000000000071e+00
1.525380031974403039e+01 3.964208341887182030e+01 3.609999999999999876e+00
1.427555510896146274e+01 4.069477326554843444e+01 3.649999999999999911e+00
1.351912131239264880e+01 4.069477326554843444e+01 3.669999999999999929e+00
1.319493539960630812e+01 4.174746311025668888e+01 3.609999999999999876e+00
1.362718328338878138e+01 4.280015295693331723e+01 3.540000000000000036e+00
1.427555510896146274e+01 4.280015295693331723e+01 3.520000000000000018e+00
1.449736652317521646e+01 4.385284280360994558e+01 3.520000000000000018e+00
1.482155243596156424e+01 4.385284280360994558e+01 3.540000000000000036e+00
1.492961440695768971e+01 4.493323501301522072e+01 3.540000000000000036e+00
1.525380031974403039e+01 4.493323501301522072e+01 3.500000000000000000e+00
1.557798623253036396e+01 4.493323501301522072e+01 3.459999999999999964e+00
1.492961440695768971e+01 4.493323501301522072e+01 3.500000000000000000e+00
1.416749313816738010e+01 4.598592485969183485e+01 3.520000000000000018e+00
1.341105934139651623e+01 4.493323501301522072e+01 3.520000000000000018e+00
1.275700004360233919e+01 4.280015295693331723e+01 3.580000000000000071e+00
1.254087610181213108e+01 4.069477326554843444e+01 3.580000000000000071e+00
1.243281413081599851e+01 3.858939357219519195e+01 3.609999999999999876e+00
1.200056624703352526e+01 3.858939357219519195e+01 3.669999999999999929e+00
1.167638033424719168e+01 3.858939357219519195e+01 3.629999999999999893e+00
1.134650694923935532e+01 3.964208341887182030e+01 3.609999999999999876e+00
1.102232103645301464e+01 4.280015295693331723e+01 3.609999999999999876e+00
1.069813512346461692e+01 4.385284280360994558e+01 3.600000000000000089e+00
1.059007315267054139e+01 4.598592485969183485e+01 3.600000000000000089e+00
1.048201118167440882e+01 4.493323501301522072e+01 3.609999999999999876e+00
1.015782526888806814e+01 4.385284280360994558e+01 3.649999999999999911e+00
9.503765970891834058e+00 4.280015295693331723e+01 3.649999999999999911e+00
8.639270203326887554e+00 4.280015295693331723e+01 3.629999999999999893e+00
7.661024992746376938e+00 4.174746311025668888e+01 3.649999999999999911e+00
7.012653167173702684e+00 4.174746311025668888e+01 3.689999999999999947e+00
6.574717811169726644e+00 4.174746311025668888e+01 3.689999999999999947e+00
6.250531898383393070e+00 4.174746311025668888e+01 3.689999999999999947e+00
6.142469927387253392e+00 4.280015295693331723e+01 3.689999999999999947e+00
6.142469927387253392e+00 4.385284280360994558e+01 3.669999999999999929e+00
5.602160072608654673e+00 4.385284280360994558e+01 3.629999999999999893e+00
5.488410629593083456e+00 4.493323501301522072e+01 3.629999999999999893e+00
5.488410629593083456e+00 4.598592485969183485e+01 3.609999999999999876e+00
5.488410629593083456e+00 4.703861470636846320e+01 3.600000000000000089e+00
5.602160072608654673e+00 4.809130455304507734e+01 3.580000000000000071e+00
6.034407956391127925e+00 4.809130455304507734e+01 3.520000000000000018e+00
5.602160072608654673e+00 4.703861470636846320e+01 3.629999999999999893e+00
5.164224716604685739e+00 4.598592485969183485e+01 3.649999999999999911e+00
4.731976832822212486e+00 4.385284280360994558e+01 3.729999999999999982e+00
4.299728949039739234e+00 4.280015295693331723e+01 3.750000000000000000e+00
4.083605007249538232e+00 4.069477326554843444e+01 3.750000000000000000e+00
3.861793593237827338e+00 3.964208341887182030e+01 3.729999999999999982e+00
3.753731622241701871e+00 3.858939357219519195e+01 3.750000000000000000e+00
3.429545709455354086e+00 3.858939357219519195e+01 3.779999999999999805e+00
2.997297825672895044e+00 3.858939357219519195e+01 3.759999999999999787e+00
2.235176556882578325e+00 4.069477326554843444e+01 3.750000000000000000e+00
1.478742760313771498e+00 4.174746311025668888e+01 3.750000000000000000e+00
7.166214915234547789e-01 4.280015295693331723e+01 3.709999999999999964e+00
-3.981230524740908550e-02 4.385284280360994558e+01 3.729999999999999982e+00
-8.019335738356545562e-01 4.385284280360994558e+01 3.709999999999999964e+00
-1.558367370606518421e+00 4.385284280360994558e+01 3.729999999999999982e+00
-2.212426668400709673e+00 4.385284280360994558e+01 3.750000000000000000e+00
-3.076922435965641967e+00 4.385284280360994558e+01 3.779999999999999805e+00
-4.163229617542292260e+00 4.174746311025668888e+01 3.779999999999999805e+00
-4.925350886332594769e+00 3.964208341887182030e+01 3.819999999999999840e+00
-5.573722712107340271e+00 3.964208341887182030e+01 3.839999999999999858e+00
-6.443905951691718315e+00 4.069477326554843444e+01 3.839999999999999858e+00
-7.524525661248922859e+00 4.174746311025668888e+01 3.839999999999999858e+00
-8.286646930039232473e+00 4.280015295693331723e+01 3.799999999999999822e+00
-9.043080726608046405e+00 4.385284280360994558e+01 3.819999999999999840e+00
-9.589078053406090874e+00 4.385284280360994558e+01 3.819999999999999840e+00
-1.023744987918082217e+01 4.385284280360994558e+01 3.819999999999999840e+00
-1.121569508976133989e+01 4.385284280360994558e+01 3.819999999999999840e+00
-1.208019085732628639e+01 4.174746311025668888e+01 3.859999999999999876e+00
-1.295037409711272147e+01 3.964208341887182030e+01 3.879999999999999893e+00
-1.371249536590303109e+01 3.964208341887182030e+01 3.899999999999999911e+00
-1.468505310446410661e+01 3.964208341887182030e+01 3.899999999999999911e+00
-1.533911240225828720e+01 3.964208341887182030e+01 3.859999999999999876e+00
-1.587942225683482889e+01 4.069477326554843444e+01 3.879999999999999893e+00
-1.641973211161343471e+01 4.280015295693331723e+01 3.859999999999999876e+00
-1.696572943861353622e+01 4.493323501301522072e+01 3.819999999999999840e+00
-1.707379140940760820e+01 4.598592485969183485e+01 3.799999999999999822e+00
-1.707379140940760820e+01 4.703861470636846320e+01 3.779999999999999805e+00
-1.739797732239600592e+01 4.703861470636846320e+01 3.779999999999999805e+00
-1.761410126418621402e+01 4.598592485969183485e+01 3.779999999999999805e+00
-1.750603929319008145e+01 4.493323501301522072e+01 3.779999999999999805e+00
-1.718185338040374077e+01 4.493323501301522072e+01 3.819999999999999840e+00
-1.696572943861353622e+01 4.385284280360994558e+01 3.819999999999999840e+00
-1.663585605360569986e+01 4.280015295693331723e+01 3.839999999999999858e+00
-1.598748422783096146e+01 4.280015295693331723e+01 3.859999999999999876e+00
-1.544717437305235919e+01 4.280015295693331723e+01 3.839999999999999858e+00
-1.609554619882709403e+01 4.385284280360994558e+01 3.839999999999999858e+00
-1.728991535139987334e+01 4.493323501301522072e+01 3.799999999999999822e+00
-1.848428450397265621e+01 4.493323501301522072e+01 3.750000000000000000e+00
-1.913265632954533402e+01 4.598592485969183485e+01 3.750000000000000000e+00
-1.956490421332780372e+01 4.703861470636846320e+01 3.759999999999999787e+00
-2.032702548211810978e+01 4.598592485969183485e+01 3.779999999999999805e+00
-2.086733533689671560e+01 4.385284280360994558e+01 3.799999999999999822e+00
-2.152139463469089264e+01 4.280015295693331723e+01 3.799999999999999822e+00
-2.216976646046563104e+01 4.174746311025668888e+01 3.799999999999999822e+00
-2.303994970005000908e+01 4.069477326554843444e+01 3.859999999999999876e+00
-2.401250743861108461e+01 3.964208341887182030e+01 3.899999999999999911e+00
-2.477462870740139778e+01 3.964208341887182030e+01 3.910000000000000142e+00
-2.575287391798191194e+01 3.964208341887182030e+01 3.910000000000000142e+00
-2.694155559853524906e+01 4.069477326554843444e+01 3.859999999999999876e+00
-2.813592475110802837e+01 4.069477326554843444e+01 3.819999999999999840e+00
-2.922223193268467867e+01 4.069477326554843444e+01 3.819999999999999840e+00
-3.009241517226906026e+01 4.174746311025668888e+01 3.779999999999999805e+00
-3.117303488182626836e+01 4.280015295693331723e+01 3.759999999999999787e+00
-3.193515615061657797e+01 4.280015295693331723e+01 3.750000000000000000e+00
-3.236740403439905123e+01 4.385284280360994558e+01 3.729999999999999982e+00
-3.291340136119708859e+01 4.385284280360994558e+01 3.709999999999999964e+00
-3.334564924497956184e+01 4.174746311025668888e+01 3.759999999999999787e+00
-3.399402107075430024e+01 4.069477326554843444e+01 3.799999999999999822e+00
-3.464808036854847728e+01 3.964208341887182030e+01 3.839999999999999858e+00
-3.529645219432320857e+01 3.964208341887182030e+01 3.879999999999999893e+00
-3.595051149211738561e+01 3.964208341887182030e+01 3.899999999999999911e+00
-3.659888331769006697e+01 3.964208341887182030e+01 3.899999999999999911e+00
-3.724725514346479827e+01 3.964208341887182030e+01 3.899999999999999911e+00
-3.811743838304918341e+01 3.964208341887182030e+01 3.950000000000000178e+00
-3.898762162283562560e+01 3.750900136082154290e+01 3.990000000000000213e+00
-3.974405541940443243e+01 3.645631151611328846e+01 4.049999999999999822e+00
-4.050617668819474204e+01 3.540362166943667432e+01 4.049999999999999822e+00
-4.126261048476355597e+01 3.435093182276004597e+01 4.080000000000000071e+00
-4.191666978275979005e+01 3.540362166943667432e+01 4.059999999999999609e+00
-4.245697963733633173e+01 3.645631151611328846e+01 4.030000000000000249e+00
-4.278116555032472945e+01 3.750900136082154290e+01 4.009999999999999787e+00
-4.310535146311107013e+01 3.858939357219519195e+01 3.990000000000000213e+00
-4.343522484811890649e+01 3.964208341887182030e+01 3.930000000000000160e+00
-4.375941076090524717e+01 3.964208341887182030e+01 3.899999999999999911e+00
-4.419165864468772043e+01 3.964208341887182030e+01 3.879999999999999893e+00
-4.451584455747405400e+01 3.964208341887182030e+01 3.879999999999999893e+00
-4.462390652847018657e+01 4.069477326554843444e+01 3.910000000000000142e+00
-4.462390652847018657e+01 4.174746311025668888e+01 3.910000000000000142e+00
-4.473765597148576489e+01 3.964208341887182030e+01 3.970000000000000195e+00
-4.473765597148576489e+01 3.645631151611328846e+01 4.049999999999999822e+00
-4.429972061568385300e+01 3.435093182276004597e+01 4.099999999999999645e+00
-4.375941076090524717e+01 3.224555213137516319e+01 4.139999999999999680e+00
-4.288922752111880499e+01 3.011247007332490000e+01 4.200000000000000178e+00
-4.213279372454999816e+01 2.800709038194003142e+01 4.209999999999999964e+00
-4.104648654297334787e+01 2.484902084387852028e+01 4.290000000000000036e+00
-4.083036260098108272e+01 2.379633099720190614e+01 4.309999999999999609e+00
-4.072230063018700719e+01 2.484902084387852028e+01 4.269999999999999574e+00
-4.126261048476355597e+01 2.695440053526340307e+01 4.209999999999999964e+00
-4.158679639775195369e+01 2.905978022861664556e+01 4.160000000000000142e+00
-4.213279372454999816e+01 3.011247007332490000e+01 4.179999999999999716e+00
-4.267310357932859688e+01 2.905978022861664556e+01 4.179999999999999716e+00
-4.321910090612664135e+01 2.905978022861664556e+01 4.179999999999999716e+00
-4.375941076090524717e+01 2.905978022861664556e+01 4.200000000000000178e+00
-4.429972061568385300e+01 2.905978022861664556e+01 4.200000000000000178e+00
-4.484571794248189747e+01 2.905978022861664556e+01 4.209999999999999964e+00
-4.527796582626436361e+01 2.800709038194003142e+01 4.250000000000000000e+00
-4.527796582626436361e+01 2.484902084387852028e+01 4.269999999999999574e+00
-4.506184188447416261e+01 2.271593878582825710e+01 4.330000000000000071e+00
-4.429972061568385300e+01 2.061055909444338852e+01 4.360000000000000320e+00
-4.278116555032472945e+01 1.745248955638187738e+01 4.419999999999999929e+00
-4.180860781176365748e+01 1.639979970970525613e+01 4.419999999999999929e+00
-4.115454851396948044e+01 1.639979970970525613e+01 4.440000000000000391e+00
-4.072230063018700719e+01 1.639979970970525613e+01 4.440000000000000391e+00
-4.061423865919087461e+01 1.531940749833160709e+01 4.419999999999999929e+00
-4.061423865919087461e+01 1.639979970970525613e+01 4.500000000000000000e+00
-4.061423865919087461e+01 1.745248955638187738e+01 4.480000000000000426e+00
-4.137067245575968855e+01 1.745248955638187738e+01 4.459999999999999964e+00
-4.180860781176365748e+01 1.850517940109012471e+01 4.459999999999999964e+00
-4.234891766654226331e+01 1.745248955638187738e+01 4.480000000000000426e+00
-4.267310357932859688e+01 1.745248955638187738e+01 4.480000000000000426e+00
-4.278116555032472945e+01 1.639979970970525613e+01 4.459999999999999964e+00
-4.310535146311107013e+01 1.531940749833160709e+01 4.480000000000000426e+00
-4.321910090612664135e+01 1.426671765165497874e+01 4.549999999999999822e+00
-4.256504160833246431e+01 1.216133796027010305e+01 4.570000000000000284e+00
-4.180860781176365748e+01 9.003268422208606125e+00 4.610000000000000320e+00
-4.147873442675582112e+01 7.922876210834957078e+00 4.610000000000000320e+00
-4.137067245575968855e+01 6.870186364158335834e+00 4.629999999999999893e+00
-4.115454851396948044e+01 5.817496519450081394e+00 4.610000000000000320e+00
-4.126261048476355597e+01 4.764806672773460150e+00 4.589999999999999858e+00
-4.104648654297334787e+01 3.712116826096831801e+00 4.629999999999999893e+00
-4.115454851396948044e+01 4.764806672773460150e+00 4.629999999999999893e+00
-4.115454851396948044e+01 5.817496519450081394e+00 4.610000000000000320e+00
-4.093842457197721529e+01 7.922876210834957078e+00 4.589999999999999858e+00
-4.093842457197721529e+01 1.005595826691686057e+01 4.530000000000000249e+00
-4.093842457197721529e+01 1.216133796027010305e+01 4.509999999999999787e+00
-4.137067245575968855e+01 1.321402780694672430e+01 4.500000000000000000e+00
-4.180860781176365748e+01 1.426671765165497874e+01 4.480000000000000426e+00
-4.191666978275979005e+01 1.531940749833160709e+01 4.459999999999999964e+00
-4.213279372454999816e+01 1.639979970970525613e+01 4.459999999999999964e+00
-4.321910090612664135e+01 1.639979970970525613e+01 4.480000000000000426e+00
-4.397553470289751232e+01 1.531940749833160709e+01 4.500000000000000000e+00
-4.419165864468772043e+01 1.321402780694672430e+01 4.530000000000000249e+00
-4.419165864468772043e+01 1.110864811359348181e+01 4.570000000000000284e+00
-4.354328681911503907e+01 9.003268422208606125e+00 4.570000000000000284e+00
-4.278116555032472945e+01 6.870186364158335834e+00 4.610000000000000320e+00
-4.202473175355386559e+01 3.712116826096831801e+00 4.660000000000000142e+00
-4.169485836854602212e+01 2.659426979420210557e+00 4.679999999999999716e+00
-4.137067245575968855e+01 1.579034770014935418e+00 4.700000000000000178e+00
-4.126261048476355597e+01 5.263449233383141745e-01 4.679999999999999716e+00
-4.093842457197721529e+01 -5.263449233383070691e-01 4.700000000000000178e+00
-4.083036260098108272e+01 -1.579034768046561510e+00 4.700000000000000178e+00
-4.083036260098108272e+01 -2.631724614723182754e+00 4.700000000000000178e+00
-4.061423865919087461e+01 -1.579034768046561510e+00 4.700000000000000178e+00
-4.061423865919087461e+01 -5.263449233383070691e-01 4.679999999999999716e+00
-4.061423865919087461e+01 5.263449233383141745e-01 4.650000000000000355e+00
-4.050617668819474204e+01 2.659426979420210557e+00 4.629999999999999893e+00
-4.061423865919087461e+01 4.764806672773460150e+00 4.610000000000000320e+00
-4.093842457197721529e+01 6.870186364158335834e+00 4.589999999999999858e+00
-4.137067245575968855e+01 7.922876210834957078e+00 4.610000000000000320e+00
-4.169485836854602212e+01 7.922876210834957078e+00 4.589999999999999858e+00
-4.202473175355386559e+01 7.922876210834957078e+00 4.589999999999999858e+00
-4.224085569554613073e+01 9.003268422208606125e+00 4.589999999999999858e+00
-4.278116555032472945e+01 7.922876210834957078e+00 4.589999999999999858e+00
-4.332716287712277392e+01 6.870186364158335834e+00 4.610000000000000320e+00
-4.365134878990911460e+01 5.817496519450081394e+00 4.660000000000000142e+00
-4.310535146311107013e+01 1.579034770014935418e+00 4.700000000000000178e+00
-4.278116555032472945e+01 -5.263449233383070691e-01 4.719999999999999751e+00
-4.224085569554613073e+01 -3.684414461399811103e+00 4.759999999999999787e+00
-4.191666978275979005e+01 -5.817496517481707485e+00 4.780000000000000249e+00
-4.169485836854602212e+01 -7.922876210834957078e+00 4.809999999999999609e+00
-4.180860781176365748e+01 -1.002825590221983276e+01 4.809999999999999609e+00
-4.202473175355386559e+01 -1.108094574889646111e+01 4.870000000000000107e+00
-4.234891766654226331e+01 -1.108094574889646111e+01 4.889999999999999680e+00
-4.234891766654226331e+01 -1.002825590221983276e+01 4.830000000000000071e+00
-4.180860781176365748e+01 -1.002825590221983276e+01 4.799999999999999822e+00
-4.137067245575968855e+01 -8.975566057511585427e+00 4.809999999999999609e+00
-4.104648654297334787e+01 -8.975566057511585427e+00 4.799999999999999822e+00
-4.061423865919087461e+01 -7.922876210834957078e+00 4.780000000000000249e+00
-4.083036260098108272e+01 -6.870186364158335834e+00 4.780000000000000249e+00
-4.104648654297334787e+01 -4.737104308076432346e+00 4.759999999999999787e+00
-4.115454851396948044e+01 -3.684414461399811103e+00 4.759999999999999787e+00
-4.115454851396948044e+01 -2.631724614723182754e+00 4.719999999999999751e+00
-4.137067245575968855e+01 -1.579034768046561510e+00 4.740000000000000213e+00
-4.202473175355386559e+01 -5.263449233383070691e-01 4.740000000000000213e+00
-4.299728949211493756e+01 -2.631724614723182754e+00 4.759999999999999787e+00
-4.365134878990911460e+01 -3.684414461399811103e+00 4.780000000000000249e+00
-4.354328681911503907e+01 -5.817496517481707485e+00 4.780000000000000249e+00
-4.310535146311107013e+01 -6.870186364158335834e+00 4.799999999999999822e+00
-4.256504160833246431e+01 -8.975566057511585427e+00 4.830000000000000071e+00
-4.202473175355386559e+01 -1.108094574889646111e+01 4.830000000000000071e+00
-4.115454851396948044e+01 -1.321402780497835749e+01 4.849999999999999645e+00
-4.039811471719860947e+01 -1.531940749833160709e+01 4.849999999999999645e+00
-3.974405541940443243e+01 -1.637209734500822833e+01 4.870000000000000107e+00
-3.920374556482789075e+01 -1.847747703639310402e+01 4.889999999999999680e+00
-3.920374556482789075e+01 -2.061055909247500750e+01 4.929999999999999716e+00
-3.974405541940443243e+01 -2.271593878582825354e+01 4.910000000000000142e+00
-4.061423865919087461e+01 -2.271593878582825354e+01 4.910000000000000142e+00
-4.126261048476355597e+01 -2.271593878582825354e+01 4.950000000000000178e+00
-4.137067245575968855e+01 -2.376862863250487834e+01 4.950000000000000178e+00
-4.137067245575968855e+01 -2.482131847721312923e+01 4.950000000000000178e+00
-4.126261048476355597e+01 -2.692669817056637882e+01 4.959999999999999964e+00
-4.115454851396948044e+01 -2.905978022664827876e+01 4.980000000000000426e+00
-4.093842457197721529e+01 -3.011247007332490000e+01 4.980000000000000426e+00
-4.061423865919087461e+01 -3.221784976667814249e+01 4.910000000000000142e+00
-4.061423865919087461e+01 -3.327053961138639693e+01 4.950000000000000178e+00
-4.072230063018700719e+01 -3.435093182276004597e+01 4.959999999999999964e+00
-4.039811471719860947e+01 -3.435093182276004597e+01 4.959999999999999964e+00
-3.985211739040056500e+01 -3.435093182276004597e+01 4.950000000000000178e+00
-3.931180753562196628e+01 -3.540362166943667432e+01 4.950000000000000178e+00
-3.920374556482789075e+01 -3.435093182276004597e+01 4.950000000000000178e+00
-3.952793147761423143e+01 -3.327053961138639693e+01 4.959999999999999964e+00
-3.963599344861036400e+01 -3.221784976667814249e+01 4.929999999999999716e+00
-3.963599344861036400e+01 -3.116515992000152124e+01 4.889999999999999680e+00
-3.974405541940443243e+01 -3.011247007332490000e+01 4.910000000000000142e+00
-3.898762162283562560e+01 -2.800709038194002076e+01 4.950000000000000178e+00
-3.909568359383175817e+01 -2.905978022664827876e+01 4.929999999999999716e+00
-3.909568359383175817e+01 -3.011247007332490000e+01 4.910000000000000142e+00
-3.941986950661809885e+01 -3.116515992000152124e+01 4.910000000000000142e+00
-3.985211739040056500e+01 -3.327053961138639693e+01 4.950000000000000178e+00
-4.029005274640454104e+01 -3.435093182276004597e+01 4.980000000000000426e+00
-4.050617668819474204e+01 -3.540362166943667432e+01 5.000000000000000000e+00
-4.083036260098108272e+01 -3.540362166943667432e+01 4.980000000000000426e+00
-4.158679639775195369e+01 -3.750900136082154290e+01 5.019999999999999574e+00
-4.180860781176365748e+01 -3.961438105417479250e+01 5.019999999999999574e+00
-4.180860781176365748e+01 -4.174746311025669598e+01 5.000000000000000000e+00
-4.180860781176365748e+01 -4.385284280164157167e+01 5.040000000000000036e+00
-4.137067245575968855e+01 -4.595822249499481416e+01 5.059999999999999609e+00
-4.093842457197721529e+01 -4.595822249499481416e+01 5.019999999999999574e+00
-4.061423865919087461e+01 -4.595822249499481416e+01 5.019999999999999574e+00
-4.061423865919087461e+01 -4.701091234167144250e+01 5.019999999999999574e+00
-4.017630330318690568e+01 -4.701091234167144250e+01 5.040000000000000036e+00
-3.996017936139669757e+01 -4.595822249499481416e+01 4.959999999999999964e+00
-3.952793147761423143e+01 -4.595822249499481416e+01 4.959999999999999964e+00
-3.876581020882392181e+01 -4.490553264831819291e+01 4.959999999999999964e+00
-3.768519049926671016e+01 -4.385284280164157167e+01 4.959999999999999964e+00
-3.670694528868619955e+01 -4.385284280164157167e+01 4.910000000000000142e+00
-3.551257613611341668e+01 -4.280015295693331723e+01 4.929999999999999716e+00
-3.431820698354063381e+01 -4.280015295693331723e+01 4.849999999999999645e+00
-3.302146333219322116e+01 -4.174746311025669598e+01 4.830000000000000071e+00
-3.182709417962044540e+01 -4.174746311025669598e+01 4.799999999999999822e+00
-3.074078699804379511e+01 -4.174746311025669598e+01 4.780000000000000249e+00
-2.943835587447488678e+01 -4.174746311025669598e+01 4.740000000000000213e+00
-2.835204869289823648e+01 -4.066707089888304694e+01 4.740000000000000213e+00
-2.705530504155082028e+01 -4.066707089888304694e+01 4.700000000000000178e+00
-2.575287391798191194e+01 -4.066707089888304694e+01 4.660000000000000142e+00
-2.466656673640526520e+01 -3.961438105417479250e+01 4.650000000000000355e+00
-2.358025955482861491e+01 -3.961438105417479250e+01 4.629999999999999893e+00
-2.282382575825980453e+01 -3.856169120749817125e+01 4.610000000000000320e+00
-2.238589040225583204e+01 -3.856169120749817125e+01 4.589999999999999858e+00
-2.206170448946949847e+01 -3.961438105417479250e+01 4.570000000000000284e+00
-2.162945660568702522e+01 -4.066707089888304694e+01 4.570000000000000284e+00
-2.141333266369476007e+01 -3.961438105417479250e+01 4.509999999999999787e+00
-2.108914675090842294e+01 -3.961438105417479250e+01 4.530000000000000249e+00
-2.086733533689671560e+01 -3.856169120749817125e+01 4.549999999999999822e+00
-2.054314942411037848e+01 -3.856169120749817125e+01 4.549999999999999822e+00
-2.032702548211810978e+01 -4.066707089888304694e+01 4.530000000000000249e+00
-2.021896351132403780e+01 -4.280015295693331723e+01 4.530000000000000249e+00
-1.956490421332780372e+01 -4.385284280164157167e+01 4.509999999999999787e+00
-1.880847041675899334e+01 -4.385284280164157167e+01 4.509999999999999787e+00
-1.793828717697255115e+01 -4.490553264831819291e+01 4.500000000000000000e+00
-1.707379140940760820e+01 -4.385284280164157167e+01 4.500000000000000000e+00
-1.641973211161343471e+01 -4.280015295693331723e+01 4.480000000000000426e+00
-1.555523634404849176e+01 -4.066707089888304694e+01 4.459999999999999964e+00
-1.446892916247184147e+01 -4.066707089888304694e+01 4.379999999999999893e+00
-1.349068395189133085e+01 -3.961438105417479250e+01 4.349999999999999645e+00
-1.251812621333025533e+01 -3.856169120749817125e+01 4.379999999999999893e+00
-1.143181903175360503e+01 -3.856169120749817125e+01 4.330000000000000071e+00
-1.056163579196716285e+01 -3.856169120749817125e+01 4.309999999999999609e+00
-9.372954111615882766e+00 -3.961438105417479250e+01 4.290000000000000036e+00
-8.286646930039232473e+00 -3.961438105417479250e+01 4.230000000000000426e+00
-6.984215806470324139e+00 -3.961438105417479250e+01 4.209999999999999964e+00
-5.789846653897541273e+00 -3.961438105417479250e+01 4.200000000000000178e+00
-4.487415530328632940e+00 -3.961438105417479250e+01 4.160000000000000142e+00
-3.293046377755850074e+00 -3.961438105417479250e+01 4.139999999999999680e+00
-2.320488639396835140e+00 -3.961438105417479250e+01 4.099999999999999645e+00
-1.558367370606518421e+00 -3.856169120749817125e+01 4.059999999999999609e+00
-1.018057515827919701e+00 -3.856169120749817125e+01 4.049999999999999822e+00
-4.777476610493209819e-01 -3.856169120749817125e+01 4.009999999999999787e+00
-1.478742760414775148e-01 -3.750900136082154290e+01 4.049999999999999822e+00
1.763116367448560595e-01 -3.645631151414492166e+01 4.049999999999999822e+00
2.843736077409957375e-01 -3.540362166943667432e+01 4.059999999999999609e+00
7.166214915234547789e-01 -3.435093182276004597e+01 4.049999999999999822e+00
1.154556847325373781e+00 -3.435093182276004597e+01 4.049999999999999822e+00
5.004975495311896339e-01 -3.435093182276004597e+01 4.049999999999999822e+00
-2.559362470376171927e-01 -3.540362166943667432e+01 4.059999999999999609e+00
-8.019335738356545562e-01 -3.645631151414492166e+01 4.049999999999999822e+00
-1.126119486824059379e+00 -3.750900136082154290e+01 4.049999999999999822e+00
-1.126119486824059379e+00 -3.856169120749817125e+01 4.049999999999999822e+00
-1.234181457820184846e+00 -3.961438105417479250e+01 4.049999999999999822e+00
-8.019335738356545562e-01 -3.961438105417479250e+01 4.049999999999999822e+00
-4.777476610493209819e-01 -3.961438105417479250e+01 4.030000000000000249e+00
-3.981230524740908550e-02 -3.856169120749817125e+01 4.049999999999999822e+00
5.004975495311896339e-01 -3.750900136082154290e+01 4.049999999999999822e+00
1.154556847325373781e+00 -3.645631151414492166e+01 4.030000000000000249e+00
2.019052614890313180e+00 -3.435093182276004597e+01 4.049999999999999822e+00
2.997297825672895044e+00 -3.327053961138639693e+01 4.030000000000000249e+00
3.861793593237827338e+00 -3.221784976667814249e+01 4.009999999999999787e+00
4.840038803818352164e+00 -3.116515992000152124e+01 3.970000000000000195e+00
5.926345985394988247e+00 -3.116515992000152124e+01 3.930000000000000160e+00
7.012653167173702684e+00 -3.116515992000152124e+01 3.879999999999999893e+00
8.201334847524982763e+00 -3.116515992000152124e+01 3.859999999999999876e+00
9.287642029101625951e+00 -3.116515992000152124e+01 3.779999999999999805e+00
1.048201118167440882e+01 -3.116515992000152124e+01 3.709999999999999964e+00
1.189250427603739979e+01 -3.116515992000152124e+01 3.689999999999999947e+00
1.297881145761404298e+01 -3.116515992000152124e+01 3.649999999999999911e+00
1.427555510896146274e+01 -3.116515992000152124e+01 3.609999999999999876e+00
1.536186229074016296e+01 -3.011247007332490000e+01 3.600000000000000089e+00
1.655623144331294583e+01 -3.011247007332490000e+01 3.560000000000000053e+00
1.764253862488958902e+01 -2.905978022664827876e+01 3.540000000000000036e+00
1.872315833424473652e+01 -2.905978022664827876e+01 3.479999999999999982e+00
2.002558945781365196e+01 -2.800709038194002076e+01 3.459999999999999964e+00
2.111189663939029515e+01 -2.692669817056637882e+01 3.450000000000000178e+00
2.219820382096695255e+01 -2.587400832388975402e+01 3.410000000000000142e+00
2.328451100254359574e+01 -2.587400832388975402e+01 3.390000000000000124e+00
2.436513071210080739e+01 -2.482131847721312923e+01 3.330000000000000071e+00
2.555949986467358315e+01 -2.482131847721312923e+01 3.299999999999999822e+00
2.664580704625022634e+01 -2.482131847721312923e+01 3.259999999999999787e+00
2.773211422782686952e+01 -2.482131847721312923e+01 3.240000000000000213e+00
2.902885787917428217e+01 -2.482131847721312923e+01 3.180000000000000160e+00
3.011516506075093957e+01 -2.376862863250487834e+01 3.160000000000000142e+00
3.120147224252964691e+01 -2.376862863250487834e+01 3.109999999999999876e+00
3.228777942410629009e+01 -2.271593878582825354e+01 3.069999999999999840e+00
3.326033716266736917e+01 -2.271593878582825354e+01 3.049999999999999822e+00
3.434664434424401236e+01 -2.166324893915162875e+01 2.979999999999999982e+00
3.532488955482452297e+01 -2.061055909247500750e+01 2.939999999999999947e+00
3.640550926438174884e+01 -2.061055909247500750e+01 2.939999999999999947e+00
3.727569250396611267e+01 -1.953016688306973236e+01 2.939999999999999947e+00
3.825393771474870164e+01 -1.953016688306973236e+01 2.899999999999999911e+00
3.922649545310771657e+01 -1.953016688306973236e+01 2.790000000000000036e+00
4.042086460568049233e+01 -1.847747703639310402e+01 2.729999999999999982e+00
4.129104784546692031e+01 -1.847747703639310402e+01 2.729999999999999982e+00
4.204748164203574845e+01 -1.847747703639310402e+01 2.750000000000000000e+00
4.259347896903584285e+01 -1.847747703639310402e+01 2.729999999999999982e+00
4.302572685281830900e+01 -1.847747703639310402e+01 2.709999999999999964e+00
4.345797473660078936e+01 -1.847747703639310402e+01 2.709999999999999964e+00
4.378216064938713714e+01 -1.953016688306973236e+01 2.709999999999999964e+00
4.389591009240270125e+01 -2.061055909247500750e+01 2.709999999999999964e+00
4.411203403439496640e+01 -1.953016688306973236e+01 2.700000000000000178e+00
4.378216064938713714e+01 -1.953016688306973236e+01 2.709999999999999964e+00
4.378216064938713714e+01 -1.847747703639310402e+01 2.709999999999999964e+00
4.356603670739485779e+01 -1.742478718971648277e+01 2.750000000000000000e+00
4.345797473660078936e+01 -1.637209734500822833e+01 2.750000000000000000e+00
4.291766488182219064e+01 -1.531940749833160709e+01 2.729999999999999982e+00
4.259347896903584285e+01 -1.531940749833160709e+01 2.729999999999999982e+00
4.215554361303186681e+01 -1.531940749833160709e+01 2.750000000000000000e+00
4.172329572924940067e+01 -1.637209734500822833e+01 2.729999999999999982e+00
4.161523375825326809e+01 -1.742478718971648277e+01 2.729999999999999982e+00
4.161523375825326809e+01 -1.847747703639310402e+01 2.729999999999999982e+00
4.204748164203574845e+01 -1.847747703639310402e+01 2.750000000000000000e+00
4.237166755502414617e+01 -2.061055909247500750e+01 2.770000000000000018e+00
4.280960291082605806e+01 -2.061055909247500750e+01 2.750000000000000000e+00
4.324185079460852421e+01 -2.061055909247500750e+01 2.709999999999999964e+00
4.367409867839099036e+01 -2.061055909247500750e+01 2.700000000000000178e+00
4.411203403439496640e+01 -1.953016688306973236e+01 2.680000000000000160e+00
4.432815797618516740e+01 -1.847747703639310402e+01 2.680000000000000160e+00
4.432815797618516740e+01 -1.742478718971648277e+01 2.680000000000000160e+00
4.465234388917356512e+01 -1.742478718971648277e+01 2.680000000000000160e+00
4.454428191817743254e+01 -1.637209734500822833e+01 2.680000000000000160e+00
4.422009600539109897e+01 -1.637209734500822833e+01 2.680000000000000160e+00
4.367409867839099036e+01 -1.637209734500822833e+01 2.729999999999999982e+00
4.313378882361239164e+01 -1.637209734500822833e+01 2.709999999999999964e+00
4.270154093982991128e+01 -1.637209734500822833e+01 2.709999999999999964e+00
4.226360558402799938e+01 -1.531940749833160709e+01 2.709999999999999964e+00
4.193941967124166581e+01 -1.637209734500822833e+01 2.729999999999999982e+00
4.193941967124166581e+01 -1.531940749833160709e+01 2.729999999999999982e+00
4.237166755502414617e+01 -1.742478718971648277e+01 2.750000000000000000e+00
4.280960291082605806e+01 -1.953016688306973236e+01 2.709999999999999964e+00
4.324185079460852421e+01 -2.166324893915162875e+01 2.680000000000000160e+00
4.356603670739485779e+01 -2.271593878582825354e+01 2.700000000000000178e+00
4.378216064938713714e+01 -2.376862863250487834e+01 2.709999999999999964e+00
4.389591009240270125e+01 -2.482131847721312923e+01 2.729999999999999982e+00
4.378216064938713714e+01 -2.271593878582825354e+01 2.709999999999999964e+00
4.356603670739485779e+01 -2.166324893915162875e+01 2.700000000000000178e+00
4.280960291082605806e+01 -1.847747703639310402e+01 2.729999999999999982e+00
4.183135770024553324e+01 -1.742478718971648277e+01 2.750000000000000000e+00
4.085311248946295848e+01 -1.637209734500822833e+01 2.750000000000000000e+00
4.009667869289415876e+01 -1.531940749833160709e+01 2.729999999999999982e+00
3.977249278010781097e+01 -1.426671765165497874e+01 2.709999999999999964e+00
3.977249278010781097e+01 -1.321402780497835749e+01 2.700000000000000178e+00
4.009667869289415876e+01 -1.321402780497835749e+01 2.709999999999999964e+00
4.074505051866889005e+01 -1.321402780497835749e+01 2.700000000000000178e+00
4.193941967124166581e+01 -1.321402780497835749e+01 2.640000000000000124e+00
4.280960291082605806e+01 -1.426671765165497874e+01 2.580000000000000071e+00
4.400397206339881961e+01 -1.426671765165497874e+01 2.549999999999999822e+00
4.486846783096376612e+01 -1.531940749833160709e+01 2.560000000000000053e+00
4.541446515796388894e+01 -1.531940749833160709e+01 2.549999999999999822e+00
4.552252712875795737e+01 -1.637209734500822833e+01 2.560000000000000053e+00
4.541446515796388894e+01 -1.742478718971648277e+01 2.580000000000000071e+00
4.497652980195989869e+01 -1.847747703639310402e+01 2.640000000000000124e+00
4.411203403439496640e+01 -1.953016688306973236e+01 2.640000000000000124e+00
4.334991276560465678e+01 -1.953016688306973236e+01 2.680000000000000160e+00
4.259347896903584285e+01 -1.953016688306973236e+01 2.729999999999999982e+00
4.193941967124166581e+01 -1.953016688306973236e+01 2.750000000000000000e+00
4.139910981646306709e+01 -1.953016688306973236e+01 2.750000000000000000e+00
4.118298587447080195e+01 -1.847747703639310402e+01 2.729999999999999982e+00
4.129104784546692031e+01 -1.742478718971648277e+01 2.709999999999999964e+00
4.139910981646306709e+01 -1.637209734500822833e+01 2.709999999999999964e+00
4.172329572924940067e+01 -1.637209734500822833e+01 2.700000000000000178e+00
4.193941967124166581e+01 -1.531940749833160709e+01 2.680000000000000160e+00
4.150717178745919966e+01 -1.321402780497835749e+01 2.709999999999999964e+00
4.107492390367671931e+01 -1.108094574889646111e+01 2.709999999999999964e+00
4.052892657667662490e+01 -1.108094574889646111e+01 2.700000000000000178e+00
3.977249278010781097e+01 -1.108094574889646111e+01 2.709999999999999964e+00
3.901037151131750136e+01 -1.108094574889646111e+01 2.750000000000000000e+00
3.857812362753502100e+01 -1.321402780497835749e+01 2.750000000000000000e+00
3.814587574375255485e+01 -1.531940749833160709e+01 2.810000000000000053e+00
3.749181644595839202e+01 -1.531940749833160709e+01 2.859999999999999876e+00
3.684344462018366073e+01 -1.531940749833160709e+01 2.859999999999999876e+00
3.586519940960312169e+01 -1.531940749833160709e+01 2.859999999999999876e+00
3.499501616981669372e+01 -1.426671765165497874e+01 2.939999999999999947e+00
3.423858237324787979e+01 -1.321402780497835749e+01 2.939999999999999947e+00
3.347646110445757017e+01 -1.108094574889646111e+01 2.979999999999999982e+00
3.282808927888490302e+01 -8.975566057511585427e+00 3.000000000000000000e+00
3.184984406810232827e+01 -8.975566057511585427e+00 2.979999999999999982e+00
3.087728632954124919e+01 -8.975566057511585427e+00 3.029999999999999805e+00
2.989904111896073857e+01 -8.975566057511585427e+00 3.089999999999999858e+00
2.881273393738408117e+01 -8.975566057511585427e+00 3.089999999999999858e+00
2.816436211160934988e+01 -8.975566057511585427e+00 3.129999999999999893e+00
2.740224084281904027e+01 -8.975566057511585427e+00 3.149999999999999911e+00
2.642968310446002533e+01 -8.975566057511585427e+00 3.200000000000000178e+00
2.545143789367745057e+01 -8.975566057511585427e+00 3.220000000000000195e+00
2.480306606810478343e+01 -7.922876210834957078e+00 3.259999999999999787e+00
2.404094479931445960e+01 -6.870186364158335834e+00 3.299999999999999822e+00
2.339257297353972831e+01 -6.870186364158335834e+00 3.310000000000000053e+00
2.263045170474941870e+01 -7.922876210834957078e+00 3.330000000000000071e+00
2.198207987917673734e+01 -8.975566057511585427e+00 3.330000000000000071e+00
2.111189663939029515e+01 -1.002825590221983276e+01 3.390000000000000124e+00
2.035546284282149543e+01 -1.108094574889646111e+01 3.430000000000000160e+00
1.948527960303505324e+01 -1.108094574889646111e+01 3.410000000000000142e+00
1.872315833424473652e+01 -1.002825590221983276e+01 3.450000000000000178e+00
1.796672453767592970e+01 -7.922876210834957078e+00 3.450000000000000178e+00
1.720460326888562719e+01 -6.870186364158335834e+00 3.459999999999999964e+00
1.655623144331294583e+01 -5.817496517481707485e+00 3.500000000000000000e+00
1.590785961753820743e+01 -6.870186364158335834e+00 3.479999999999999982e+00
1.557798623253036396e+01 -6.870186364158335834e+00 3.479999999999999982e+00
1.525380031974403039e+01 -7.922876210834957078e+00 3.500000000000000000e+00
1.416749313816738010e+01 -7.922876210834957078e+00 3.500000000000000000e+00
1.373524525438491395e+01 -7.922876210834957078e+00 3.580000000000000071e+00
1.330299737060244070e+01 -5.817496517481707485e+00 3.600000000000000089e+00
1.286506201459847176e+01 -5.817496517481707485e+00 3.600000000000000089e+00
1.319493539960630812e+01 -5.817496517481707485e+00 3.609999999999999876e+00
1.351912131239264880e+01 -4.737104308076432346e+00 3.580000000000000071e+00
1.384330722517898948e+01 -4.737104308076432346e+00 3.540000000000000036e+00
1.395136919617511495e+01 -3.684414461399811103e+00 3.450000000000000178e+00
1.384330722517898948e+01 -4.737104308076432346e+00 3.430000000000000160e+00
1.416749313816738010e+01 -4.737104308076432346e+00 3.299999999999999822e+00
1.460542849396929199e+01 -5.817496517481707485e+00 3.299999999999999822e+00
1.492961440695768971e+01 -5.817496517481707485e+00 3.350000000000000089e+00
1.503767637775176524e+01 -6.870186364158335834e+00 3.459999999999999964e+00
1.482155243596156424e+01 -7.922876210834957078e+00 3.410000000000000142e+00
1.405943116717125463e+01 -7.922876210834957078e+00 3.500000000000000000e+00
1.373524525438491395e+01 -8.975566057511585427e+00 3.500000000000000000e+00
1.330299737060244070e+01 -7.922876210834957078e+00 3.560000000000000053e+00
1.297881145761404298e+01 -7.922876210834957078e+00 3.580000000000000071e+00
1.308687342861017555e+01 -6.870186364158335834e+00 3.580000000000000071e+00
1.341105934139651623e+01 -6.870186364158335834e+00 3.520000000000000018e+00
1.373524525438491395e+01 -6.870186364158335834e+00 3.459999999999999964e+00
1.405943116717125463e+01 -7.922876210834957078e+00 3.540000000000000036e+00
1.427555510896146274e+01 -1.002825590221983276e+01 3.540000000000000036e+00
1.471349046496542456e+01 -1.108094574889646111e+01 3.540000000000000036e+00
1.503767637775176524e+01 -1.213363559557308236e+01 3.560000000000000053e+00
1.514573834874789782e+01 -1.321402780497835749e+01 3.560000000000000053e+00
1.557798623253036396e+01 -1.321402780497835749e+01 3.520000000000000018e+00
1.579411017452263621e+01 -1.213363559557308236e+01 3.520000000000000018e+00
1.601592158853434000e+01 -1.002825590221983276e+01 3.520000000000000018e+00
1.590785961753820743e+01 -8.975566057511585427e+00 3.500000000000000000e+00
1.579411017452263621e+01 -7.922876210834957078e+00 3.459999999999999964e+00
1.536186229074016296e+01 -6.870186364158335834e+00 3.450000000000000178e+00
1.503767637775176524e+01 -5.817496517481707485e+00 3.450000000000000178e+00
1.492961440695768971e+01 -4.737104308076432346e+00 3.370000000000000107e+00
1.460542849396929199e+01 -3.684414461399811103e+00 3.459999999999999964e+00
1.427555510896146274e+01 -2.631724614723182754e+00 3.520000000000000018e+00
1.460542849396929199e+01 -2.631724614723182754e+00 3.430000000000000160e+00
1.438930455217909099e+01 -3.684414461399811103e+00 3.370000000000000107e+00
1.438930455217909099e+01 -4.737104308076432346e+00 3.430000000000000160e+00
1.438930455217909099e+01 -6.870186364158335834e+00 3.410000000000000142e+00
1.460542849396929199e+01 -7.922876210834957078e+00 3.479999999999999982e+00
1.482155243596156424e+01 -1.002825590221983276e+01 3.500000000000000000e+00
1.503767637775176524e+01 -1.108094574889646111e+01 3.520000000000000018e+00
1.503767637775176524e+01 -1.321402780497835749e+01 3.500000000000000000e+00
1.525380031974403039e+01 -1.426671765165497874e+01 3.540000000000000036e+00
1.492961440695768971e+01 -1.213363559557308236e+01 3.520000000000000018e+00
1.482155243596156424e+01 -1.108094574889646111e+01 3.479999999999999982e+00
1.460542849396929199e+01 -8.975566057511585427e+00 3.459999999999999964e+00
1.427555510896146274e+01 -7.922876210834957078e+00 3.520000000000000018e+00
1.427555510896146274e+01 -5.817496517481707485e+00 3.350000000000000089e+00
1.405943116717125463e+01 -4.737104308076432346e+00 3.430000000000000160e+00
1.405943116717125463e+01 -3.684414461399811103e+00 3.479999999999999982e+00
1.373524525438491395e+01 -3.684414461399811103e+00 3.459999999999999964e+00
1.373524525438491395e+01 -2.631724614723182754e+00 3.410000000000000142e+00
1.427555510896146274e+01 -4.737104308076432346e+00 3.479999999999999982e+00
1.492961440695768971e+01 -6.870186364158335834e+00 3.459999999999999964e+00
1.568604820352650364e+01 -7.922876210834957078e+00 3.430000000000000160e+00
1.623204553032454811e+01 -1.002825590221983276e+01 3.410000000000000142e+00
1.677235538510315394e+01 -1.108094574889646111e+01 3.450000000000000178e+00
1.709654129788948751e+01 -1.108094574889646111e+01 3.459999999999999964e+00
1.579411017452263621e+01 -1.108094574889646111e+01 3.500000000000000000e+00
1.482155243596156424e+01 -1.108094574889646111e+01 3.479999999999999982e+00
1.405943116717125463e+01 -8.975566057511585427e+00 3.450000000000000178e+00
1.351912131239264880e+01 -7.922876210834957078e+00 3.500000000000000000e+00
1.308687342861017555e+01 -5.817496517481707485e+00 3.540000000000000036e+00
1.275700004360233919e+01 -4.737104308076432346e+00 3.459999999999999964e+00
1.275700004360233919e+01 -3.684414461399811103e+00 3.330000000000000071e+00
1.275700004360233919e+01 -2.631724614723182754e+00 3.350000000000000089e+00
1.286506201459847176e+01 -4.737104308076432346e+00 3.500000000000000000e+00
1.319493539960630812e+01 -6.870186364158335834e+00 3.520000000000000018e+00
1.330299737060244070e+01 -8.975566057511585427e+00 3.560000000000000053e+00
1.351912131239264880e+01 -1.108094574889646111e+01 3.520000000000000018e+00
1.395136919617511495e+01 -1.213363559557308236e+01 3.520000000000000018e+00
1.427555510896146274e+01 -1.213363559557308236e+01 3.500000000000000000e+00
1.460542849396929199e+01 -1.213363559557308236e+01 3.520000000000000018e+00
1.449736652317521646e+01 -1.108094574889646111e+01 3.540000000000000036e+00
1.482155243596156424e+01 -8.975566057511585427e+00 3.520000000000000018e+00
1.492961440695768971e+01 -7.922876210834957078e+00 3.459999999999999964e+00
1.503767637775176524e+01 -6.870186364158335834e+00 3.459999999999999964e+00
