-2.914623602400948421e+00 9.009872726309542390e-02 3.253707547752117080e+01
-4.810714817565305168e+00 -4.285342359927615807e-02 3.511909450462167115e+01
-7.485537522577628167e+00 -1.625661733313405258e-02 3.623116406256488631e+01
-1.001732391328838823e+01 -3.170067117568996923e-02 3.547543192919370370e+01
-1.252814940028170732e+01 1.802077314771857383e-02 3.152624114538052780e+01
-1.372453219677792546e+01 -6.203088246346588619e-02 3.023755555211534940e+01
-1.980866381430460521e+01 -9.782037006790696848e-03 3.017335099515694452e+01
-2.058136492274822160e+01 -6.980760390577354924e-02 2.964970233620063311e+01
-2.086553707025519344e+01 1.153174985274078690e+00 2.442311532534699126e+01
-2.189386869342411046e+01 3.429898454688114384e+00 2.043311349196776305e+01
-2.313385361373142146e+01 7.241003858167228024e+00 1.798928729418315697e+01
-2.338103103369664026e+01 8.431864417749087792e+00 1.715063551243271789e+01
-2.356298544601436973e+01 1.213022724614774539e+01 1.605655715017962493e+01
-2.371661137871818070e+01 1.387768460042896201e+01 1.616086376356374643e+01
-2.367157907690385343e+01 1.586704790641572060e+01 1.907059769835559493e+01
-2.367510605436035931e+01 1.835683002058945590e+01 2.281434053255704342e+01
-2.353270401326232175e+01 2.018222333265518031e+01 2.589922329793141387e+01
-2.265820358672835866e+01 2.063233820790916795e+01 2.672890065817513516e+01
-1.918793221047486952e+01 2.206187045244276845e+01 2.791205409535225712e+01
-1.711468017704553546e+01 2.299600351912534535e+01 2.928501783582764162e+01
-1.660864940770664333e+01 2.312426701696265141e+01 2.692807485029248582e+01
-1.288675460864778977e+01 2.327951173551436881e+01 2.605102317705123127e+01
-9.211838269022630143e+00 2.344342989232987406e+01 2.104032727138502068e+01
-9.134012348946939142e+00 2.162739105811373719e+01 2.492673746486404340e+01
-9.042142419988284274e+00 1.795836608393640788e+01 2.602744315891635907e+01
-9.154544941585569973e+00 1.402589232185063217e+01 2.832895897200684843e+01
-9.192011995104053312e+00 1.242181872894219907e+01 2.838683996021524436e+01
-7.571541160078856691e+00 1.221062719038677180e+01 3.238157640219421296e+01
-2.207478987133441706e+00 1.130955915633177433e+01 2.643999331007074360e+01
-1.518948733044034105e+00 1.119919662367705016e+01 2.473644945633339276e+01
8.115563035179969020e-01 9.934795653896147272e+00 1.896612063422428918e+01
3.115180330665958675e+00 8.810281138798913503e+00 1.714527935490336219e+01
4.983578443389927060e+00 7.745428092256103625e+00 1.664913206988403971e+01
5.156860483785504101e+00 9.240932103379435603e+00 1.634860296611620356e+01
5.532856116265532087e+00 1.293349827899453786e+01 5.247285969302662778e+00
5.734964631556385584e+00 1.545291134733034788e+01 4.988826652273618656e+00
5.988085828190492954e+00 1.827892424674144323e+01 7.641186179370433429e+00
6.482741852347486677e+00 2.161918345644907902e+01 8.593660171111887180e+00
5.829704729415922770e+00 2.181310970267378835e+01 9.162400107394553572e+00
2.353216391145923847e+00 2.240930758627755637e+01 1.078319522651749196e+01
-1.876112771070409246e-01 2.277596554746152435e+01 7.871568146077957628e+00
-1.400426796669141938e+00 2.297574655136616428e+01 6.994804721716625373e+00
-4.798506502822084130e+00 2.313114592090495236e+01 1.607573503369773604e+01
-7.345444435653723403e+00 2.318091190350860842e+01 2.061907873667979985e+01
-1.107184039584502777e+01 2.340627622852004919e+01 2.575971661734904927e+01
-1.364126142429241284e+01 2.355180557587706147e+01 2.715162395150221641e+01
-1.781682028122507688e+01 2.375607822053956752e+01 2.835396541695888217e+01
-2.040613236211520842e+01 2.387345297923224408e+01 2.612253511004439943e+01
-2.127975797639641087e+01 2.395916269345257632e+01 2.619299703555036629e+01
-2.096917612694029032e+01 2.326295196997187276e+01 2.670979546251492565e+01
-2.021241453480672234e+01 2.093781477317842388e+01 2.635836551491814106e+01
-1.930538265822453781e+01 1.858397513150848468e+01 2.288199627354376275e+01
-1.866548845287498892e+01 1.634884382901482169e+01 2.177890243541364867e+01
-1.817121491656213905e+01 1.521078760049313772e+01 2.176229633912550554e+01
-1.862614415738785922e+01 1.376101946295176504e+01 2.178662499873709280e+01
-2.003197814377462649e+01 1.026865132304152262e+01 1.979295257095044036e+01
-2.133820617007236464e+01 6.871130470602893503e+00 2.085914954100300278e+01
-2.222169597979079114e+01 4.613534174721821479e+00 2.098730756066191816e+01
-2.327273171951072328e+01 2.009092490655425944e+00 2.159500638063645184e+01
-2.331117799357355835e+01 8.387784058719623959e-01 2.441330711497209549e+01
-2.342790465218845597e+01 -2.738453284953391353e+00 2.495004594274452714e+01
-2.371055311728091652e+01 -5.996876375871234899e+00 2.497753144772111966e+01
-2.362345406554825189e+01 -6.906280384428738373e+00 2.683572949815259179e+01
-2.364828066920021854e+01 -9.206270524474955863e+00 3.106065156373652059e+01
-2.376896073526999942e+01 -1.308759350890023399e+01 3.115975848827726935e+01
-2.364342408440589693e+01 -1.399295972706274149e+01 3.128452107794418424e+01
-2.370300497478762836e+01 -1.609173639132523093e+01 3.197049939075118274e+01
-2.368810762430151229e+01 -1.997042445034668035e+01 3.039841117822496841e+01
-2.366802465388125398e+01 -2.119961440398466479e+01 2.923437222787337220e+01
-2.313987832771623587e+01 -1.890527912648789055e+01 3.258196009275608418e+01
-2.255756981156631369e+01 -1.642758312375645602e+01 3.421997209898093928e+01
-2.211392221673797920e+01 -1.411319044526681488e+01 3.550913289129498907e+01
-2.161141984911882119e+01 -1.212570391967958727e+01 3.617374728922141003e+01
-2.140498081181358714e+01 -1.452382347737720458e+01 3.810930972330195488e+01
-2.135409675000287422e+01 -1.692390852195084960e+01 3.829793994933690726e+01
-2.125589891786730234e+01 -1.962207853855868578e+01 3.807041757156780193e+01
-2.112209284552196209e+01 -2.018582744046760880e+01 3.795887369319257232e+01
-2.080815392289800414e+01 -1.966138434782362054e+01 3.953965269758948153e+01
-1.939099214136110660e+01 -1.771706302335643812e+01 4.382429570721023993e+01
-1.780369513047184071e+01 -1.564454124005255586e+01 4.512215709758181248e+01
-1.638945320400671690e+01 -1.368638770886722256e+01 4.456668320723369447e+01
-1.632031213182604290e+01 -1.618096716373495170e+01 4.625639201718971094e+01
-1.643101659297508021e+01 -1.883717025967893122e+01 4.189197107600887904e+01
-1.644255527989833254e+01 -2.174045603386582926e+01 3.749705078660662139e+01
-1.257771360170974440e+01 -2.249448621994481101e+01 2.992445261479560159e+01
-1.012261525508301929e+01 -2.318211025480859533e+01 2.853733056172756477e+01
-8.622120763428082313e+00 -2.342177280125206806e+01 2.863211020276762753e+01
