3.071289260925392561e+00 8.038070813304157292e-02 2.827380404858045537e+01
3.705774314271944814e+00 -6.998329090453923873e-02 2.823842152157363472e+01
6.215764374975530693e+00 4.926734187290221501e-02 3.103907391975782559e+01
8.636078847526302837e+00 3.712768910586825011e-02 2.729583286511804374e+01
1.113741735425917767e+01 -6.467526533801766508e-02 2.699502472237986339e+01
1.186544363339410957e+01 -2.141933739770532363e-02 1.860221241246729917e+01
1.551750648289755574e+01 4.350779557068101822e-01 1.216795211589816716e+01
1.912717586483434218e+01 8.636683944279683889e-01 4.763062029832019206e+00
1.981201490934889620e+01 2.054315183550341040e+00 1.226475670454368228e+00
2.076665222046746351e+01 4.263081936364787161e+00 6.691517108746911635e-01
2.216702986976071088e+01 7.774209850280329626e+00 1.142986184745219402e+00
2.233307234298843724e+01 8.256460141370070005e+00 1.146416992261436230e+00
2.250347424163659937e+01 8.660276125523482804e+00 1.574100922418269599e+00
2.248682130996357031e+01 1.116233281172594438e+01 4.666573862802503747e+00
2.254842026304336855e+01 1.366638783147402592e+01 6.529457958462439038e+00
2.269946029432252743e+01 1.580776959672491699e+01 6.465214583858161390e+00
2.119723261696400485e+01 1.788924319657522588e+01 8.096939375267575567e-02
1.969663628159096902e+01 1.973873792330727284e+01 1.615654532387328368e+00
1.814345208927719710e+01 2.197806361209976345e+01 2.128218626162901916e+00
1.794633788830154231e+01 2.237149930996901404e+01 2.046554270259847375e+00
1.589154462395515566e+01 2.227910044832598402e+01 3.837228170287723117e+00
1.213669111651633159e+01 2.214846705879191191e+01 6.274356347136336609e+00
1.008380678768238781e+01 2.194138629162700127e+01 6.978496740673628906e+00
9.669644642574715121e+00 2.122696500723898438e+01 7.025900711161860102e+00
8.315338203368110470e+00 1.907697621262881427e+01 5.445045533650457514e+00
6.497079581838502982e+00 1.641979662682434338e+01 3.994565623055690740e+00
6.852927021776761052e+00 1.597666743135443213e+01 4.647896104292635222e+00
8.213942154761470604e+00 1.400288915345184648e+01 8.436135985604128251e+00
1.051841813616531418e+01 1.092970850239762015e+01 1.508158544939809786e+01
1.188489305402291585e+01 8.811349632893019646e+00 1.171657651018374935e+01
1.346923416668279039e+01 6.624501563156901973e+00 9.384096674752933964e+00
1.497762735248450561e+01 4.508986700392541458e+00 6.415649377821405430e+00
1.639698087038239649e+01 2.718584587742828518e+00 8.172043708410939189e+00
1.797927581207121506e+01 5.936273174895793092e-01 6.245912876472589303e+00
1.947298836177307990e+01 -1.442243667971230714e+00 6.018513566593624908e+00
2.003492314171764477e+01 -2.315871441304105716e+00 5.845514825251203028e+00
2.103489762752736070e+01 -4.779503425749354051e+00 1.653403849631148148e+01
2.281201863119104800e+01 -8.738604606838679345e+00 1.693075311433273811e+01
2.291292349700909270e+01 -9.893056498391528564e+00 1.605242225082411878e+01
2.328656537832936380e+01 -1.375360059842477156e+01 1.546892046587406888e+01
2.342993235205287306e+01 -1.509195606195029882e+01 1.539631935711626554e+01
2.339424952956055748e+01 -1.669706241098415234e+01 1.661988909394628067e+01
2.358795053059208513e+01 -2.048601603697992601e+01 1.677398469528120373e+01
2.367215808436820623e+01 -2.173358547423921650e+01 1.680380045440167436e+01
1.975617833164736581e+01 -2.250786807533566858e+01 1.713391858195453921e+01
1.725326894483312401e+01 -2.304203064215985819e+01 1.680898911719016553e+01
1.590436947101535203e+01 -2.315810915797608871e+01 1.672266730379519473e+01
1.658264817689473603e+01 -1.834202681721447448e+01 1.987657808493246137e+01
1.699337498728665352e+01 -1.583627588431504840e+01 2.265472930570821930e+01
1.700498848863647794e+01 -1.501217026612000716e+01 2.265200631673828724e+01
1.641845039029306363e+01 -1.286933977714016741e+01 2.345038403360644708e+01
1.570798587304144789e+01 -1.027301041038607110e+01 3.131560353642201022e+01
1.492550073589714899e+01 -8.163556808741063264e+00 3.129052755106850370e+01
1.474333618739613350e+01 -8.646895759914949409e+00 2.762823149562697012e+01
1.376362116671203317e+01 -1.346644154126595261e+01 2.567639687415935512e+01
1.332592008574865439e+01 -1.578834385845204125e+01 2.399680153576790786e+01
1.316993672734814069e+01 -1.609729949585921460e+01 2.382763379489285782e+01
1.287873054361158154e+01 -1.656824118759054798e+01 2.339752508120564656e+01
1.151637448325492841e+01 -1.854081335461670221e+01 2.532952595988516364e+01
9.850376611806886729e+00 -2.052303452601469758e+01 2.320743507485613577e+01
8.682395627154619433e+00 -2.229807500706023049e+01 2.139808612386455877e+01
8.676225853655894937e+00 -2.037729558382133277e+01 2.710455353542072032e+01
8.635795814449988228e+00 -1.773437872973910601e+01 3.157840579579935181e+01
8.620366828910995594e+00 -1.519726974284192345e+01 3.255083817565832049e+01
8.714315969246515081e+00 -1.420617374393696863e+01 3.257751324361982626e+01
8.215554633958753072e+00 -1.364546127781249041e+01 3.390314883302833948e+01
4.362276225254023920e+00 -8.980153937829829403e+00 3.292372434795558434e+01
3.549280287419695146e+00 -7.869335384421845880e+00 3.508995440573005453e+01
-1.687158768814013721e+00 -6.145396346236613461e+00 3.287689215672955356e+01
-4.092556001803931309e+00 -5.320563388388681147e+00 3.433414226113621481e+01
-4.425803718219865956e+00 -5.618995713668561542e+00 3.858983071217745220e+01
-6.827563315322469961e+00 -6.504777854624109068e+00 4.153534018718120535e+01
-9.273404571779988004e+00 -7.261926202971305422e+00 4.263483213765974966e+01
-1.168423105371856252e+01 -8.260768552821836863e+00 4.413370501605965046e+01
-1.213711735205126452e+01 -1.064940817097089365e+01 4.521594795477450646e+01
-1.304229641765275538e+01 -1.436410376958534307e+01 4.369411517183685589e+01
-1.343647000961642668e+01 -1.608865816841072771e+01 4.380104287775045435e+01
-1.208972246296640485e+01 -1.666418333815291675e+01 4.099861834480477540e+01
-8.483314532790201312e+00 -1.836826501961792957e+01 3.619688956004766567e+01
-6.359707956947701746e+00 -1.920659623729946119e+01 2.924741668891946489e+01
-3.996068543393432204e+00 -2.040734492057237404e+01 2.138508414626799947e+01
-5.398837893206932526e-01 -2.188776121223792615e+01 2.037736053313268769e+01
1.639520508695096801e+00 -2.283476947952048874e+01 2.050608224551183056e+01
2.080052046864056869e+00 -2.304199530479244018e+01 2.048058271945299680e+01
